1	0.048111014778795966	98,86
10	0.17092306003995106	53,27,77,97,40
100	0.026878248668272736	69,55,31,17,6,66,15,87
11	0.15239797763817198	8,4
12	0.1898605343749913	18,33
13	0.11577006307006406	77,44,82,23,28
14	0.06702960879791599	47,29,35,34,8,22
15	0.13642484026590124	76
16	0.1444226861679999	79,24,88,3,76,59
17	0.05218624313334096	33,38,21,54,12,58,8
18	0.2275265240398159	19,53,84,26,70,8,90,59,75
19	0.07984384585399017	1,2,3,4,5,6,7,8,9,10,11,12,13,14,15,16,17,18,19,20,21,22,23,24,25,26,27,28,29,30,31,32,33,34,35,36,37,38,39,40,41,42,43,44,45,46,47,48,49,50,51,52,53,54,55,56,57,58,59,60,61,62,63,64,65,66,67,68,69,70,71,72,73,74,75,76,77,78,79,80,81,82,83,84,85,86,87,88,89,90,91,92,93,94,95,96,97,98,99,100
2	0.10442458939375104	54,4,57,34,36
20	0.13056344384741128	2,51,72,36,44
21	0.05943176231559594	78,47,11,83,80,25
22	0.15174700196615168	64,88,12
23	0.11185018497006559	92,8,54,4,89,66
24	0.11179134469183948	7,31,32,42,16,89,35
25	0.2024964626637621	8,75,39
26	0.22752876774233885	36,5
27	0.1286794042992733	74,5,32,41
28	0.10696804266006281	99,52,43
29	0.14147136201456817	91,18,8,34,37,38,80
3	0.19318513818123595	54,39,75,16,11,73,65
30	0.04835687244216624	1,2,3,4,5,6,7,8,9,10,11,12,13,14,15,16,17,18,19,20,21,22,23,24,25,26,27,28,29,30,31,32,33,34,35,36,37,38,39,40,41,42,43,44,45,46,47,48,49,50,51,52,53,54,55,56,57,58,59,60,61,62,63,64,65,66,67,68,69,70,71,72,73,74,75,76,77,78,79,80,81,82,83,84,85,86,87,88,89,90,91,92,93,94,95,96,97,98,99,100
31	0.10822286139055924	88,40,53,13,57,9,41,93
32	0.4160480006477894	71,8,95,48,55,94,81,34
33	0.154099874072148	93,44,42,43,31,17
34	0.29264831430127247	54,88,59,91,12
35	0.08036990546321046	21,65,25,54,56,11,73,4
36	0.1847394610046739	1,2,3,4,5,6,7,8,9,10,11,12,13,14,15,16,17,18,19,20,21,22,23,24,25,26,27,28,29,30,31,32,33,34,35,36,37,38,39,40,41,42,43,44,45,46,47,48,49,50,51,52,53,54,55,56,57,58,59,60,61,62,63,64,65,66,67,68,69,70,71,72,73,74,75,76,77,78,79,80,81,82,83,84,85,86,87,88,89,90,91,92,93,94,95,96,97,98,99,100
37	0.06347223322691811	27,26,54,32,36,8
38	0.08085409728871921	55,72,86,39,75
39	0.21473997363247985	50
4	0.19257216757292597	32
40	0.1391850488999289	75,84
41	0.2894475055531256	15,89,61
42	0.07242383728008257	4,93,76,86
43	0.11630798683573433	80,82
44	0.1727176073363221	64,98,50,16
45	0.07392919763264982	1,2,3,4,5,6,7,8,9,10,11,12,13,14,15,16,17,18,19,20,21,22,23,24,25,26,27,28,29,30,31,32,33,34,35,36,37,38,39,40,41,42,43,44,45,46,47,48,49,50,51,52,53,54,55,56,57,58,59,60,61,62,63,64,65,66,67,68,69,70,71,72,73,74,75,76,77,78,79,80,81,82,83,84,85,86,87,88,89,90,91,92,93,94,95,96,97,98,99,100
46	0.1329710206825305	30,20,25,59,91,11,62,67,26
47	0.11181328150524712	88
48	0.1748515839651225	41
49	0.34124474591328285	58,89,59,94,41,51,87,85,29
5	0.24722845183722156	27,20,87,49,25
50	0.2760243705426662	80,49,48,47,32
51	0.1626081526915174	54,84,82
52	0.05923477987109969	15,72,24,76
53	0.09276248490692046	8,23,9
54	0.2781834390143783	2,22,59,40,90,95,55,48,77
55	0.24274496107108398	80,91,20,65,66
56	0.046058691532420995	43,66,76,77,38,39,40,67,59
57	0.06559913588421223	1,2,3,4,5,6,7,8,9,10,11,12,13,14,15,16,17,18,19,20,21,22,23,24,25,26,27,28,29,30,31,32,33,34,35,36,37,38,39,40,41,42,43,44,45,46,47,48,49,50,51,52,53,54,55,56,57,58,59,60,61,62,63,64,65,66,67,68,69,70,71,72,73,74,75,76,77,78,79,80,81,82,83,84,85,86,87,88,89,90,91,92,93,94,95,96,97,98,99,100
58	0.2540062174456285	98,99,40,55,35,2,96,12,3
59	0.25408248398652067	3,26
6	0.1121382757353759	74,71,40,56,98,79,22,48,78
60	0.04278241133722452	77,15,96,61,59,25,4,35
61	0.1305905764065908	1,2,3,4,5,6,7,8,9,10,11,12,13,14,15,16,17,18,19,20,21,22,23,24,25,26,27,28,29,30,31,32,33,34,35,36,37,38,39,40,41,42,43,44,45,46,47,48,49,50,51,52,53,54,55,56,57,58,59,60,61,62,63,64,65,66,67,68,69,70,71,72,73,74,75,76,77,78,79,80,81,82,83,84,85,86,87,88,89,90,91,92,93,94,95,96,97,98,99,100
62	0.06616044883438839	73,31,37,62,61,24
63	0.055434509599039984	68
64	0.19006829616447368	39,79,28,31,99,98,93,55
65	0.15403451738627072	1,2,3,4,5,6,7,8,9,10,11,12,13,14,15,16,17,18,19,20,21,22,23,24,25,26,27,28,29,30,31,32,33,34,35,36,37,38,39,40,41,42,43,44,45,46,47,48,49,50,51,52,53,54,55,56,57,58,59,60,61,62,63,64,65,66,67,68,69,70,71,72,73,74,75,76,77,78,79,80,81,82,83,84,85,86,87,88,89,90,91,92,93,94,95,96,97,98,99,100
66	0.09461279097541717	1,2,3,4,5,6,7,8,9,10,11,12,13,14,15,16,17,18,19,20,21,22,23,24,25,26,27,28,29,30,31,32,33,34,35,36,37,38,39,40,41,42,43,44,45,46,47,48,49,50,51,52,53,54,55,56,57,58,59,60,61,62,63,64,65,66,67,68,69,70,71,72,73,74,75,76,77,78,79,80,81,82,83,84,85,86,87,88,89,90,91,92,93,94,95,96,97,98,99,100
67	0.04364269797051985	75,60,99,28,54,26
68	0.09519687168986563	34,31,69,1,80,29,43,60
69	0.07672475738982774	58
7	0.09175477087734361	8,92,97
70	0.07215397604562819	94
71	0.08572560049453472	64,18,43,80
72	0.16436907921414892	81,13,58
73	0.07919773522834911	91,64
74	0.0881305170255005	89
75	0.2227972293827759	45,44,28,41,70,24,83,78,84
76	0.23384210690016413	1,2,3,4,5,6,7,8,9,10,11,12,13,14,15,16,17,18,19,20,21,22,23,24,25,26,27,28,29,30,31,32,33,34,35,36,37,38,39,40,41,42,43,44,45,46,47,48,49,50,51,52,53,54,55,56,57,58,59,60,61,62,63,64,65,66,67,68,69,70,71,72,73,74,75,76,77,78,79,80,81,82,83,84,85,86,87,88,89,90,91,92,93,94,95,96,97,98,99,100
77	0.2196574738305344	87,11,54,77,69,63,58
78	0.06842399806676099	50,93,58,87,57,42,11
79	0.08087262264071417	38,51,58,30,96,69,11,82
8	0.3677116478712768	25,51,9,32,72
80	0.24498688211991887	44,76,92,45,46,59,97,96,94
81	0.13680085112931148	32,46,93,23,5
82	0.18373778915408764	46,6,89
83	0.07563554855420165	10
84	0.20296160624088838	1,2,3,4,5,6,7,8,9,10,11,12,13,14,15,16,17,18,19,20,21,22,23,24,25,26,27,28,29,30,31,32,33,34,35,36,37,38,39,40,41,42,43,44,45,46,47,48,49,50,51,52,53,54,55,56,57,58,59,60,61,62,63,64,65,66,67,68,69,70,71,72,73,74,75,76,77,78,79,80,81,82,83,84,85,86,87,88,89,90,91,92,93,94,95,96,97,98,99,100
85	0.07962979449221337	86,22
86	0.14166281222253227	21,65,24,58,68,83,7
87	0.2301811841675291	44,9,19,26,4,65,12
88	0.2652485432247327	1,2,3,4,5,6,7,8,9,10,11,12,13,14,15,16,17,18,19,20,21,22,23,24,25,26,27,28,29,30,31,32,33,34,35,36,37,38,39,40,41,42,43,44,45,46,47,48,49,50,51,52,53,54,55,56,57,58,59,60,61,62,63,64,65,66,67,68,69,70,71,72,73,74,75,76,77,78,79,80,81,82,83,84,85,86,87,88,89,90,91,92,93,94,95,96,97,98,99,100
89	0.3213917268024989	10,77,18,55
9	0.17468783410745475	13,34,87,86,97,6
90	0.0779545609361603	11,82,14
91	0.19355299456822844	39,29,5
92	0.09585297804725332	9,28,94,34,37,54,48,25,73
93	0.13318529545279031	34
94	0.2321434860515544	49
95	0.12014951830874185	72,98,22,87,85,8
96	0.09009614308728671	99,97,23,1,80,81,32
97	0.17011960724003777	62,38,33,59,14,95,7,16,25
98	0.16456378915257727	22,16,97,64,74,87,94
99	0.1239405577192757	47,84,7,54,33,87,27
