1	0.02614787292751289	98,86
10	0.0736158195174949	53,27,77,97,40
100	0.01796440603986474	69,55,31,17,6,66,15,87
11	0.06423414063424096	8,4
12	0.0764710490541818	18,33
13	0.04990266699484954	77,44,82,23,28
14	0.03280511032382827	47,29,35,34,8,22
15	0.056986277225788175	76
16	0.059310801726255	79,24,88,3,76,59
17	0.0271434802344807	33,38,21,54,12,58,8
18	0.08936517592621704	19,53,84,26,70,8,90,59,75
19	0.03550199787762168	1,2,3,4,5,6,7,8,9,10,11,12,13,14,15,16,17,18,19,20,21,22,23,24,25,26,27,28,29,30,31,32,33,34,35,36,37,38,39,40,41,42,43,44,45,46,47,48,49,50,51,52,53,54,55,56,57,58,59,60,61,62,63,64,65,66,67,68,69,70,71,72,73,74,75,76,77,78,79,80,81,82,83,84,85,86,87,88,89,90,91,92,93,94,95,96,97,98,99,100
2	0.04479244319859092	54,4,57,34,36
20	0.053062572350638576	2,51,72,36,44
21	0.030604017249282585	78,47,11,83,80,25
22	0.06402348546734236	64,88,12
23	0.04967366909754005	92,8,54,4,89,66
24	0.04989189463047097	7,31,32,42,16,89,35
25	0.08096261125029136	8,75,39
26	0.08788667220477799	36,5
27	0.05463097219604796	74,5,32,41
28	0.04710852457389174	99,52,43
29	0.0588983442663994	91,18,8,34,37,38,80
3	0.07540651104182498	54,39,75,16,11,73,65
30	0.02541629536680734	1,2,3,4,5,6,7,8,9,10,11,12,13,14,15,16,17,18,19,20,21,22,23,24,25,26,27,28,29,30,31,32,33,34,35,36,37,38,39,40,41,42,43,44,45,46,47,48,49,50,51,52,53,54,55,56,57,58,59,60,61,62,63,64,65,66,67,68,69,70,71,72,73,74,75,76,77,78,79,80,81,82,83,84,85,86,87,88,89,90,91,92,93,94,95,96,97,98,99,100
31	0.04880858371624093	88,40,53,13,57,9,41,93
32	0.1605176582752852	71,8,95,48,55,94,81,34
33	0.06392503585107345	93,44,42,43,31,17
34	0.1174528131757821	54,88,59,91,12
35	0.03805517180300416	21,65,25,54,56,11,73,4
36	0.07325830003189152	1,2,3,4,5,6,7,8,9,10,11,12,13,14,15,16,17,18,19,20,21,22,23,24,25,26,27,28,29,30,31,32,33,34,35,36,37,38,39,40,41,42,43,44,45,46,47,48,49,50,51,52,53,54,55,56,57,58,59,60,61,62,63,64,65,66,67,68,69,70,71,72,73,74,75,76,77,78,79,80,81,82,83,84,85,86,87,88,89,90,91,92,93,94,95,96,97,98,99,100
37	0.03128156984498703	27,26,54,32,36,8
38	0.03771047699021646	55,72,86,39,75
39	0.08526550717516022	50
4	0.08019653027602842	32
40	0.05880636384719816	75,84
41	0.11003073551569434	15,89,61
42	0.0345698927639271	4,93,76,86
43	0.05213013684438102	80,82
44	0.06898636582343617	64,98,50,16
45	0.03392387761794618	1,2,3,4,5,6,7,8,9,10,11,12,13,14,15,16,17,18,19,20,21,22,23,24,25,26,27,28,29,30,31,32,33,34,35,36,37,38,39,40,41,42,43,44,45,46,47,48,49,50,51,52,53,54,55,56,57,58,59,60,61,62,63,64,65,66,67,68,69,70,71,72,73,74,75,76,77,78,79,80,81,82,83,84,85,86,87,88,89,90,91,92,93,94,95,96,97,98,99,100
46	0.05626163474756393	30,20,25,59,91,11,62,67,26
47	0.04853083247188913	88
48	0.06865526087271548	41
49	0.12890305828690873	58,89,59,94,41,51,87,85,29
5	0.09563124826916818	27,20,87,49,25
50	0.1065910206518129	80,49,48,47,32
51	0.06456214805365486	54,84,82
52	0.030350312049353373	15,72,24,76
53	0.04160511350556533	8,23,9
54	0.1102291901118602	2,22,59,40,90,95,55,48,77
55	0.09427738280723538	80,91,20,65,66
56	0.024873500711703175	43,66,76,77,38,39,40,67,59
57	0.032256165289543726	1,2,3,4,5,6,7,8,9,10,11,12,13,14,15,16,17,18,19,20,21,22,23,24,25,26,27,28,29,30,31,32,33,34,35,36,37,38,39,40,41,42,43,44,45,46,47,48,49,50,51,52,53,54,55,56,57,58,59,60,61,62,63,64,65,66,67,68,69,70,71,72,73,74,75,76,77,78,79,80,81,82,83,84,85,86,87,88,89,90,91,92,93,94,95,96,97,98,99,100
58	0.10478955258532308	98,99,40,55,35,2,96,12,3
59	0.09798303827342326	3,26
6	0.049250424806693165	74,71,40,56,98,79,22,48,78
60	0.024595141043531582	77,15,96,61,59,25,4,35
61	0.05378855698272545	1,2,3,4,5,6,7,8,9,10,11,12,13,14,15,16,17,18,19,20,21,22,23,24,25,26,27,28,29,30,31,32,33,34,35,36,37,38,39,40,41,42,43,44,45,46,47,48,49,50,51,52,53,54,55,56,57,58,59,60,61,62,63,64,65,66,67,68,69,70,71,72,73,74,75,76,77,78,79,80,81,82,83,84,85,86,87,88,89,90,91,92,93,94,95,96,97,98,99,100
62	0.03201489224689187	73,31,37,62,61,24
63	0.02758342455138702	68
64	0.07918463038739293	39,79,28,31,99,98,93,55
65	0.06219851467544209	1,2,3,4,5,6,7,8,9,10,11,12,13,14,15,16,17,18,19,20,21,22,23,24,25,26,27,28,29,30,31,32,33,34,35,36,37,38,39,40,41,42,43,44,45,46,47,48,49,50,51,52,53,54,55,56,57,58,59,60,61,62,63,64,65,66,67,68,69,70,71,72,73,74,75,76,77,78,79,80,81,82,83,84,85,86,87,88,89,90,91,92,93,94,95,96,97,98,99,100
66	0.04216160996504011	1,2,3,4,5,6,7,8,9,10,11,12,13,14,15,16,17,18,19,20,21,22,23,24,25,26,27,28,29,30,31,32,33,34,35,36,37,38,39,40,41,42,43,44,45,46,47,48,49,50,51,52,53,54,55,56,57,58,59,60,61,62,63,64,65,66,67,68,69,70,71,72,73,74,75,76,77,78,79,80,81,82,83,84,85,86,87,88,89,90,91,92,93,94,95,96,97,98,99,100
67	0.023841470449510724	75,60,99,28,54,26
68	0.047424885529523716	34,31,69,1,80,29,43,60
69	0.036291577918042855	58
7	0.041987314489932516	8,92,97
70	0.03303518798971512	94
71	0.03788517886681051	64,18,43,80
72	0.06780385626773032	81,13,58
73	0.03670451003176048	91,64
74	0.04017191207664844	89
75	0.08911490498493443	45,44,28,41,70,24,83,78,84
76	0.09611206703960959	1,2,3,4,5,6,7,8,9,10,11,12,13,14,15,16,17,18,19,20,21,22,23,24,25,26,27,28,29,30,31,32,33,34,35,36,37,38,39,40,41,42,43,44,45,46,47,48,49,50,51,52,53,54,55,56,57,58,59,60,61,62,63,64,65,66,67,68,69,70,71,72,73,74,75,76,77,78,79,80,81,82,83,84,85,86,87,88,89,90,91,92,93,94,95,96,97,98,99,100
77	0.08713377071931519	87,11,54,77,69,63,58
78	0.0328678508048736	50,93,58,87,57,42,11
79	0.03693161680900791	38,51,58,30,96,69,11,82
8	0.14472830801286096	25,51,9,32,72
80	0.0987748169700585	44,76,92,45,46,59,97,96,94
81	0.056660871957663575	32,46,93,23,5
82	0.07706840691970326	46,6,89
83	0.03601665379782705	10
84	0.08101777976236711	1,2,3,4,5,6,7,8,9,10,11,12,13,14,15,16,17,18,19,20,21,22,23,24,25,26,27,28,29,30,31,32,33,34,35,36,37,38,39,40,41,42,43,44,45,46,47,48,49,50,51,52,53,54,55,56,57,58,59,60,61,62,63,64,65,66,67,68,69,70,71,72,73,74,75,76,77,78,79,80,81,82,83,84,85,86,87,88,89,90,91,92,93,94,95,96,97,98,99,100
85	0.03538404171529121	86,22
86	0.0642371557109035	21,65,24,58,68,83,7
87	0.08962643488565523	44,9,19,26,4,65,12
88	0.10723460242834848	1,2,3,4,5,6,7,8,9,10,11,12,13,14,15,16,17,18,19,20,21,22,23,24,25,26,27,28,29,30,31,32,33,34,35,36,37,38,39,40,41,42,43,44,45,46,47,48,49,50,51,52,53,54,55,56,57,58,59,60,61,62,63,64,65,66,67,68,69,70,71,72,73,74,75,76,77,78,79,80,81,82,83,84,85,86,87,88,89,90,91,92,93,94,95,96,97,98,99,100
89	0.12622514275293792	10,77,18,55
9	0.07087886896379843	13,34,87,86,97,6
90	0.0350293204808345	11,82,14
91	0.07834718154222771	39,29,5
92	0.04372671080346146	9,28,94,34,37,54,48,25,73
93	0.057422709494317645	34
94	0.093012434433679	49
95	0.04963143935219124	72,98,22,87,85,8
96	0.04060220718504307	99,97,23,1,80,81,32
97	0.07095607855037891	62,38,33,59,14,95,7,16,25
98	0.0695630216042428	22,16,97,64,74,87,94
99	0.05425340729520736	47,84,7,54,33,87,27
