1	0.028802194105448646	98,86
10	0.08537934428882486	53,27,77,97,40
100	0.019041338831173142	69,55,31,17,6,66,15,87
11	0.07489239162570818	8,4
12	0.09018305599635401	18,33
13	0.05786323767516017	77,44,82,23,28
14	0.036943663965192844	47,29,35,34,8,22
15	0.06657732068190458	76
16	0.06960017259227219	79,24,88,3,76,59
17	0.030171873404167642	33,38,21,54,12,58,8
18	0.10606587846998441	19,53,84,26,70,8,90,59,75
19	0.04086183553155673	1,2,3,4,5,6,7,8,9,10,11,12,13,14,15,16,17,18,19,20,21,22,23,24,25,26,27,28,29,30,31,32,33,34,35,36,37,38,39,40,41,42,43,44,45,46,47,48,49,50,51,52,53,54,55,56,57,58,59,60,61,62,63,64,65,66,67,68,69,70,71,72,73,74,75,76,77,78,79,80,81,82,83,84,85,86,87,88,89,90,91,92,93,94,95,96,97,98,99,100
2	0.052003399290981085	54,4,57,34,36
20	0.062426606211496045	2,51,72,36,44
21	0.03409008357135864	78,47,11,83,80,25
22	0.07462835963771508	64,88,12
23	0.057196226985856025	92,8,54,4,89,66
24	0.05737734259271966	7,31,32,42,16,89,35
25	0.09565641587335863	8,75,39
26	0.10476266585412114	36,5
27	0.06357903232460849	74,5,32,41
28	0.05434804082510185	99,52,43
29	0.0688817834789237	91,18,8,34,37,38,80
3	0.08964152670063733	54,39,75,16,11,73,65
30	0.028187979150978315	1,2,3,4,5,6,7,8,9,10,11,12,13,14,15,16,17,18,19,20,21,22,23,24,25,26,27,28,29,30,31,32,33,34,35,36,37,38,39,40,41,42,43,44,45,46,47,48,49,50,51,52,53,54,55,56,57,58,59,60,61,62,63,64,65,66,67,68,69,70,71,72,73,74,75,76,77,78,79,80,81,82,83,84,85,86,87,88,89,90,91,92,93,94,95,96,97,98,99,100
31	0.05599228358690198	88,40,53,13,57,9,41,93
32	0.19141850245183	71,8,95,48,55,94,81,34
33	0.0748260966754771	93,44,42,43,31,17
34	0.13862888721869052	54,88,59,91,12
35	0.043170977415093854	21,65,25,54,56,11,73,4
36	0.08673675495701641	1,2,3,4,5,6,7,8,9,10,11,12,13,14,15,16,17,18,19,20,21,22,23,24,25,26,27,28,29,30,31,32,33,34,35,36,37,38,39,40,41,42,43,44,45,46,47,48,49,50,51,52,53,54,55,56,57,58,59,60,61,62,63,64,65,66,67,68,69,70,71,72,73,74,75,76,77,78,79,80,81,82,83,84,85,86,87,88,89,90,91,92,93,94,95,96,97,98,99,100
37	0.035172729777207985	27,26,54,32,36,8
38	0.04292685565282672	55,72,86,39,75
39	0.10092002816866914	50
4	0.09378435876796144	32
40	0.06852448215907081	75,84
41	0.1317273529525327	15,89,61
42	0.03914713311264657	4,93,76,86
43	0.0598901854056276	80,82
44	0.08153223437162742	64,98,50,16
45	0.03876070956284861	1,2,3,4,5,6,7,8,9,10,11,12,13,14,15,16,17,18,19,20,21,22,23,24,25,26,27,28,29,30,31,32,33,34,35,36,37,38,39,40,41,42,43,44,45,46,47,48,49,50,51,52,53,54,55,56,57,58,59,60,61,62,63,64,65,66,67,68,69,70,71,72,73,74,75,76,77,78,79,80,81,82,83,84,85,86,87,88,89,90,91,92,93,94,95,96,97,98,99,100
46	0.06553826558402118	30,20,25,59,91,11,62,67,26
47	0.05617841300069515	88
48	0.08149223363373474	41
49	0.15456753936134396	58,89,59,94,41,51,87,85,29
5	0.1139633766764384	27,20,87,49,25
50	0.127073056146568	80,49,48,47,32
51	0.07641986244292441	54,84,82
52	0.033840416534027876	15,72,24,76
53	0.04778834694400259	8,23,9
54	0.1305351222613192	2,22,59,40,90,95,55,48,77
55	0.11222707932364435	80,91,20,65,66
56	0.02743464028446831	43,66,76,77,38,39,40,67,59
57	0.0362873657971727	1,2,3,4,5,6,7,8,9,10,11,12,13,14,15,16,17,18,19,20,21,22,23,24,25,26,27,28,29,30,31,32,33,34,35,36,37,38,39,40,41,42,43,44,45,46,47,48,49,50,51,52,53,54,55,56,57,58,59,60,61,62,63,64,65,66,67,68,69,70,71,72,73,74,75,76,77,78,79,80,81,82,83,84,85,86,87,88,89,90,91,92,93,94,95,96,97,98,99,100
58	0.12283456699766182	98,99,40,55,35,2,96,12,3
59	0.11685941175133702	3,26
6	0.05685300392905186	74,71,40,56,98,79,22,48,78
60	0.026793242364215323	77,15,96,61,59,25,4,35
61	0.06306039681843299	1,2,3,4,5,6,7,8,9,10,11,12,13,14,15,16,17,18,19,20,21,22,23,24,25,26,27,28,29,30,31,32,33,34,35,36,37,38,39,40,41,42,43,44,45,46,47,48,49,50,51,52,53,54,55,56,57,58,59,60,61,62,63,64,65,66,67,68,69,70,71,72,73,74,75,76,77,78,79,80,81,82,83,84,85,86,87,88,89,90,91,92,93,94,95,96,97,98,99,100
62	0.03614252812282126	73,31,37,62,61,24
63	0.03094915611251866	68
64	0.09258907772934044	39,79,28,31,99,98,93,55
65	0.07330273778851311	1,2,3,4,5,6,7,8,9,10,11,12,13,14,15,16,17,18,19,20,21,22,23,24,25,26,27,28,29,30,31,32,33,34,35,36,37,38,39,40,41,42,43,44,45,46,47,48,49,50,51,52,53,54,55,56,57,58,59,60,61,62,63,64,65,66,67,68,69,70,71,72,73,74,75,76,77,78,79,80,81,82,83,84,85,86,87,88,89,90,91,92,93,94,95,96,97,98,99,100
66	0.04850142888275374	1,2,3,4,5,6,7,8,9,10,11,12,13,14,15,16,17,18,19,20,21,22,23,24,25,26,27,28,29,30,31,32,33,34,35,36,37,38,39,40,41,42,43,44,45,46,47,48,49,50,51,52,53,54,55,56,57,58,59,60,61,62,63,64,65,66,67,68,69,70,71,72,73,74,75,76,77,78,79,80,81,82,83,84,85,86,87,88,89,90,91,92,93,94,95,96,97,98,99,100
67	0.026233710937395384	75,60,99,28,54,26
68	0.05320458049635349	34,31,69,1,80,29,43,60
69	0.04117840217283863	58
7	0.0480061252116454	8,92,97
70	0.03776387838518551	94
71	0.043669447929754995	64,18,43,80
72	0.07948304603351017	81,13,58
73	0.04184251372183619	91,64
74	0.04597161213084539	89
75	0.10528002174636295	45,44,28,41,70,24,83,78,84
76	0.11276012197152051	1,2,3,4,5,6,7,8,9,10,11,12,13,14,15,16,17,18,19,20,21,22,23,24,25,26,27,28,29,30,31,32,33,34,35,36,37,38,39,40,41,42,43,44,45,46,47,48,49,50,51,52,53,54,55,56,57,58,59,60,61,62,63,64,65,66,67,68,69,70,71,72,73,74,75,76,77,78,79,80,81,82,83,84,85,86,87,88,89,90,91,92,93,94,95,96,97,98,99,100
77	0.10315536380407535	87,11,54,77,69,63,58
78	0.037166649737935216	50,93,58,87,57,42,11
79	0.04224373190997588	38,51,58,30,96,69,11,82
8	0.1716900627662684	25,51,9,32,72
80	0.1164487927921605	44,76,92,45,46,59,97,96,94
81	0.06634839936987434	32,46,93,23,5
82	0.08996365763140954	46,6,89
83	0.040807751969424017	10
84	0.09576157156896975	1,2,3,4,5,6,7,8,9,10,11,12,13,14,15,16,17,18,19,20,21,22,23,24,25,26,27,28,29,30,31,32,33,34,35,36,37,38,39,40,41,42,43,44,45,46,47,48,49,50,51,52,53,54,55,56,57,58,59,60,61,62,63,64,65,66,67,68,69,70,71,72,73,74,75,76,77,78,79,80,81,82,83,84,85,86,87,88,89,90,91,92,93,94,95,96,97,98,99,100
85	0.04073388021920681	86,22
86	0.07359636671964992	21,65,24,58,68,83,7
87	0.10661733256323934	44,9,19,26,4,65,12
88	0.12634214755928622	1,2,3,4,5,6,7,8,9,10,11,12,13,14,15,16,17,18,19,20,21,22,23,24,25,26,27,28,29,30,31,32,33,34,35,36,37,38,39,40,41,42,43,44,45,46,47,48,49,50,51,52,53,54,55,56,57,58,59,60,61,62,63,64,65,66,67,68,69,70,71,72,73,74,75,76,77,78,79,80,81,82,83,84,85,86,87,88,89,90,91,92,93,94,95,96,97,98,99,100
89	0.14980711486089143	10,77,18,55
9	0.08343454684320475	13,34,87,86,97,6
90	0.040218101488239344	11,82,14
91	0.09227521315541759	39,29,5
92	0.05002744803410038	9,28,94,34,37,54,48,25,73
93	0.06658593456573508	34
94	0.10983714991401754	49
95	0.058159219171111526	72,98,22,87,85,8
96	0.046586693759336086	99,97,23,1,80,81,32
97	0.0829443213123751	62,38,33,59,14,95,7,16,25
98	0.0810501672460521	22,16,97,64,74,87,94
99	0.06267770291016549	47,84,7,54,33,87,27
