1	0.02615104871525358	98,86
10	0.07362989409691226	53,27,77,97,40
100	0.017965694546273843	69,55,31,17,6,66,15,87
11	0.06424689279924405	8,4
12	0.07648745491329516	18,33
13	0.04991219149534888	77,44,82,23,28
14	0.03281006193519724	47,29,35,34,8,22
15	0.05699775252045025	76
16	0.05932311254115091	79,24,88,3,76,59
17	0.027147103583790202	33,38,21,54,12,58,8
18	0.08938515763876018	19,53,84,26,70,8,90,59,75
19	0.03550841070577742	1,2,3,4,5,6,7,8,9,10,11,12,13,14,15,16,17,18,19,20,21,22,23,24,25,26,27,28,29,30,31,32,33,34,35,36,37,38,39,40,41,42,43,44,45,46,47,48,49,50,51,52,53,54,55,56,57,58,59,60,61,62,63,64,65,66,67,68,69,70,71,72,73,74,75,76,77,78,79,80,81,82,83,84,85,86,87,88,89,90,91,92,93,94,95,96,97,98,99,100
2	0.044801070814806075	54,4,57,34,36
20	0.05307377603768477	2,51,72,36,44
21	0.03060818818613601	78,47,11,83,80,25
22	0.06403617376891772	64,88,12
23	0.049682669532002045	92,8,54,4,89,66
24	0.0499008506649577	7,31,32,42,16,89,35
25	0.08098019179119112	8,75,39
26	0.08790686364692392	36,5
27	0.054641678187516626	74,5,32,41
28	0.047117186360812885	99,52,43
29	0.05891028904682543	91,18,8,34,37,38,80
3	0.0754235426608913	54,39,75,16,11,73,65
30	0.02541961157411891	1,2,3,4,5,6,7,8,9,10,11,12,13,14,15,16,17,18,19,20,21,22,23,24,25,26,27,28,29,30,31,32,33,34,35,36,37,38,39,40,41,42,43,44,45,46,47,48,49,50,51,52,53,54,55,56,57,58,59,60,61,62,63,64,65,66,67,68,69,70,71,72,73,74,75,76,77,78,79,80,81,82,83,84,85,86,87,88,89,90,91,92,93,94,95,96,97,98,99,100
31	0.04881717872151808	88,40,53,13,57,9,41,93
32	0.16055462988043007	71,8,95,48,55,94,81,34
33	0.063938078528669	93,44,42,43,31,17
34	0.11747814949058691	54,88,59,91,12
35	0.03806129265695799	21,65,25,54,56,11,73,4
36	0.07327442645581561	1,2,3,4,5,6,7,8,9,10,11,12,13,14,15,16,17,18,19,20,21,22,23,24,25,26,27,28,29,30,31,32,33,34,35,36,37,38,39,40,41,42,43,44,45,46,47,48,49,50,51,52,53,54,55,56,57,58,59,60,61,62,63,64,65,66,67,68,69,70,71,72,73,74,75,76,77,78,79,80,81,82,83,84,85,86,87,88,89,90,91,92,93,94,95,96,97,98,99,100
37	0.03128622545972548	27,26,54,32,36,8
38	0.0377167181754312	55,72,86,39,75
39	0.0852842371745254	50
4	0.0802127875617331	32
40	0.0588179911816689	75,84
41	0.11005669463682984	15,89,61
42	0.03457536924607932	4,93,76,86
43	0.052139421427566016	80,82
44	0.06900137644520557	64,98,50,16
45	0.03392966469114313	1,2,3,4,5,6,7,8,9,10,11,12,13,14,15,16,17,18,19,20,21,22,23,24,25,26,27,28,29,30,31,32,33,34,35,36,37,38,39,40,41,42,43,44,45,46,47,48,49,50,51,52,53,54,55,56,57,58,59,60,61,62,63,64,65,66,67,68,69,70,71,72,73,74,75,76,77,78,79,80,81,82,83,84,85,86,87,88,89,90,91,92,93,94,95,96,97,98,99,100
46	0.056272733859431594	30,20,25,59,91,11,62,67,26
47	0.048539982491780286	88
48	0.06867061978989496	41
49	0.1289337647969168	58,89,59,94,41,51,87,85,29
5	0.09565318191607067	27,20,87,49,25
50	0.10661552657567532	80,49,48,47,32
51	0.06457633532739787	54,84,82
52	0.03035448781806952	15,72,24,76
53	0.04161251149380012	8,23,9
54	0.11025348533561387	2,22,59,40,90,95,55,48,77
55	0.09429885889025852	80,91,20,65,66
56	0.024876565011250715	43,66,76,77,38,39,40,67,59
57	0.032260988457501256	1,2,3,4,5,6,7,8,9,10,11,12,13,14,15,16,17,18,19,20,21,22,23,24,25,26,27,28,29,30,31,32,33,34,35,36,37,38,39,40,41,42,43,44,45,46,47,48,49,50,51,52,53,54,55,56,57,58,59,60,61,62,63,64,65,66,67,68,69,70,71,72,73,74,75,76,77,78,79,80,81,82,83,84,85,86,87,88,89,90,91,92,93,94,95,96,97,98,99,100
58	0.10481114271314065	98,99,40,55,35,2,96,12,3
59	0.09800562308759071	3,26
6	0.049259520984241	74,71,40,56,98,79,22,48,78
60	0.024597770982685917	77,15,96,61,59,25,4,35
61	0.05379965036337836	1,2,3,4,5,6,7,8,9,10,11,12,13,14,15,16,17,18,19,20,21,22,23,24,25,26,27,28,29,30,31,32,33,34,35,36,37,38,39,40,41,42,43,44,45,46,47,48,49,50,51,52,53,54,55,56,57,58,59,60,61,62,63,64,65,66,67,68,69,70,71,72,73,74,75,76,77,78,79,80,81,82,83,84,85,86,87,88,89,90,91,92,93,94,95,96,97,98,99,100
62	0.03201983079571794	73,31,37,62,61,24
63	0.027587451512851496	68
64	0.07920066826513729	39,79,28,31,99,98,93,55
65	0.06221180042747235	1,2,3,4,5,6,7,8,9,10,11,12,13,14,15,16,17,18,19,20,21,22,23,24,25,26,27,28,29,30,31,32,33,34,35,36,37,38,39,40,41,42,43,44,45,46,47,48,49,50,51,52,53,54,55,56,57,58,59,60,61,62,63,64,65,66,67,68,69,70,71,72,73,74,75,76,77,78,79,80,81,82,83,84,85,86,87,88,89,90,91,92,93,94,95,96,97,98,99,100
66	0.04216919530149282	1,2,3,4,5,6,7,8,9,10,11,12,13,14,15,16,17,18,19,20,21,22,23,24,25,26,27,28,29,30,31,32,33,34,35,36,37,38,39,40,41,42,43,44,45,46,47,48,49,50,51,52,53,54,55,56,57,58,59,60,61,62,63,64,65,66,67,68,69,70,71,72,73,74,75,76,77,78,79,80,81,82,83,84,85,86,87,88,89,90,91,92,93,94,95,96,97,98,99,100
67	0.0238443326682993	75,60,99,28,54,26
68	0.04743180069976745	34,31,69,1,80,29,43,60
69	0.036297424805339436	58
7	0.041994515752509724	8,92,97
70	0.03304084567598155	94
71	0.03789209951025692	64,18,43,80
72	0.06781782994377486	81,13,58
73	0.03671065744447749	91,64
74	0.04017885118213324	89
75	0.08913424589110713	45,44,28,41,70,24,83,78,84
76	0.09613198576082113	1,2,3,4,5,6,7,8,9,10,11,12,13,14,15,16,17,18,19,20,21,22,23,24,25,26,27,28,29,30,31,32,33,34,35,36,37,38,39,40,41,42,43,44,45,46,47,48,49,50,51,52,53,54,55,56,57,58,59,60,61,62,63,64,65,66,67,68,69,70,71,72,73,74,75,76,77,78,79,80,81,82,83,84,85,86,87,88,89,90,91,92,93,94,95,96,97,98,99,100
77	0.08715293990470277	87,11,54,77,69,63,58
78	0.0328729941433939	50,93,58,87,57,42,11
79	0.03693797253901192	38,51,58,30,96,69,11,82
8	0.14476056665900508	25,51,9,32,72
80	0.09879596316497635	44,76,92,45,46,59,97,96,94
81	0.05667246269178174	32,46,93,23,5
82	0.07708383556396878	46,6,89
83	0.036022386152323296	10
84	0.08103542011112241	1,2,3,4,5,6,7,8,9,10,11,12,13,14,15,16,17,18,19,20,21,22,23,24,25,26,27,28,29,30,31,32,33,34,35,36,37,38,39,40,41,42,43,44,45,46,47,48,49,50,51,52,53,54,55,56,57,58,59,60,61,62,63,64,65,66,67,68,69,70,71,72,73,74,75,76,77,78,79,80,81,82,83,84,85,86,87,88,89,90,91,92,93,94,95,96,97,98,99,100
85	0.03539044257992102	86,22
86	0.06424835362749463	21,65,24,58,68,83,7
87	0.08964676380590372	44,9,19,26,4,65,12
88	0.10725746382961045	1,2,3,4,5,6,7,8,9,10,11,12,13,14,15,16,17,18,19,20,21,22,23,24,25,26,27,28,29,30,31,32,33,34,35,36,37,38,39,40,41,42,43,44,45,46,47,48,49,50,51,52,53,54,55,56,57,58,59,60,61,62,63,64,65,66,67,68,69,70,71,72,73,74,75,76,77,78,79,80,81,82,83,84,85,86,87,88,89,90,91,92,93,94,95,96,97,98,99,100
89	0.12625335762698595	10,77,18,55
9	0.07089389132229297	13,34,87,86,97,6
90	0.03503552864683214	11,82,14
91	0.0783638458664166	39,29,5
92	0.04373424938035306	9,28,94,34,37,54,48,25,73
93	0.057433672920711144	34
94	0.09303256452312503	49
95	0.04964164249484341	72,98,22,87,85,8
96	0.040609367380400906	99,97,23,1,80,81,32
97	0.07097042199702483	62,38,33,59,14,95,7,16,25
98	0.06957676550794306	22,16,97,64,74,87,94
99	0.05426348662324827	47,84,7,54,33,87,27
