1	0.02732549038513001	98,86
10	0.07883483027380607	53,27,77,97,40
100	0.018442198563983294	69,55,31,17,6,66,15,87
11	0.06896278540992859	8,4
12	0.08255452428163709	18,33
13	0.05343445784091786	77,44,82,23,28
14	0.03464122295291966	47,29,35,34,8,22
15	0.06124144426302269	76
16	0.06387578896929785	79,24,88,3,76,59
17	0.028487058501771845	33,38,21,54,12,58,8
18	0.09677461742715657	19,53,84,26,70,8,90,59,75
19	0.03787994596267005	1,2,3,4,5,6,7,8,9,10,11,12,13,14,15,16,17,18,19,20,21,22,23,24,25,26,27,28,29,30,31,32,33,34,35,36,37,38,39,40,41,42,43,44,45,46,47,48,49,50,51,52,53,54,55,56,57,58,59,60,61,62,63,64,65,66,67,68,69,70,71,72,73,74,75,76,77,78,79,80,81,82,83,84,85,86,87,88,89,90,91,92,93,94,95,96,97,98,99,100
2	0.04799165935634623	54,4,57,34,36
20	0.057217024267639305	2,51,72,36,44
21	0.032150647076750735	78,47,11,83,80,25
22	0.068728448974759	64,88,12
23	0.05301113040551536	92,8,54,4,89,66
24	0.05321289194039594	7,31,32,42,16,89,35
25	0.08748167157398484	8,75,39
26	0.0953738837890831	36,5
27	0.05860087305174447	74,5,32,41
28	0.05032041160728559	99,52,43
29	0.06332760185199507	91,18,8,34,37,38,80
3	0.0817220250452079	54,39,75,16,11,73,65
30	0.026645981964556576	1,2,3,4,5,6,7,8,9,10,11,12,13,14,15,16,17,18,19,20,21,22,23,24,25,26,27,28,29,30,31,32,33,34,35,36,37,38,39,40,41,42,43,44,45,46,47,48,49,50,51,52,53,54,55,56,57,58,59,60,61,62,63,64,65,66,67,68,69,70,71,72,73,74,75,76,77,78,79,80,81,82,83,84,85,86,87,88,89,90,91,92,93,94,95,96,97,98,99,100
31	0.05199570737539487	88,40,53,13,57,9,41,93
32	0.17422714112193627	71,8,95,48,55,94,81,34
33	0.06876140593729552	93,44,42,43,31,17
34	0.1268478008377955	54,88,59,91,12
35	0.04032485260613925	21,65,25,54,56,11,73,4
36	0.07923815757746482	1,2,3,4,5,6,7,8,9,10,11,12,13,14,15,16,17,18,19,20,21,22,23,24,25,26,27,28,29,30,31,32,33,34,35,36,37,38,39,40,41,42,43,44,45,46,47,48,49,50,51,52,53,54,55,56,57,58,59,60,61,62,63,64,65,66,67,68,69,70,71,72,73,74,75,76,77,78,79,80,81,82,83,84,85,86,87,88,89,90,91,92,93,94,95,96,97,98,99,100
37	0.033007923628618346	27,26,54,32,36,8
38	0.04002477796239132	55,72,86,39,75
39	0.09221079949076368	50
4	0.0862249128406127	32
40	0.06311790894236748	75,84
41	0.11965666667953048	15,89,61
42	0.03660063332411973	4,93,76,86
43	0.055572963673309134	80,82
44	0.07455247150756229	64,98,50,16
45	0.036069788799125944	1,2,3,4,5,6,7,8,9,10,11,12,13,14,15,16,17,18,19,20,21,22,23,24,25,26,27,28,29,30,31,32,33,34,35,36,37,38,39,40,41,42,43,44,45,46,47,48,49,50,51,52,53,54,55,56,57,58,59,60,61,62,63,64,65,66,67,68,69,70,71,72,73,74,75,76,77,78,79,80,81,82,83,84,85,86,87,88,89,90,91,92,93,94,95,96,97,98,99,100
46	0.06037730901268123	30,20,25,59,91,11,62,67,26
47	0.051923761728642825	88
48	0.07435051837998859	41
49	0.14028937412004908	58,89,59,94,41,51,87,85,29
5	0.10376448875288151	27,20,87,49,25
50	0.11567809009943257	80,49,48,47,32
51	0.06982294712411116	54,84,82
52	0.03189873358907055	15,72,24,76
53	0.04434836992325659	8,23,9
54	0.11923812960147853	2,22,59,40,90,95,55,48,77
55	0.10224095351845165	80,91,20,65,66
56	0.026009777103502395	43,66,76,77,38,39,40,67,59
57	0.034044649674930615	1,2,3,4,5,6,7,8,9,10,11,12,13,14,15,16,17,18,19,20,21,22,23,24,25,26,27,28,29,30,31,32,33,34,35,36,37,38,39,40,41,42,43,44,45,46,47,48,49,50,51,52,53,54,55,56,57,58,59,60,61,62,63,64,65,66,67,68,69,70,71,72,73,74,75,76,77,78,79,80,81,82,83,84,85,86,87,88,89,90,91,92,93,94,95,96,97,98,99,100
58	0.11279541237974436	98,99,40,55,35,2,96,12,3
59	0.10635773883389138	3,26
6	0.05262338872872292	74,71,40,56,98,79,22,48,78
60	0.02557035176744786	77,15,96,61,59,25,4,35
61	0.05790210605486779	1,2,3,4,5,6,7,8,9,10,11,12,13,14,15,16,17,18,19,20,21,22,23,24,25,26,27,28,29,30,31,32,33,34,35,36,37,38,39,40,41,42,43,44,45,46,47,48,49,50,51,52,53,54,55,56,57,58,59,60,61,62,63,64,65,66,67,68,69,70,71,72,73,74,75,76,77,78,79,80,81,82,83,84,85,86,87,88,89,90,91,92,93,94,95,96,97,98,99,100
62	0.03384616114066096	73,31,37,62,61,24
63	0.02907666670425632	68
64	0.0851316540399043	39,79,28,31,99,98,93,55
65	0.06712501946016464	1,2,3,4,5,6,7,8,9,10,11,12,13,14,15,16,17,18,19,20,21,22,23,24,25,26,27,28,29,30,31,32,33,34,35,36,37,38,39,40,41,42,43,44,45,46,47,48,49,50,51,52,53,54,55,56,57,58,59,60,61,62,63,64,65,66,67,68,69,70,71,72,73,74,75,76,77,78,79,80,81,82,83,84,85,86,87,88,89,90,91,92,93,94,95,96,97,98,99,100
66	0.04497433718919466	1,2,3,4,5,6,7,8,9,10,11,12,13,14,15,16,17,18,19,20,21,22,23,24,25,26,27,28,29,30,31,32,33,34,35,36,37,38,39,40,41,42,43,44,45,46,47,48,49,50,51,52,53,54,55,56,57,58,59,60,61,62,63,64,65,66,67,68,69,70,71,72,73,74,75,76,77,78,79,80,81,82,83,84,85,86,87,88,89,90,91,92,93,94,95,96,97,98,99,100
67	0.024902813047367574	75,60,99,28,54,26
68	0.049989107650894024	34,31,69,1,80,29,43,60
69	0.038459668836218805	58
7	0.04465762283631625	8,92,97
70	0.03513312105683128	94
71	0.040451430519331984	64,18,43,80
72	0.07298545093262247	81,13,58
73	0.03898403911393709	91,64
74	0.042745009651206256	89
75	0.09628672834451459	45,44,28,41,70,24,83,78,84
76	0.10349815064816333	1,2,3,4,5,6,7,8,9,10,11,12,13,14,15,16,17,18,19,20,21,22,23,24,25,26,27,28,29,30,31,32,33,34,35,36,37,38,39,40,41,42,43,44,45,46,47,48,49,50,51,52,53,54,55,56,57,58,59,60,61,62,63,64,65,66,67,68,69,70,71,72,73,74,75,76,77,78,79,80,81,82,83,84,85,86,87,88,89,90,91,92,93,94,95,96,97,98,99,100
77	0.09424191810090471	87,11,54,77,69,63,58
78	0.03477505799944949	50,93,58,87,57,42,11
79	0.03928839226148332	38,51,58,30,96,69,11,82
8	0.15669017320297657	25,51,9,32,72
80	0.1066160615022434	44,76,92,45,46,59,97,96,94
81	0.06095884523664357	32,46,93,23,5
82	0.08278952000763978	46,6,89
83	0.03814227467471041	10
84	0.08755901750458014	1,2,3,4,5,6,7,8,9,10,11,12,13,14,15,16,17,18,19,20,21,22,23,24,25,26,27,28,29,30,31,32,33,34,35,36,37,38,39,40,41,42,43,44,45,46,47,48,49,50,51,52,53,54,55,56,57,58,59,60,61,62,63,64,65,66,67,68,69,70,71,72,73,74,75,76,77,78,79,80,81,82,83,84,85,86,87,88,89,90,91,92,93,94,95,96,97,98,99,100
85	0.0377575535898758	86,22
86	0.06838946787378807	21,65,24,58,68,83,7
87	0.0971646248789215	44,9,19,26,4,65,12
88	0.11571186456870662	1,2,3,4,5,6,7,8,9,10,11,12,13,14,15,16,17,18,19,20,21,22,23,24,25,26,27,28,29,30,31,32,33,34,35,36,37,38,39,40,41,42,43,44,45,46,47,48,49,50,51,52,53,54,55,56,57,58,59,60,61,62,63,64,65,66,67,68,69,70,71,72,73,74,75,76,77,78,79,80,81,82,83,84,85,86,87,88,89,90,91,92,93,94,95,96,97,98,99,100
89	0.1366875322328527	10,77,18,55
9	0.07644932675848674	13,34,87,86,97,6
90	0.037331377560661475	11,82,14
91	0.0845264985048441	39,29,5
92	0.04652209905993332	9,28,94,34,37,54,48,25,73
93	0.061488070071026496	34
94	0.10047689574095715	49
95	0.05341487825973438	72,98,22,87,85,8
96	0.04325728735308379	99,97,23,1,80,81,32
97	0.07627478828507298	62,38,33,59,14,95,7,16,25
98	0.07465941413382371	22,16,97,64,74,87,94
99	0.05799093436617994	47,84,7,54,33,87,27
