1	0.026315195797354453	98,86
10	0.0743573675088006	53,27,77,97,40
100	0.01803229363430886	69,55,31,17,6,66,15,87
11	0.06490601451852757	8,4
12	0.07733542528244411	18,33
13	0.05040448477597461	77,44,82,23,28
14	0.03306599609209946	47,29,35,34,8,22
15	0.05759087658566742	76
16	0.05995942217782939	79,24,88,3,76,59
17	0.02733438380058983	33,38,21,54,12,58,8
18	0.09041795330306174	19,53,84,26,70,8,90,59,75
19	0.035839870839681015	1,2,3,4,5,6,7,8,9,10,11,12,13,14,15,16,17,18,19,20,21,22,23,24,25,26,27,28,29,30,31,32,33,34,35,36,37,38,39,40,41,42,43,44,45,46,47,48,49,50,51,52,53,54,55,56,57,58,59,60,61,62,63,64,65,66,67,68,69,70,71,72,73,74,75,76,77,78,79,80,81,82,83,84,85,86,87,88,89,90,91,92,93,94,95,96,97,98,99,100
2	0.04524700679757215	54,4,57,34,36
20	0.05365286150798911	2,51,72,36,44
21	0.030823771584655893	78,47,11,83,80,25
22	0.06469199457637373	64,88,12
23	0.05014787538806215	92,8,54,4,89,66
24	0.05036376161752276	7,31,32,42,16,89,35
25	0.08188887799004371	8,75,39
26	0.08895049961452835	36,5
27	0.055195039244385014	74,5,32,41
28	0.04756488852637851	99,52,43
29	0.05952767944359138	91,18,8,34,37,38,80
3	0.07630385671254163	54,39,75,16,11,73,65
30	0.025591016528820697	1,2,3,4,5,6,7,8,9,10,11,12,13,14,15,16,17,18,19,20,21,22,23,24,25,26,27,28,29,30,31,32,33,34,35,36,37,38,39,40,41,42,43,44,45,46,47,48,49,50,51,52,53,54,55,56,57,58,59,60,61,62,63,64,65,66,67,68,69,70,71,72,73,74,75,76,77,78,79,80,81,82,83,84,85,86,87,88,89,90,91,92,93,94,95,96,97,98,99,100
31	0.049261429141281204	88,40,53,13,57,9,41,93
32	0.16246558287875118	71,8,95,48,55,94,81,34
33	0.06461221598523155	93,44,42,43,31,17
34	0.1187877087199739	54,88,59,91,12
35	0.03837766150731101	21,65,25,54,56,11,73,4
36	0.07410795364591719	1,2,3,4,5,6,7,8,9,10,11,12,13,14,15,16,17,18,19,20,21,22,23,24,25,26,27,28,29,30,31,32,33,34,35,36,37,38,39,40,41,42,43,44,45,46,47,48,49,50,51,52,53,54,55,56,57,58,59,60,61,62,63,64,65,66,67,68,69,70,71,72,73,74,75,76,77,78,79,80,81,82,83,84,85,86,87,88,89,90,91,92,93,94,95,96,97,98,99,100
37	0.031526860425630666	27,26,54,32,36,8
38	0.03803930659301509	55,72,86,39,75
39	0.08625233548416808	50
4	0.0810530786105037	32
40	0.059418973735233735	75,84
41	0.1113984448847106	15,89,61
42	0.03485843242248302	4,93,76,86
43	0.05261931409130119	80,82
44	0.06977723111974539	64,98,50,16
45	0.03422878140067989	1,2,3,4,5,6,7,8,9,10,11,12,13,14,15,16,17,18,19,20,21,22,23,24,25,26,27,28,29,30,31,32,33,34,35,36,37,38,39,40,41,42,43,44,45,46,47,48,49,50,51,52,53,54,55,56,57,58,59,60,61,62,63,64,65,66,67,68,69,70,71,72,73,74,75,76,77,78,79,80,81,82,83,84,85,86,87,88,89,90,91,92,93,94,95,96,97,98,99,100
46	0.05684641414783525	30,20,25,59,91,11,62,67,26
47	0.049012919976566996	88
48	0.0694644768247768	41
49	0.13052089354445437	58,89,59,94,41,51,87,85,29
5	0.09678686729835913	27,20,87,49,25
50	0.10788216535151586	80,49,48,47,32
51	0.06530963357590559	54,84,82
52	0.030570320961293328	15,72,24,76
53	0.041994891640494754	8,23,9
54	0.11150923364556799	2,22,59,40,90,95,55,48,77
55	0.0954088941479788	80,91,20,65,66
56	0.025034949598156938	43,66,76,77,38,39,40,67,59
57	0.03251028375408764	1,2,3,4,5,6,7,8,9,10,11,12,13,14,15,16,17,18,19,20,21,22,23,24,25,26,27,28,29,30,31,32,33,34,35,36,37,38,39,40,41,42,43,44,45,46,47,48,49,50,51,52,53,54,55,56,57,58,59,60,61,62,63,64,65,66,67,68,69,70,71,72,73,74,75,76,77,78,79,80,81,82,83,84,85,86,87,88,89,90,91,92,93,94,95,96,97,98,99,100
58	0.10592707260921982	98,99,40,55,35,2,96,12,3
59	0.0991729653812432	3,26
6	0.049729675517435255	74,71,40,56,98,79,22,48,78
60	0.024733704764643538	77,15,96,61,59,25,4,35
61	0.0543730344222298	1,2,3,4,5,6,7,8,9,10,11,12,13,14,15,16,17,18,19,20,21,22,23,24,25,26,27,28,29,30,31,32,33,34,35,36,37,38,39,40,41,42,43,44,45,46,47,48,49,50,51,52,53,54,55,56,57,58,59,60,61,62,63,64,65,66,67,68,69,70,71,72,73,74,75,76,77,78,79,80,81,82,83,84,85,86,87,88,89,90,91,92,93,94,95,96,97,98,99,100
62	0.03227508978838471	73,31,37,62,61,24
63	0.02779559324904384	68
64	0.08002961876491135	39,79,28,31,99,98,93,55
65	0.06289850168314354	1,2,3,4,5,6,7,8,9,10,11,12,13,14,15,16,17,18,19,20,21,22,23,24,25,26,27,28,29,30,31,32,33,34,35,36,37,38,39,40,41,42,43,44,45,46,47,48,49,50,51,52,53,54,55,56,57,58,59,60,61,62,63,64,65,66,67,68,69,70,71,72,73,74,75,76,77,78,79,80,81,82,83,84,85,86,87,88,89,90,91,92,93,94,95,96,97,98,99,100
66	0.04256125892385399	1,2,3,4,5,6,7,8,9,10,11,12,13,14,15,16,17,18,19,20,21,22,23,24,25,26,27,28,29,30,31,32,33,34,35,36,37,38,39,40,41,42,43,44,45,46,47,48,49,50,51,52,53,54,55,56,57,58,59,60,61,62,63,64,65,66,67,68,69,70,71,72,73,74,75,76,77,78,79,80,81,82,83,84,85,86,87,88,89,90,91,92,93,94,95,96,97,98,99,100
67	0.02399227229803548	75,60,99,28,54,26
68	0.047789225411499575	34,31,69,1,80,29,43,60
69	0.03659963312890239	58
7	0.04236672773139727	8,92,97
70	0.03333327475748955	94
71	0.03824980711565944	64,18,43,80
72	0.06854008795854699	81,13,58
73	0.03702839903880306	91,64
74	0.04053751303573382	89
75	0.09013392016806164	45,44,28,41,70,24,83,78,84
76	0.09716152558936685	1,2,3,4,5,6,7,8,9,10,11,12,13,14,15,16,17,18,19,20,21,22,23,24,25,26,27,28,29,30,31,32,33,34,35,36,37,38,39,40,41,42,43,44,45,46,47,48,49,50,51,52,53,54,55,56,57,58,59,60,61,62,63,64,65,66,67,68,69,70,71,72,73,74,75,76,77,78,79,80,81,82,83,84,85,86,87,88,89,90,91,92,93,94,95,96,97,98,99,100
77	0.08814373844180313	87,11,54,77,69,63,58
78	0.03313883811008768	50,93,58,87,57,42,11
79	0.03726648143820876	38,51,58,30,96,69,11,82
8	0.1464279207359917	25,51,9,32,72
80	0.09988894748153684	44,76,92,45,46,59,97,96,94
81	0.05727155348129747	32,46,93,23,5
82	0.07788129658584576	46,6,89
83	0.03631867461394502	10
84	0.08194719760126196	1,2,3,4,5,6,7,8,9,10,11,12,13,14,15,16,17,18,19,20,21,22,23,24,25,26,27,28,29,30,31,32,33,34,35,36,37,38,39,40,41,42,43,44,45,46,47,48,49,50,51,52,53,54,55,56,57,58,59,60,61,62,63,64,65,66,67,68,69,70,71,72,73,74,75,76,77,78,79,80,81,82,83,84,85,86,87,88,89,90,91,92,93,94,95,96,97,98,99,100
85	0.03572128435452798	86,22
86	0.06482714084003056	21,65,24,58,68,83,7
87	0.09069750561030548	44,9,19,26,4,65,12
88	0.10843910209271114	1,2,3,4,5,6,7,8,9,10,11,12,13,14,15,16,17,18,19,20,21,22,23,24,25,26,27,28,29,30,31,32,33,34,35,36,37,38,39,40,41,42,43,44,45,46,47,48,49,50,51,52,53,54,55,56,57,58,59,60,61,62,63,64,65,66,67,68,69,70,71,72,73,74,75,76,77,78,79,80,81,82,83,84,85,86,87,88,89,90,91,92,93,94,95,96,97,98,99,100
89	0.12771170107591465	10,77,18,55
9	0.07167035263346717	13,34,87,86,97,6
90	0.03535641039867339	11,82,14
91	0.07922517553141212	39,29,5
92	0.04412389613920103	9,28,94,34,37,54,48,25,73
93	0.05800034002798005	34
94	0.09407302935100152	49
95	0.0501690127825839	72,98,22,87,85,8
96	0.040979456716095784	99,97,23,1,80,81,32
97	0.07171179236130722	62,38,33,59,14,95,7,16,25
98	0.07028714726934461	22,16,97,64,74,87,94
99	0.05478445729967446	47,84,7,54,33,87,27
