1	0.02620136745213404	98,86
10	0.07385289862877395	53,27,77,97,40
100	0.01798611027309897	69,55,31,17,6,66,15,87
11	0.06444894434923415	8,4
12	0.07674739738282653	18,33
13	0.050063102347608746	77,44,82,23,28
14	0.032888517691675334	47,29,35,34,8,22
15	0.0571795727111789	76
16	0.059518171123811886	79,24,88,3,76,59
17	0.027204513705441184	33,38,21,54,12,58,8
18	0.08970175768195407	19,53,84,26,70,8,90,59,75
19	0.03561001869692049	1,2,3,4,5,6,7,8,9,10,11,12,13,14,15,16,17,18,19,20,21,22,23,24,25,26,27,28,29,30,31,32,33,34,35,36,37,38,39,40,41,42,43,44,45,46,47,48,49,50,51,52,53,54,55,56,57,58,59,60,61,62,63,64,65,66,67,68,69,70,71,72,73,74,75,76,77,78,79,80,81,82,83,84,85,86,87,88,89,90,91,92,93,94,95,96,97,98,99,100
2	0.044937770993055716	54,4,57,34,36
20	0.053251292744278596	2,51,72,36,44
21	0.030674274553113015	78,47,11,83,80,25
22	0.06423721343547019	64,88,12
23	0.04982527682520987	92,8,54,4,89,66
24	0.050042754463204345	7,31,32,42,16,89,35
25	0.08125874649445952	8,75,39
26	0.08822678674869795	36,5
27	0.054811309161543524	74,5,32,41
28	0.04725442795646967	99,52,43
29	0.05909954800001412	91,18,8,34,37,38,80
3	0.07569339997769658	54,39,75,16,11,73,65
30	0.02547215518747626	1,2,3,4,5,6,7,8,9,10,11,12,13,14,15,16,17,18,19,20,21,22,23,24,25,26,27,28,29,30,31,32,33,34,35,36,37,38,39,40,41,42,43,44,45,46,47,48,49,50,51,52,53,54,55,56,57,58,59,60,61,62,63,64,65,66,67,68,69,70,71,72,73,74,75,76,77,78,79,80,81,82,83,84,85,86,87,88,89,90,91,92,93,94,95,96,97,98,99,100
31	0.04895336219608857	88,40,53,13,57,9,41,93
32	0.16114042610588122	71,8,95,48,55,94,81,34
33	0.06414473310250529	93,44,42,43,31,17
34	0.11787959047540064	54,88,59,91,12
35	0.038158274465798836	21,65,25,54,56,11,73,4
36	0.07352994141730416	1,2,3,4,5,6,7,8,9,10,11,12,13,14,15,16,17,18,19,20,21,22,23,24,25,26,27,28,29,30,31,32,33,34,35,36,37,38,39,40,41,42,43,44,45,46,47,48,49,50,51,52,53,54,55,56,57,58,59,60,61,62,63,64,65,66,67,68,69,70,71,72,73,74,75,76,77,78,79,80,81,82,83,84,85,86,87,88,89,90,91,92,93,94,95,96,97,98,99,100
37	0.031359991300571745	27,26,54,32,36,8
38	0.03781560657172399	55,72,86,39,75
39	0.08558100446087537	50
4	0.08047037596138626	32
40	0.059002220365615	75,84
41	0.11046800367027917	15,89,61
42	0.03466214131239762	4,93,76,86
43	0.05228653091235429	80,82
44	0.06923921209068896	64,98,50,16
45	0.03402135791414225	1,2,3,4,5,6,7,8,9,10,11,12,13,14,15,16,17,18,19,20,21,22,23,24,25,26,27,28,29,30,31,32,33,34,35,36,37,38,39,40,41,42,43,44,45,46,47,48,49,50,51,52,53,54,55,56,57,58,59,60,61,62,63,64,65,66,67,68,69,70,71,72,73,74,75,76,77,78,79,80,81,82,83,84,85,86,87,88,89,90,91,92,93,94,95,96,97,98,99,100
46	0.056448593625662284	30,20,25,59,91,11,62,67,26
47	0.048684959889814534	88
48	0.06891397399849662	41
49	0.12942029378555703	58,89,59,94,41,51,87,85,29
5	0.09600070936356796	27,20,87,49,25
50	0.10700381043956361	80,49,48,47,32
51	0.06480112544336784	54,84,82
52	0.03042065074344691	15,72,24,76
53	0.041729728843896	8,23,9
54	0.1106384307637504	2,22,59,40,90,95,55,48,77
55	0.09463913647147659	80,91,20,65,66
56	0.02492511727457734	43,66,76,77,38,39,40,67,59
57	0.03233740909364	1,2,3,4,5,6,7,8,9,10,11,12,13,14,15,16,17,18,19,20,21,22,23,24,25,26,27,28,29,30,31,32,33,34,35,36,37,38,39,40,41,42,43,44,45,46,47,48,49,50,51,52,53,54,55,56,57,58,59,60,61,62,63,64,65,66,67,68,69,70,71,72,73,74,75,76,77,78,79,80,81,82,83,84,85,86,87,88,89,90,91,92,93,94,95,96,97,98,99,100
58	0.10515322727595583	98,99,40,55,35,2,96,12,3
59	0.0983634679482607	3,26
6	0.04940364527780853	74,71,40,56,98,79,22,48,78
60	0.02463944102713598	77,15,96,61,59,25,4,35
61	0.053975419321434286	1,2,3,4,5,6,7,8,9,10,11,12,13,14,15,16,17,18,19,20,21,22,23,24,25,26,27,28,29,30,31,32,33,34,35,36,37,38,39,40,41,42,43,44,45,46,47,48,49,50,51,52,53,54,55,56,57,58,59,60,61,62,63,64,65,66,67,68,69,70,71,72,73,74,75,76,77,78,79,80,81,82,83,84,85,86,87,88,89,90,91,92,93,94,95,96,97,98,99,100
62	0.032098079582866555	73,31,37,62,61,24
63	0.02765125666322795	68
64	0.07945478025757235	39,79,28,31,99,98,93,55
65	0.06242230639174154	1,2,3,4,5,6,7,8,9,10,11,12,13,14,15,16,17,18,19,20,21,22,23,24,25,26,27,28,29,30,31,32,33,34,35,36,37,38,39,40,41,42,43,44,45,46,47,48,49,50,51,52,53,54,55,56,57,58,59,60,61,62,63,64,65,66,67,68,69,70,71,72,73,74,75,76,77,78,79,80,81,82,83,84,85,86,87,88,89,90,91,92,93,94,95,96,97,98,99,100
66	0.042289381088541196	1,2,3,4,5,6,7,8,9,10,11,12,13,14,15,16,17,18,19,20,21,22,23,24,25,26,27,28,29,30,31,32,33,34,35,36,37,38,39,40,41,42,43,44,45,46,47,48,49,50,51,52,53,54,55,56,57,58,59,60,61,62,63,64,65,66,67,68,69,70,71,72,73,74,75,76,77,78,79,80,81,82,83,84,85,86,87,88,89,90,91,92,93,94,95,96,97,98,99,100
67	0.02388968306507524	75,60,99,28,54,26
68	0.047541368045065674	34,31,69,1,80,29,43,60
69	0.03639006575223791	58
7	0.04210861608490491	8,92,97
70	0.03313048882906272	94
71	0.038001753575659845	64,18,43,80
72	0.06803923571316173	81,13,58
73	0.03680806006337409	91,64
74	0.04028879776911742	89
75	0.08944069268421767	45,44,28,41,70,24,83,78,84
76	0.09644758773849588	1,2,3,4,5,6,7,8,9,10,11,12,13,14,15,16,17,18,19,20,21,22,23,24,25,26,27,28,29,30,31,32,33,34,35,36,37,38,39,40,41,42,43,44,45,46,47,48,49,50,51,52,53,54,55,56,57,58,59,60,61,62,63,64,65,66,67,68,69,70,71,72,73,74,75,76,77,78,79,80,81,82,83,84,85,86,87,88,89,90,91,92,93,94,95,96,97,98,99,100
77	0.08745666586956209	87,11,54,77,69,63,58
78	0.03295448771879053	50,93,58,87,57,42,11
79	0.03703867583906466	38,51,58,30,96,69,11,82
8	0.14527168845302454	25,51,9,32,72
80	0.09913101383743181	44,76,92,45,46,59,97,96,94
81	0.05685611196181028	32,46,93,23,5
82	0.07732829456268311	46,6,89
83	0.03611321238542017	10
84	0.08131492243935556	1,2,3,4,5,6,7,8,9,10,11,12,13,14,15,16,17,18,19,20,21,22,23,24,25,26,27,28,29,30,31,32,33,34,35,36,37,38,39,40,41,42,43,44,45,46,47,48,49,50,51,52,53,54,55,56,57,58,59,60,61,62,63,64,65,66,67,68,69,70,71,72,73,74,75,76,77,78,79,80,81,82,83,84,85,86,87,88,89,90,91,92,93,94,95,96,97,98,99,100
85	0.035491861015097895	86,22
86	0.06442577890417103	21,65,24,58,68,83,7
87	0.08996886517808955	44,9,19,26,4,65,12
88	0.10761969107171485	1,2,3,4,5,6,7,8,9,10,11,12,13,14,15,16,17,18,19,20,21,22,23,24,25,26,27,28,29,30,31,32,33,34,35,36,37,38,39,40,41,42,43,44,45,46,47,48,49,50,51,52,53,54,55,56,57,58,59,60,61,62,63,64,65,66,67,68,69,70,71,72,73,74,75,76,77,78,79,80,81,82,83,84,85,86,87,88,89,90,91,92,93,94,95,96,97,98,99,100
89	0.12670040791474477	10,77,18,55
9	0.0711319129301998	13,34,87,86,97,6
90	0.03513389387047176	11,82,14
91	0.07862788358323469	39,29,5
92	0.04385369428600627	9,28,94,34,37,54,48,25,73
93	0.05760738281981234	34
94	0.09335151552266296	49
95	0.04980330608586042	72,98,22,87,85,8
96	0.040722817023652304	99,97,23,1,80,81,32
97	0.07119768659298253	62,38,33,59,14,95,7,16,25
98	0.06979453065173455	22,16,97,64,74,87,94
99	0.054423188434904124	47,84,7,54,33,87,27
