1	0.02614768942116644	98,86
10	0.07361500624694359	53,27,77,97,40
100	0.017964331586178654	69,55,31,17,6,66,15,87
11	0.06423340377667991	8,4
12	0.07647010107544013	18,33
13	0.049902116641226735	77,44,82,23,28
14	0.032804824205175026	47,29,35,34,8,22
15	0.056985614149547004	76
16	0.05931009037119987	79,24,88,3,76,59
17	0.02714327086671182	33,38,21,54,12,58,8
18	0.089364021324158	19,53,84,26,70,8,90,59,75
19	0.035501627325569295	1,2,3,4,5,6,7,8,9,10,11,12,13,14,15,16,17,18,19,20,21,22,23,24,25,26,27,28,29,30,31,32,33,34,35,36,37,38,39,40,41,42,43,44,45,46,47,48,49,50,51,52,53,54,55,56,57,58,59,60,61,62,63,64,65,66,67,68,69,70,71,72,73,74,75,76,77,78,79,80,81,82,83,84,85,86,87,88,89,90,91,92,93,94,95,96,97,98,99,100
2	0.04479194466957719	54,4,57,34,36
20	0.05306192496868345	2,51,72,36,44
21	0.030603776240296553	78,47,11,83,80,25
22	0.0640227522999978	64,88,12
23	0.04967314902599263	92,8,54,4,89,66
24	0.04989137712448459	7,31,32,42,16,89,35
25	0.08096159539498471	8,75,39
26	0.08788550548392622	36,5
27	0.05463035357240559	74,5,32,41
28	0.04710802407039422	99,52,43
29	0.05889765406189138	91,18,8,34,37,38,80
3	0.07540552690483467	54,39,75,16,11,73,65
30	0.025416103746605516	1,2,3,4,5,6,7,8,9,10,11,12,13,14,15,16,17,18,19,20,21,22,23,24,25,26,27,28,29,30,31,32,33,34,35,36,37,38,39,40,41,42,43,44,45,46,47,48,49,50,51,52,53,54,55,56,57,58,59,60,61,62,63,64,65,66,67,68,69,70,71,72,73,74,75,76,77,78,79,80,81,82,83,84,85,86,87,88,89,90,91,92,93,94,95,96,97,98,99,100
31	0.04880808707158302	88,40,53,13,57,9,41,93
32	0.16051552194731353	71,8,95,48,55,94,81,34
33	0.06392428220684127	93,44,42,43,31,17
34	0.11745134916907193	54,88,59,91,12
35	0.038054818122079004	21,65,25,54,56,11,73,4
36	0.0732573681997361	1,2,3,4,5,6,7,8,9,10,11,12,13,14,15,16,17,18,19,20,21,22,23,24,25,26,27,28,29,30,31,32,33,34,35,36,37,38,39,40,41,42,43,44,45,46,47,48,49,50,51,52,53,54,55,56,57,58,59,60,61,62,63,64,65,66,67,68,69,70,71,72,73,74,75,76,77,78,79,80,81,82,83,84,85,86,87,88,89,90,91,92,93,94,95,96,97,98,99,100
37	0.03128130082988876	27,26,54,32,36,8
38	0.0377101163561975	55,72,86,39,75
39	0.0852644249007662	50
4	0.08019559088229482	32
40	0.058805691985650145	75,84
41	0.11002923552140458	15,89,61
42	0.034569576316697874	4,93,76,86
43	0.05212960035388553	80,82
44	0.06898549846560757	64,98,50,16
45	0.03392354322385384	1,2,3,4,5,6,7,8,9,10,11,12,13,14,15,16,17,18,19,20,21,22,23,24,25,26,27,28,29,30,31,32,33,34,35,36,37,38,39,40,41,42,43,44,45,46,47,48,49,50,51,52,53,54,55,56,57,58,59,60,61,62,63,64,65,66,67,68,69,70,71,72,73,74,75,76,77,78,79,80,81,82,83,84,85,86,87,88,89,90,91,92,93,94,95,96,97,98,99,100
46	0.056260993408269885	30,20,25,59,91,11,62,67,26
47	0.048530303756856116	88
48	0.06865437338935476	41
49	0.12890128397454148	58,89,59,94,41,51,87,85,29
5	0.09562998087860683	27,20,87,49,25
50	0.10658960462753114	80,49,48,47,32
51	0.06456132827129432	54,84,82
52	0.030350070761168108	15,72,24,76
53	0.04160468602806908	8,23,9
54	0.11022778626244986	2,22,59,40,90,95,55,48,77
55	0.09427614185605937	80,91,20,65,66
56	0.02487332364747209	43,66,76,77,38,39,40,67,59
57	0.03225588659272818	1,2,3,4,5,6,7,8,9,10,11,12,13,14,15,16,17,18,19,20,21,22,23,24,25,26,27,28,29,30,31,32,33,34,35,36,37,38,39,40,41,42,43,44,45,46,47,48,49,50,51,52,53,54,55,56,57,58,59,60,61,62,63,64,65,66,67,68,69,70,71,72,73,74,75,76,77,78,79,80,81,82,83,84,85,86,87,88,89,90,91,92,93,94,95,96,97,98,99,100
58	0.10478830504430373	98,99,40,55,35,2,96,12,3
59	0.09798173325650415	3,26
6	0.04924989920282895	74,71,40,56,98,79,22,48,78
60	0.024594989077920213	77,15,96,61,59,25,4,35
61	0.053787915974597825	1,2,3,4,5,6,7,8,9,10,11,12,13,14,15,16,17,18,19,20,21,22,23,24,25,26,27,28,29,30,31,32,33,34,35,36,37,38,39,40,41,42,43,44,45,46,47,48,49,50,51,52,53,54,55,56,57,58,59,60,61,62,63,64,65,66,67,68,69,70,71,72,73,74,75,76,77,78,79,80,81,82,83,84,85,86,87,88,89,90,91,92,93,94,95,96,97,98,99,100
62	0.03201460688303073	73,31,37,62,61,24
63	0.02758319186172197	68
64	0.07918370367169592	39,79,28,31,99,98,93,55
65	0.062197746985654875	1,2,3,4,5,6,7,8,9,10,11,12,13,14,15,16,17,18,19,20,21,22,23,24,25,26,27,28,29,30,31,32,33,34,35,36,37,38,39,40,41,42,43,44,45,46,47,48,49,50,51,52,53,54,55,56,57,58,59,60,61,62,63,64,65,66,67,68,69,70,71,72,73,74,75,76,77,78,79,80,81,82,83,84,85,86,87,88,89,90,91,92,93,94,95,96,97,98,99,100
66	0.04216117166201338	1,2,3,4,5,6,7,8,9,10,11,12,13,14,15,16,17,18,19,20,21,22,23,24,25,26,27,28,29,30,31,32,33,34,35,36,37,38,39,40,41,42,43,44,45,46,47,48,49,50,51,52,53,54,55,56,57,58,59,60,61,62,63,64,65,66,67,68,69,70,71,72,73,74,75,76,77,78,79,80,81,82,83,84,85,86,87,88,89,90,91,92,93,94,95,96,97,98,99,100
67	0.023841305062099628	75,60,99,28,54,26
68	0.04742448595066956	34,31,69,1,80,29,43,60
69	0.036291240067716106	58
7	0.041986898379822765	8,92,97
70	0.03303486107197978	94
71	0.03788477897169861	64,18,43,80
72	0.06780304882767237	81,13,58
73	0.036704154816191964	91,64
74	0.04017151111474573	89
75	0.08911378741055016	45,44,28,41,70,24,83,78,84
76	0.09611091607737472	1,2,3,4,5,6,7,8,9,10,11,12,13,14,15,16,17,18,19,20,21,22,23,24,25,26,27,28,29,30,31,32,33,34,35,36,37,38,39,40,41,42,43,44,45,46,47,48,49,50,51,52,53,54,55,56,57,58,59,60,61,62,63,64,65,66,67,68,69,70,71,72,73,74,75,76,77,78,79,80,81,82,83,84,85,86,87,88,89,90,91,92,93,94,95,96,97,98,99,100
77	0.08713266306746245	87,11,54,77,69,63,58
78	0.03286755360766224	50,93,58,87,57,42,11
79	0.0369312495562545	38,51,58,30,96,69,11,82
8	0.14472644401350743	25,51,9,32,72
80	0.09877359508078645	44,76,92,45,46,59,97,96,94
81	0.05666020221099146	32,46,93,23,5
82	0.07706751540730664	46,6,89
83	0.036016322565542006	10
84	0.08101676045118684	1,2,3,4,5,6,7,8,9,10,11,12,13,14,15,16,17,18,19,20,21,22,23,24,25,26,27,28,29,30,31,32,33,34,35,36,37,38,39,40,41,42,43,44,45,46,47,48,49,50,51,52,53,54,55,56,57,58,59,60,61,62,63,64,65,66,67,68,69,70,71,72,73,74,75,76,77,78,79,80,81,82,83,84,85,86,87,88,89,90,91,92,93,94,95,96,97,98,99,100
85	0.03538367185452651	86,22
86	0.06423650866238224	21,65,24,58,68,83,7
87	0.0896252602209148	44,9,19,26,4,65,12
88	0.10723328142941439	1,2,3,4,5,6,7,8,9,10,11,12,13,14,15,16,17,18,19,20,21,22,23,24,25,26,27,28,29,30,31,32,33,34,35,36,37,38,39,40,41,42,43,44,45,46,47,48,49,50,51,52,53,54,55,56,57,58,59,60,61,62,63,64,65,66,67,68,69,70,71,72,73,74,75,76,77,78,79,80,81,82,83,84,85,86,87,88,89,90,91,92,93,94,95,96,97,98,99,100
89	0.12622351241461724	10,77,18,55
9	0.07087800092778739	13,34,87,86,97,6
90	0.035028961754762916	11,82,14
91	0.07834621862861457	39,29,5
92	0.04372627520233955	9,28,94,34,37,54,48,25,73
93	0.05742207599532896	34
94	0.0930112712579665	49
95	0.049630849784630914	72,98,22,87,85,8
96	0.04060179344791791	99,97,23,1,80,81,32
97	0.07095524974388917	62,38,33,59,14,95,7,16,25
98	0.069562227441106	22,16,97,64,74,87,94
99	0.05425282488201903	47,84,7,54,33,87,27
