1	0.026147680976620857	98,86
10	0.07361496882207857	53,27,77,97,40
100	0.017964328159989	69,55,31,17,6,66,15,87
11	0.06423336986816729	8,4
12	0.07647005745160994	18,33
13	0.04990209131520206	77,44,82,23,28
14	0.032804811038643966	47,29,35,34,8,22
15	0.05698558363628328	76
16	0.0593100576362547	79,24,88,3,76,59
17	0.02714326123208227	33,38,21,54,12,58,8
18	0.08936396819199165	19,53,84,26,70,8,90,59,75
19	0.03550161027360483	1,2,3,4,5,6,7,8,9,10,11,12,13,14,15,16,17,18,19,20,21,22,23,24,25,26,27,28,29,30,31,32,33,34,35,36,37,38,39,40,41,42,43,44,45,46,47,48,49,50,51,52,53,54,55,56,57,58,59,60,61,62,63,64,65,66,67,68,69,70,71,72,73,74,75,76,77,78,79,80,81,82,83,84,85,86,87,88,89,90,91,92,93,94,95,96,97,98,99,100
2	0.044791921728403426	54,4,57,34,36
20	0.053061895177635154	2,51,72,36,44
21	0.030603765149610003	78,47,11,83,80,25
22	0.06402271856130058	64,88,12
23	0.04967312509348036	92,8,54,4,89,66
24	0.04989135331003361	7,31,32,42,16,89,35
25	0.08096154864762906	8,75,39
26	0.08788545179408058	36,5
27	0.054630325104749584	74,5,32,41
28	0.04710800103835919	99,52,43
29	0.05889762230024639	91,18,8,34,37,38,80
3	0.07540548161708394	54,39,75,16,11,73,65
30	0.025416094928678724	1,2,3,4,5,6,7,8,9,10,11,12,13,14,15,16,17,18,19,20,21,22,23,24,25,26,27,28,29,30,31,32,33,34,35,36,37,38,39,40,41,42,43,44,45,46,47,48,49,50,51,52,53,54,55,56,57,58,59,60,61,62,63,64,65,66,67,68,69,70,71,72,73,74,75,76,77,78,79,80,81,82,83,84,85,86,87,88,89,90,91,92,93,94,95,96,97,98,99,100
31	0.048808064217123026	88,40,53,13,57,9,41,93
32	0.1605154236383488	71,8,95,48,55,94,81,34
33	0.06392424752584414	93,44,42,43,31,17
34	0.11745128179880582	54,88,59,91,12
35	0.038054801846485534	21,65,25,54,56,11,73,4
36	0.07325732531893517	1,2,3,4,5,6,7,8,9,10,11,12,13,14,15,16,17,18,19,20,21,22,23,24,25,26,27,28,29,30,31,32,33,34,35,36,37,38,39,40,41,42,43,44,45,46,47,48,49,50,51,52,53,54,55,56,57,58,59,60,61,62,63,64,65,66,67,68,69,70,71,72,73,74,75,76,77,78,79,80,81,82,83,84,85,86,87,88,89,90,91,92,93,94,95,96,97,98,99,100
37	0.03128128845042448	27,26,54,32,36,8
38	0.037710099760638424	55,72,86,39,75
39	0.08526437509695489	50
4	0.08019554765352721	32
40	0.058805661068106536	75,84
41	0.11002916649507166	15,89,61
42	0.03456956175451458	4,93,76,86
43	0.052129575665810515	80,82
44	0.06898545855176882	64,98,50,16
45	0.03392352783579664	1,2,3,4,5,6,7,8,9,10,11,12,13,14,15,16,17,18,19,20,21,22,23,24,25,26,27,28,29,30,31,32,33,34,35,36,37,38,39,40,41,42,43,44,45,46,47,48,49,50,51,52,53,54,55,56,57,58,59,60,61,62,63,64,65,66,67,68,69,70,71,72,73,74,75,76,77,78,79,80,81,82,83,84,85,86,87,88,89,90,91,92,93,94,95,96,97,98,99,100
46	0.05626096389529112	30,20,25,59,91,11,62,67,26
47	0.048530279426590245	88
48	0.0686543325493847	41
49	0.1289012023247133	58,89,59,94,41,51,87,85,29
5	0.09562992255616963	27,20,87,49,25
50	0.10658953946530747	80,49,48,47,32
51	0.06456129054677062	54,84,82
52	0.03035005965763344	15,72,24,76
53	0.041604666356524884	8,23,9
54	0.11022772166048611	2,22,59,40,90,95,55,48,77
55	0.09427608475030266	80,91,20,65,66
56	0.024873315499378032	43,66,76,77,38,39,40,67,59
57	0.03225587376773324	1,2,3,4,5,6,7,8,9,10,11,12,13,14,15,16,17,18,19,20,21,22,23,24,25,26,27,28,29,30,31,32,33,34,35,36,37,38,39,40,41,42,43,44,45,46,47,48,49,50,51,52,53,54,55,56,57,58,59,60,61,62,63,64,65,66,67,68,69,70,71,72,73,74,75,76,77,78,79,80,81,82,83,84,85,86,87,88,89,90,91,92,93,94,95,96,97,98,99,100
58	0.1047882476352974	98,99,40,55,35,2,96,12,3
59	0.09798167320258737	3,26
6	0.04924987501573199	74,71,40,56,98,79,22,48,78
60	0.024594982084807676	77,15,96,61,59,25,4,35
61	0.053787886476858594	1,2,3,4,5,6,7,8,9,10,11,12,13,14,15,16,17,18,19,20,21,22,23,24,25,26,27,28,29,30,31,32,33,34,35,36,37,38,39,40,41,42,43,44,45,46,47,48,49,50,51,52,53,54,55,56,57,58,59,60,61,62,63,64,65,66,67,68,69,70,71,72,73,74,75,76,77,78,79,80,81,82,83,84,85,86,87,88,89,90,91,92,93,94,95,96,97,98,99,100
62	0.032014593751233486	73,31,37,62,61,24
63	0.02758318115387169	68
64	0.07918366102634279	39,79,28,31,99,98,93,55
65	0.062197711658313184	1,2,3,4,5,6,7,8,9,10,11,12,13,14,15,16,17,18,19,20,21,22,23,24,25,26,27,28,29,30,31,32,33,34,35,36,37,38,39,40,41,42,43,44,45,46,47,48,49,50,51,52,53,54,55,56,57,58,59,60,61,62,63,64,65,66,67,68,69,70,71,72,73,74,75,76,77,78,79,80,81,82,83,84,85,86,87,88,89,90,91,92,93,94,95,96,97,98,99,100
66	0.042161151492302845	1,2,3,4,5,6,7,8,9,10,11,12,13,14,15,16,17,18,19,20,21,22,23,24,25,26,27,28,29,30,31,32,33,34,35,36,37,38,39,40,41,42,43,44,45,46,47,48,49,50,51,52,53,54,55,56,57,58,59,60,61,62,63,64,65,66,67,68,69,70,71,72,73,74,75,76,77,78,79,80,81,82,83,84,85,86,87,88,89,90,91,92,93,94,95,96,97,98,99,100
67	0.023841297451346326	75,60,99,28,54,26
68	0.047424467562957554	34,31,69,1,80,29,43,60
69	0.03629122452061084	58
7	0.04198687923137989	8,92,97
70	0.033034846027967565	94
71	0.03788476056943314	64,18,43,80
72	0.06780301167111344	81,13,58
73	0.03670413846997767	91,64
74	0.04017149266338897	89
75	0.08911373598231341	45,44,28,41,70,24,83,78,84
76	0.09611086311270486	1,2,3,4,5,6,7,8,9,10,11,12,13,14,15,16,17,18,19,20,21,22,23,24,25,26,27,28,29,30,31,32,33,34,35,36,37,38,39,40,41,42,43,44,45,46,47,48,49,50,51,52,53,54,55,56,57,58,59,60,61,62,63,64,65,66,67,68,69,70,71,72,73,74,75,76,77,78,79,80,81,82,83,84,85,86,87,88,89,90,91,92,93,94,95,96,97,98,99,100
77	0.08713261209583809	87,11,54,77,69,63,58
78	0.03286753993132108	50,93,58,87,57,42,11
79	0.03693123265611628	38,51,58,30,96,69,11,82
8	0.14472635823648766	25,51,9,32,72
80	0.09877353885221529	44,76,92,45,46,59,97,96,94
81	0.056660171390769634	32,46,93,23,5
82	0.07706747438192947	46,6,89
83	0.036016307322984	10
84	0.08101671354479972	1,2,3,4,5,6,7,8,9,10,11,12,13,14,15,16,17,18,19,20,21,22,23,24,25,26,27,28,29,30,31,32,33,34,35,36,37,38,39,40,41,42,43,44,45,46,47,48,49,50,51,52,53,54,55,56,57,58,59,60,61,62,63,64,65,66,67,68,69,70,71,72,73,74,75,76,77,78,79,80,81,82,83,84,85,86,87,88,89,90,91,92,93,94,95,96,97,98,99,100
85	0.035383654834373536	86,22
86	0.06423647888667781	21,65,24,58,68,83,7
87	0.08962520616550944	44,9,19,26,4,65,12
88	0.10723322064004154	1,2,3,4,5,6,7,8,9,10,11,12,13,14,15,16,17,18,19,20,21,22,23,24,25,26,27,28,29,30,31,32,33,34,35,36,37,38,39,40,41,42,43,44,45,46,47,48,49,50,51,52,53,54,55,56,57,58,59,60,61,62,63,64,65,66,67,68,69,70,71,72,73,74,75,76,77,78,79,80,81,82,83,84,85,86,87,88,89,90,91,92,93,94,95,96,97,98,99,100
89	0.12622343739014785	10,77,18,55
9	0.07087796098274023	13,34,87,86,97,6
90	0.03502894524700326	11,82,14
91	0.07834617431751548	39,29,5
92	0.04372625515696454	9,28,94,34,37,54,48,25,73
93	0.05742204684314326	34
94	0.09301121773126012	49
95	0.04963082265406986	72,98,22,87,85,8
96	0.04060177440867442	99,97,23,1,80,81,32
97	0.07095521160409554	62,38,33,59,14,95,7,16,25
98	0.06956219089552085	22,16,97,64,74,87,94
99	0.05425279808068595	47,84,7,54,33,87,27
