1	0.02615235065110793	98,86
10	0.07363566406678258	53,27,77,97,40
100	0.017966222778268405	69,55,31,17,6,66,15,87
11	0.06425212063630172	8,4
12	0.0764941806071844	18,33
13	0.04991609612931922	77,44,82,23,28
14	0.032812091882065374	47,29,35,34,8,22
15	0.05700245689579887	76
16	0.05932815944372059	79,24,88,3,76,59
17	0.027148589000563626	33,38,21,54,12,58,8
18	0.08939334927816286	19,53,84,26,70,8,90,59,75
19	0.03551103968843794	1,2,3,4,5,6,7,8,9,10,11,12,13,14,15,16,17,18,19,20,21,22,23,24,25,26,27,28,29,30,31,32,33,34,35,36,37,38,39,40,41,42,43,44,45,46,47,48,49,50,51,52,53,54,55,56,57,58,59,60,61,62,63,64,65,66,67,68,69,70,71,72,73,74,75,76,77,78,79,80,81,82,83,84,85,86,87,88,89,90,91,92,93,94,95,96,97,98,99,100
2	0.044804607764944195	54,4,57,34,36
20	0.05307836906563795	2,51,72,36,44
21	0.030609898090159543	78,47,11,83,80,25
22	0.06404137542472743	64,88,12
23	0.0496863593215244	92,8,54,4,89,66
24	0.04990452225240721	7,31,32,42,16,89,35
25	0.08098739905389415	8,75,39
26	0.08791514126640836	36,5
27	0.05464606718177175	74,5,32,41
28	0.0471207373194651	99,52,43
29	0.05891518589106654	91,18,8,34,37,38,80
3	0.07543052488934314	54,39,75,16,11,73,65
30	0.025420971075934495	1,2,3,4,5,6,7,8,9,10,11,12,13,14,15,16,17,18,19,20,21,22,23,24,25,26,27,28,29,30,31,32,33,34,35,36,37,38,39,40,41,42,43,44,45,46,47,48,49,50,51,52,53,54,55,56,57,58,59,60,61,62,63,64,65,66,67,68,69,70,71,72,73,74,75,76,77,78,79,80,81,82,83,84,85,86,87,88,89,90,91,92,93,94,95,96,97,98,99,100
31	0.04882070230257962	88,40,53,13,57,9,41,93
32	0.16056978664223567	71,8,95,48,55,94,81,34
33	0.0639434254633463	93,44,42,43,31,17
34	0.11748853628572395	54,88,59,91,12
35	0.03806380194280215	21,65,25,54,56,11,73,4
36	0.07328103759334229	1,2,3,4,5,6,7,8,9,10,11,12,13,14,15,16,17,18,19,20,21,22,23,24,25,26,27,28,29,30,31,32,33,34,35,36,37,38,39,40,41,42,43,44,45,46,47,48,49,50,51,52,53,54,55,56,57,58,59,60,61,62,63,64,65,66,67,68,69,70,71,72,73,74,75,76,77,78,79,80,81,82,83,84,85,86,87,88,89,90,91,92,93,94,95,96,97,98,99,100
37	0.0312881340607552	27,26,54,32,36,8
38	0.03771927679189685	55,72,86,39,75
39	0.08529191566556972	50
4	0.08021945234693963	32
40	0.058822757886774525	75,84
41	0.11006733675567192	15,89,61
42	0.03457761436730651	4,93,76,86
43	0.05214322770579624	80,82
44	0.0690075301520252	64,98,50,16
45	0.03393203714128843	1,2,3,4,5,6,7,8,9,10,11,12,13,14,15,16,17,18,19,20,21,22,23,24,25,26,27,28,29,30,31,32,33,34,35,36,37,38,39,40,41,42,43,44,45,46,47,48,49,50,51,52,53,54,55,56,57,58,59,60,61,62,63,64,65,66,67,68,69,70,71,72,73,74,75,76,77,78,79,80,81,82,83,84,85,86,87,88,89,90,91,92,93,94,95,96,97,98,99,100
46	0.05627728401607678	30,20,25,59,91,11,62,67,26
47	0.04854373360487003	88
48	0.06867691628279457	41
49	0.1289463531402211	58,89,59,94,41,51,87,85,29
5	0.09566217376428306	27,20,87,49,25
50	0.10662557294637934	80,49,48,47,32
51	0.06458215149707598	54,84,82
52	0.03035619970294815	15,72,24,76
53	0.04161554434955729	8,23,9
54	0.11026344532837061	2,22,59,40,90,95,55,48,77
55	0.09430766315703637	80,91,20,65,66
56	0.024877821241759537	43,66,76,77,38,39,40,67,59
57	0.03226296574811643	1,2,3,4,5,6,7,8,9,10,11,12,13,14,15,16,17,18,19,20,21,22,23,24,25,26,27,28,29,30,31,32,33,34,35,36,37,38,39,40,41,42,43,44,45,46,47,48,49,50,51,52,53,54,55,56,57,58,59,60,61,62,63,64,65,66,67,68,69,70,71,72,73,74,75,76,77,78,79,80,81,82,83,84,85,86,87,88,89,90,91,92,93,94,95,96,97,98,99,100
58	0.10481999373336015	98,99,40,55,35,2,96,12,3
59	0.09801488188626659	3,26
6	0.04926325002429469	74,71,40,56,98,79,22,48,78
60	0.02459884914418768	77,15,96,61,59,25,4,35
61	0.05380419817047292	1,2,3,4,5,6,7,8,9,10,11,12,13,14,15,16,17,18,19,20,21,22,23,24,25,26,27,28,29,30,31,32,33,34,35,36,37,38,39,40,41,42,43,44,45,46,47,48,49,50,51,52,53,54,55,56,57,58,59,60,61,62,63,64,65,66,67,68,69,70,71,72,73,74,75,76,77,78,79,80,81,82,83,84,85,86,87,88,89,90,91,92,93,94,95,96,97,98,99,100
62	0.032021855387507486	73,31,37,62,61,24
63	0.027589102393181908	68
64	0.07920724310255334	39,79,28,31,99,98,93,55
65	0.062217247012172724	1,2,3,4,5,6,7,8,9,10,11,12,13,14,15,16,17,18,19,20,21,22,23,24,25,26,27,28,29,30,31,32,33,34,35,36,37,38,39,40,41,42,43,44,45,46,47,48,49,50,51,52,53,54,55,56,57,58,59,60,61,62,63,64,65,66,67,68,69,70,71,72,73,74,75,76,77,78,79,80,81,82,83,84,85,86,87,88,89,90,91,92,93,94,95,96,97,98,99,100
66	0.042172304961930314	1,2,3,4,5,6,7,8,9,10,11,12,13,14,15,16,17,18,19,20,21,22,23,24,25,26,27,28,29,30,31,32,33,34,35,36,37,38,39,40,41,42,43,44,45,46,47,48,49,50,51,52,53,54,55,56,57,58,59,60,61,62,63,64,65,66,67,68,69,70,71,72,73,74,75,76,77,78,79,80,81,82,83,84,85,86,87,88,89,90,91,92,93,94,95,96,97,98,99,100
67	0.023845506054422087	75,60,99,28,54,26
68	0.04743463562099469	34,31,69,1,80,29,43,60
69	0.036299821776683026	58
7	0.041997467959241204	8,92,97
70	0.0330431650830718	94
71	0.037894936675260935	64,18,43,80
72	0.06782355854761896	81,13,58
73	0.03671317761826783	91,64
74	0.04018169591577587	89
75	0.08914217482756571	45,44,28,41,70,24,83,78,84
76	0.09614015157649758	1,2,3,4,5,6,7,8,9,10,11,12,13,14,15,16,17,18,19,20,21,22,23,24,25,26,27,28,29,30,31,32,33,34,35,36,37,38,39,40,41,42,43,44,45,46,47,48,49,50,51,52,53,54,55,56,57,58,59,60,61,62,63,64,65,66,67,68,69,70,71,72,73,74,75,76,77,78,79,80,81,82,83,84,85,86,87,88,89,90,91,92,93,94,95,96,97,98,99,100
77	0.08716079844305373	87,11,54,77,69,63,58
78	0.03287510269011597	50,93,58,87,57,42,11
79	0.03694057811389552	38,51,58,30,96,69,11,82
8	0.14477379131110937	25,51,9,32,72
80	0.09880463219187441	44,76,92,45,46,59,97,96,94
81	0.05667721439232311	32,46,93,23,5
82	0.07709016064196308	46,6,89
83	0.03602473617016387	10
84	0.08104265189246392	1,2,3,4,5,6,7,8,9,10,11,12,13,14,15,16,17,18,19,20,21,22,23,24,25,26,27,28,29,30,31,32,33,34,35,36,37,38,39,40,41,42,43,44,45,46,47,48,49,50,51,52,53,54,55,56,57,58,59,60,61,62,63,64,65,66,67,68,69,70,71,72,73,74,75,76,77,78,79,80,81,82,83,84,85,86,87,88,89,90,91,92,93,94,95,96,97,98,99,100
85	0.035393066658052454	86,22
86	0.06425294428981036	21,65,24,58,68,83,7
87	0.0896550977854744	44,9,19,26,4,65,12
88	0.10726683601705304	1,2,3,4,5,6,7,8,9,10,11,12,13,14,15,16,17,18,19,20,21,22,23,24,25,26,27,28,29,30,31,32,33,34,35,36,37,38,39,40,41,42,43,44,45,46,47,48,49,50,51,52,53,54,55,56,57,58,59,60,61,62,63,64,65,66,67,68,69,70,71,72,73,74,75,76,77,78,79,80,81,82,83,84,85,86,87,88,89,90,91,92,93,94,95,96,97,98,99,100
89	0.12626492450712673	10,77,18,55
9	0.07090004984066317	13,34,87,86,97,6
90	0.03503807372684441	11,82,14
91	0.07837067751982718	39,29,5
92	0.04373733987138941	9,28,94,34,37,54,48,25,73
93	0.05743816745217032	34
94	0.09304081699065146	49
95	0.04964582534279502	72,98,22,87,85,8
96	0.0406123027513456	99,97,23,1,80,81,32
97	0.07097630219085015	62,38,33,59,14,95,7,16,25
98	0.06958239991504678	22,16,97,64,74,87,94
99	0.05426761871255516	47,84,7,54,33,87,27
