1	0.026180642699451435	98,86
10	0.07376104986514313	53,27,77,97,40
100	0.017977701658027978	69,55,31,17,6,66,15,87
11	0.06436572547963831	8,4
12	0.07664033500950936	18,33
13	0.050000946771294554	77,44,82,23,28
14	0.03285620415897682	47,29,35,34,8,22
15	0.05710468652127895	76
16	0.05943783244412937	79,24,88,3,76,59
17	0.027180868227703506	33,38,21,54,12,58,8
18	0.08957135978245823	19,53,84,26,70,8,90,59,75
19	0.035568169465052465	1,2,3,4,5,6,7,8,9,10,11,12,13,14,15,16,17,18,19,20,21,22,23,24,25,26,27,28,29,30,31,32,33,34,35,36,37,38,39,40,41,42,43,44,45,46,47,48,49,50,51,52,53,54,55,56,57,58,59,60,61,62,63,64,65,66,67,68,69,70,71,72,73,74,75,76,77,78,79,80,81,82,83,84,85,86,87,88,89,90,91,92,93,94,95,96,97,98,99,100
2	0.04488146835985126	54,4,57,34,36
20	0.05317817902821041	2,51,72,36,44
21	0.03064705559460569	78,47,11,83,80,25
22	0.0641544113297935	64,88,12
23	0.049766541231558346	92,8,54,4,89,66
24	0.04998430861766631	7,31,32,42,16,89,35
25	0.08114401830985646	8,75,39
26	0.08809502018274716	36,5
27	0.05474144333815514	74,5,32,41
28	0.04719790232995186	99,52,43
29	0.059021598010786	91,18,8,34,37,38,80
3	0.0755822539812526	54,39,75,16,11,73,65
30	0.025450514076045573	1,2,3,4,5,6,7,8,9,10,11,12,13,14,15,16,17,18,19,20,21,22,23,24,25,26,27,28,29,30,31,32,33,34,35,36,37,38,39,40,41,42,43,44,45,46,47,48,49,50,51,52,53,54,55,56,57,58,59,60,61,62,63,64,65,66,67,68,69,70,71,72,73,74,75,76,77,78,79,80,81,82,83,84,85,86,87,88,89,90,91,92,93,94,95,96,97,98,99,100
31	0.04889727237736683	88,40,53,13,57,9,41,93
32	0.160899154511093	71,8,95,48,55,94,81,34
33	0.06405961838780845	93,44,42,43,31,17
34	0.11771424918023474	54,88,59,91,12
35	0.0381183306172934	21,65,25,54,56,11,73,4
36	0.07342470259948296	1,2,3,4,5,6,7,8,9,10,11,12,13,14,15,16,17,18,19,20,21,22,23,24,25,26,27,28,29,30,31,32,33,34,35,36,37,38,39,40,41,42,43,44,45,46,47,48,49,50,51,52,53,54,55,56,57,58,59,60,61,62,63,64,65,66,67,68,69,70,71,72,73,74,75,76,77,78,79,80,81,82,83,84,85,86,87,88,89,90,91,92,93,94,95,96,97,98,99,100
37	0.03132960940104999	27,26,54,32,36,8
38	0.037774877458010024	55,72,86,39,75
39	0.08545877506889953	50
4	0.08036428315763795	32
40	0.058926341984898246	75,84
41	0.11029859802691792	15,89,61
42	0.03462640254537575	4,93,76,86
43	0.05222594100333598	80,82
44	0.06914125484379975	64,98,50,16
45	0.03398359227280982	1,2,3,4,5,6,7,8,9,10,11,12,13,14,15,16,17,18,19,20,21,22,23,24,25,26,27,28,29,30,31,32,33,34,35,36,37,38,39,40,41,42,43,44,45,46,47,48,49,50,51,52,53,54,55,56,57,58,59,60,61,62,63,64,65,66,67,68,69,70,71,72,73,74,75,76,77,78,79,80,81,82,83,84,85,86,87,88,89,90,91,92,93,94,95,96,97,98,99,100
46	0.05637616235278255	30,20,25,59,91,11,62,67,26
47	0.048625248122288134	88
48	0.06881374382380996	41
49	0.12921990733733513	58,89,59,94,41,51,87,85,29
5	0.0958575734097202	27,20,87,49,25
50	0.10684388816113183	80,49,48,47,32
51	0.06470854125211441	54,84,82
52	0.030393400252869976	15,72,24,76
53	0.04168145059325909	8,23,9
54	0.11047988348516148	2,22,59,40,90,95,55,48,77
55	0.09449898651638267	80,91,20,65,66
56	0.02490512007846299	43,66,76,77,38,39,40,67,59
57	0.03230593376492526	1,2,3,4,5,6,7,8,9,10,11,12,13,14,15,16,17,18,19,20,21,22,23,24,25,26,27,28,29,30,31,32,33,34,35,36,37,38,39,40,41,42,43,44,45,46,47,48,49,50,51,52,53,54,55,56,57,58,59,60,61,62,63,64,65,66,67,68,69,70,71,72,73,74,75,76,77,78,79,80,81,82,83,84,85,86,87,88,89,90,91,92,93,94,95,96,97,98,99,100
58	0.10501233308026636	98,99,40,55,35,2,96,12,3
59	0.0982160825666732	3,26
6	0.04934428487798692	74,71,40,56,98,79,22,48,78
60	0.024622278407025855	77,15,96,61,59,25,4,35
61	0.053903025449671516	1,2,3,4,5,6,7,8,9,10,11,12,13,14,15,16,17,18,19,20,21,22,23,24,25,26,27,28,29,30,31,32,33,34,35,36,37,38,39,40,41,42,43,44,45,46,47,48,49,50,51,52,53,54,55,56,57,58,59,60,61,62,63,64,65,66,67,68,69,70,71,72,73,74,75,76,77,78,79,80,81,82,83,84,85,86,87,88,89,90,91,92,93,94,95,96,97,98,99,100
62	0.03206585129452096	73,31,37,62,61,24
63	0.027624977268246913	68
64	0.07935011927990487	39,79,28,31,99,98,93,55
65	0.06233560540681704	1,2,3,4,5,6,7,8,9,10,11,12,13,14,15,16,17,18,19,20,21,22,23,24,25,26,27,28,29,30,31,32,33,34,35,36,37,38,39,40,41,42,43,44,45,46,47,48,49,50,51,52,53,54,55,56,57,58,59,60,61,62,63,64,65,66,67,68,69,70,71,72,73,74,75,76,77,78,79,80,81,82,83,84,85,86,87,88,89,90,91,92,93,94,95,96,97,98,99,100
66	0.04223988022927958	1,2,3,4,5,6,7,8,9,10,11,12,13,14,15,16,17,18,19,20,21,22,23,24,25,26,27,28,29,30,31,32,33,34,35,36,37,38,39,40,41,42,43,44,45,46,47,48,49,50,51,52,53,54,55,56,57,58,59,60,61,62,63,64,65,66,67,68,69,70,71,72,73,74,75,76,77,78,79,80,81,82,83,84,85,86,87,88,89,90,91,92,93,94,95,96,97,98,99,100
67	0.023871004620116012	75,60,99,28,54,26
68	0.04749624059803158	34,31,69,1,80,29,43,60
69	0.03635190977234289	58
7	0.042061621638770245	8,92,97
70	0.033093567548989455	94
71	0.037956590411260135	64,18,43,80
72	0.06794804543102197	81,13,58
73	0.036767942896044035	91,64
74	0.04024351412400214	89
75	0.08931447659869306	45,44,28,41,70,24,83,78,84
76	0.09631760091174008	1,2,3,4,5,6,7,8,9,10,11,12,13,14,15,16,17,18,19,20,21,22,23,24,25,26,27,28,29,30,31,32,33,34,35,36,37,38,39,40,41,42,43,44,45,46,47,48,49,50,51,52,53,54,55,56,57,58,59,60,61,62,63,64,65,66,67,68,69,70,71,72,73,74,75,76,77,78,79,80,81,82,83,84,85,86,87,88,89,90,91,92,93,94,95,96,97,98,99,100
77	0.08733157041019177	87,11,54,77,69,63,58
78	0.03292092300115207	50,93,58,87,57,42,11
79	0.036997199221857964	38,51,58,30,96,69,11,82
8	0.14506117297850243	25,51,9,32,72
80	0.09899301668660354	44,76,92,45,46,59,97,96,94
81	0.05678047242994514	32,46,93,23,5
82	0.07722760935865211	46,6,89
83	0.03607580383077983	10
84	0.08119980395693802	1,2,3,4,5,6,7,8,9,10,11,12,13,14,15,16,17,18,19,20,21,22,23,24,25,26,27,28,29,30,31,32,33,34,35,36,37,38,39,40,41,42,43,44,45,46,47,48,49,50,51,52,53,54,55,56,57,58,59,60,61,62,63,64,65,66,67,68,69,70,71,72,73,74,75,76,77,78,79,80,81,82,83,84,85,86,87,88,89,90,91,92,93,94,95,96,97,98,99,100
85	0.0354500898555497	86,22
86	0.06435270284529664	21,65,24,58,68,83,7
87	0.08983620144900713	44,9,19,26,4,65,12
88	0.10747050072090475	1,2,3,4,5,6,7,8,9,10,11,12,13,14,15,16,17,18,19,20,21,22,23,24,25,26,27,28,29,30,31,32,33,34,35,36,37,38,39,40,41,42,43,44,45,46,47,48,49,50,51,52,53,54,55,56,57,58,59,60,61,62,63,64,65,66,67,68,69,70,71,72,73,74,75,76,77,78,79,80,81,82,83,84,85,86,87,88,89,90,91,92,93,94,95,96,97,98,99,100
89	0.12651628153906688	10,77,18,55
9	0.07103387909106142	13,34,87,86,97,6
90	0.035093380235613564	11,82,14
91	0.07851913450249097	39,29,5
92	0.043804498573189764	9,28,94,34,37,54,48,25,73
93	0.05753583701161874	34
94	0.09322014933596796	49
95	0.049736721784478424	72,98,22,87,85,8
96	0.040676090576525846	99,97,23,1,80,81,32
97	0.07110408323890938	62,38,33,59,14,95,7,16,25
98	0.06970483983221554	22,16,97,64,74,87,94
99	0.054357412130594376	47,84,7,54,33,87,27
