1	0.03123291416234165	98,86
10	0.09615191313482628	53,27,77,97,40
100	0.020027550622253407	69,55,31,17,6,66,15,87
11	0.0846527915644476	8,4
12	0.1027399796355755	18,33
13	0.06515319066266574	77,44,82,23,28
14	0.0407335893201166	47,29,35,34,8,22
15	0.07536040664503017	76
16	0.07902276892593559	79,24,88,3,76,59
17	0.032945159711358196	33,38,21,54,12,58,8
18	0.12135970592042215	19,53,84,26,70,8,90,59,75
19	0.045770162492098504	1,2,3,4,5,6,7,8,9,10,11,12,13,14,15,16,17,18,19,20,21,22,23,24,25,26,27,28,29,30,31,32,33,34,35,36,37,38,39,40,41,42,43,44,45,46,47,48,49,50,51,52,53,54,55,56,57,58,59,60,61,62,63,64,65,66,67,68,69,70,71,72,73,74,75,76,77,78,79,80,81,82,83,84,85,86,87,88,89,90,91,92,93,94,95,96,97,98,99,100
2	0.058606904984340166	54,4,57,34,36
20	0.071001801654595	2,51,72,36,44
21	0.03728248514417933	78,47,11,83,80,25
22	0.08433987339562718	64,88,12
23	0.06408510254928618	92,8,54,4,89,66
24	0.06423221534615528	7,31,32,42,16,89,35
25	0.1091124124065091	8,75,39
26	0.12021701468432228	36,5
27	0.07177328994768309	74,5,32,41
28	0.06097770640279958	99,52,43
29	0.07802420532003182	91,18,8,34,37,38,80
3	0.10267737172332922	54,39,75,16,11,73,65
30	0.03072617430899916	1,2,3,4,5,6,7,8,9,10,11,12,13,14,15,16,17,18,19,20,21,22,23,24,25,26,27,28,29,30,31,32,33,34,35,36,37,38,39,40,41,42,43,44,45,46,47,48,49,50,51,52,53,54,55,56,57,58,59,60,61,62,63,64,65,66,67,68,69,70,71,72,73,74,75,76,77,78,79,80,81,82,83,84,85,86,87,88,89,90,91,92,93,94,95,96,97,98,99,100
31	0.06257083252835433	88,40,53,13,57,9,41,93
32	0.21971629860272468	71,8,95,48,55,94,81,34
33	0.0848088374678277	93,44,42,43,31,17
34	0.15802104375401824	54,88,59,91,12
35	0.04785582614709216	21,65,25,54,56,11,73,4
36	0.09907979581773918	1,2,3,4,5,6,7,8,9,10,11,12,13,14,15,16,17,18,19,20,21,22,23,24,25,26,27,28,29,30,31,32,33,34,35,36,37,38,39,40,41,42,43,44,45,46,47,48,49,50,51,52,53,54,55,56,57,58,59,60,61,62,63,64,65,66,67,68,69,70,71,72,73,74,75,76,77,78,79,80,81,82,83,84,85,86,87,88,89,90,91,92,93,94,95,96,97,98,99,100
37	0.038736102240023086	27,26,54,32,36,8
38	0.04770380959836308	55,72,86,39,75
39	0.115255806312059	50
4	0.10622753395183156	32
40	0.07742393743015168	75,84
41	0.15159623852824017	15,89,61
42	0.043338792914481096	4,93,76,86
43	0.06699653212795166	80,82
44	0.09302124679005046	64,98,50,16
45	0.04319007931687348	1,2,3,4,5,6,7,8,9,10,11,12,13,14,15,16,17,18,19,20,21,22,23,24,25,26,27,28,29,30,31,32,33,34,35,36,37,38,39,40,41,42,43,44,45,46,47,48,49,50,51,52,53,54,55,56,57,58,59,60,61,62,63,64,65,66,67,68,69,70,71,72,73,74,75,76,77,78,79,80,81,82,83,84,85,86,87,88,89,90,91,92,93,94,95,96,97,98,99,100
46	0.07403344137793771	30,20,25,59,91,11,62,67,26
47	0.06318176190402842	88
48	0.09324780779616619	41
49	0.17807004345874816	58,89,59,94,41,51,87,85,29
5	0.13075122609823098	27,20,87,49,25
50	0.14582967395697152	80,49,48,47,32
51	0.08727868848098184	54,84,82
52	0.03703651109169804	15,72,24,76
53	0.05345069880143891	8,23,9
54	0.14913048222456837	2,22,59,40,90,95,55,48,77
55	0.12866467764512324	80,91,20,65,66
56	0.029780028918029368	43,66,76,77,38,39,40,67,59
57	0.03997897583286068	1,2,3,4,5,6,7,8,9,10,11,12,13,14,15,16,17,18,19,20,21,22,23,24,25,26,27,28,29,30,31,32,33,34,35,36,37,38,39,40,41,42,43,44,45,46,47,48,49,50,51,52,53,54,55,56,57,58,59,60,61,62,63,64,65,66,67,68,69,70,71,72,73,74,75,76,77,78,79,80,81,82,83,84,85,86,87,88,89,90,91,92,93,94,95,96,97,98,99,100
58	0.13935945868120456	98,99,40,55,35,2,96,12,3
59	0.134145645657888	3,26
6	0.06381514050436066	74,71,40,56,98,79,22,48,78
60	0.028806174107698895	77,15,96,61,59,25,4,35
61	0.07155116761671847	1,2,3,4,5,6,7,8,9,10,11,12,13,14,15,16,17,18,19,20,21,22,23,24,25,26,27,28,29,30,31,32,33,34,35,36,37,38,39,40,41,42,43,44,45,46,47,48,49,50,51,52,53,54,55,56,57,58,59,60,61,62,63,64,65,66,67,68,69,70,71,72,73,74,75,76,77,78,79,80,81,82,83,84,85,86,87,88,89,90,91,92,93,94,95,96,97,98,99,100
62	0.03992245342238638	73,31,37,62,61,24
63	0.034031356661796554	68
64	0.1048643282194547	39,79,28,31,99,98,93,55
65	0.08347155153963273	1,2,3,4,5,6,7,8,9,10,11,12,13,14,15,16,17,18,19,20,21,22,23,24,25,26,27,28,29,30,31,32,33,34,35,36,37,38,39,40,41,42,43,44,45,46,47,48,49,50,51,52,53,54,55,56,57,58,59,60,61,62,63,64,65,66,67,68,69,70,71,72,73,74,75,76,77,78,79,80,81,82,83,84,85,86,87,88,89,90,91,92,93,94,95,96,97,98,99,100
66	0.054307175831383586	1,2,3,4,5,6,7,8,9,10,11,12,13,14,15,16,17,18,19,20,21,22,23,24,25,26,27,28,29,30,31,32,33,34,35,36,37,38,39,40,41,42,43,44,45,46,47,48,49,50,51,52,53,54,55,56,57,58,59,60,61,62,63,64,65,66,67,68,69,70,71,72,73,74,75,76,77,78,79,80,81,82,83,84,85,86,87,88,89,90,91,92,93,94,95,96,97,98,99,100
67	0.028424426623603557	75,60,99,28,54,26
68	0.05849739908419456	34,31,69,1,80,29,43,60
69	0.045653556808902374	58
7	0.05351791856237781	8,92,97
70	0.042094220597039905	94
71	0.0489664337219891	64,18,43,80
72	0.09017839227010901	81,13,58
73	0.04654769865876374	91,64
74	0.05128275124849405	89
75	0.12008339617021865	45,44,28,41,70,24,83,78,84
76	0.12800572010460914	1,2,3,4,5,6,7,8,9,10,11,12,13,14,15,16,17,18,19,20,21,22,23,24,25,26,27,28,29,30,31,32,33,34,35,36,37,38,39,40,41,42,43,44,45,46,47,48,49,50,51,52,53,54,55,56,57,58,59,60,61,62,63,64,65,66,67,68,69,70,71,72,73,74,75,76,77,78,79,80,81,82,83,84,85,86,87,88,89,90,91,92,93,94,95,96,97,98,99,100
77	0.11782729798112168	87,11,54,77,69,63,58
78	0.04110331280123631	50,93,58,87,57,42,11
79	0.047108353070219586	38,51,58,30,96,69,11,82
8	0.196380529502308	25,51,9,32,72
80	0.13263391338077093	44,76,92,45,46,59,97,96,94
81	0.07521982152921046	32,46,93,23,5
82	0.10177260038562926	46,6,89
83	0.04519524644980279	10
84	0.10926333980052806	1,2,3,4,5,6,7,8,9,10,11,12,13,14,15,16,17,18,19,20,21,22,23,24,25,26,27,28,29,30,31,32,33,34,35,36,37,38,39,40,41,42,43,44,45,46,47,48,49,50,51,52,53,54,55,56,57,58,59,60,61,62,63,64,65,66,67,68,69,70,71,72,73,74,75,76,77,78,79,80,81,82,83,84,85,86,87,88,89,90,91,92,93,94,95,96,97,98,99,100
85	0.04563304785625917	86,22
86	0.08216714112342258	21,65,24,58,68,83,7
87	0.12217689822906395	44,9,19,26,4,65,12
88	0.14384006330757534	1,2,3,4,5,6,7,8,9,10,11,12,13,14,15,16,17,18,19,20,21,22,23,24,25,26,27,28,29,30,31,32,33,34,35,36,37,38,39,40,41,42,43,44,45,46,47,48,49,50,51,52,53,54,55,56,57,58,59,60,61,62,63,64,65,66,67,68,69,70,71,72,73,74,75,76,77,78,79,80,81,82,83,84,85,86,87,88,89,90,91,92,93,94,95,96,97,98,99,100
89	0.1714025062110435	10,77,18,55
9	0.09493254820358284	13,34,87,86,97,6
90	0.044969778410783076	11,82,14
91	0.10502995519538108	39,29,5
92	0.05579739580655403	9,28,94,34,37,54,48,25,73
93	0.07497725931886734	34
94	0.1252445360749189	49
95	0.06596860484308706	72,98,22,87,85,8
96	0.052067043109903115	99,97,23,1,80,81,32
97	0.09392265525454452	62,38,33,59,14,95,7,16,25
98	0.09156963278257815	22,16,97,64,74,87,94
99	0.07039233395325367	47,84,7,54,33,87,27
