1	0.026290065276306937	98,86
10	0.07424599308986575	53,27,77,97,40
100	0.018022097475094905	69,55,31,17,6,66,15,87
11	0.06480510457832467	8,4
12	0.0772056030709453	18,33
13	0.05032911586601887	77,44,82,23,28
14	0.0330268131920171	47,29,35,34,8,22
15	0.0575000707265931	76
16	0.05986200471226989	79,24,88,3,76,59
17	0.027305711652600408	33,38,21,54,12,58,8
18	0.09025983478613636	19,53,84,26,70,8,90,59,75
19	0.03578912509528624	1,2,3,4,5,6,7,8,9,10,11,12,13,14,15,16,17,18,19,20,21,22,23,24,25,26,27,28,29,30,31,32,33,34,35,36,37,38,39,40,41,42,43,44,45,46,47,48,49,50,51,52,53,54,55,56,57,58,59,60,61,62,63,64,65,66,67,68,69,70,71,72,73,74,75,76,77,78,79,80,81,82,83,84,85,86,87,88,89,90,91,92,93,94,95,96,97,98,99,100
2	0.04517873507773857	54,4,57,34,36
20	0.05356420492382346	2,51,72,36,44
21	0.030790766288036314	78,47,11,83,80,25
22	0.06459158999778365	64,88,12
23	0.050076653497259156	92,8,54,4,89,66
24	0.050292891070890966	7,31,32,42,16,89,35
25	0.08174976033194398	8,75,39
26	0.08879072147339936	36,5
27	0.055110321005665444	74,5,32,41
28	0.04749634640823251	99,52,43
29	0.059433158467879395	91,18,8,34,37,38,80
3	0.07616908276151985	54,39,75,16,11,73,65
30	0.02556477484504141	1,2,3,4,5,6,7,8,9,10,11,12,13,14,15,16,17,18,19,20,21,22,23,24,25,26,27,28,29,30,31,32,33,34,35,36,37,38,39,40,41,42,43,44,45,46,47,48,49,50,51,52,53,54,55,56,57,58,59,60,61,62,63,64,65,66,67,68,69,70,71,72,73,74,75,76,77,78,79,80,81,82,83,84,85,86,87,88,89,90,91,92,93,94,95,96,97,98,99,100
31	0.049193415477064434	88,40,53,13,57,9,41,93
32	0.16217302059905545	71,8,95,48,55,94,81,34
33	0.06450900717198761	93,44,42,43,31,17
34	0.11858721837097741	54,88,59,91,12
35	0.03832922620190804	21,65,25,54,56,11,73,4
36	0.07398034265017922	1,2,3,4,5,6,7,8,9,10,11,12,13,14,15,16,17,18,19,20,21,22,23,24,25,26,27,28,29,30,31,32,33,34,35,36,37,38,39,40,41,42,43,44,45,46,47,48,49,50,51,52,53,54,55,56,57,58,59,60,61,62,63,64,65,66,67,68,69,70,71,72,73,74,75,76,77,78,79,80,81,82,83,84,85,86,87,88,89,90,91,92,93,94,95,96,97,98,99,100
37	0.03149001979466719	27,26,54,32,36,8
38	0.03798991908692005	55,72,86,39,75
39	0.08610412197567872	50
4	0.08092443208437083	32
40	0.05932696476061025	75,84
41	0.11119302616868379	15,89,61
42	0.03481509613516493	4,93,76,86
43	0.05254584368578338	80,82
44	0.06965844964657732	64,98,50,16
45	0.03418298735628715	1,2,3,4,5,6,7,8,9,10,11,12,13,14,15,16,17,18,19,20,21,22,23,24,25,26,27,28,29,30,31,32,33,34,35,36,37,38,39,40,41,42,43,44,45,46,47,48,49,50,51,52,53,54,55,56,57,58,59,60,61,62,63,64,65,66,67,68,69,70,71,72,73,74,75,76,77,78,79,80,81,82,83,84,85,86,87,88,89,90,91,92,93,94,95,96,97,98,99,100
46	0.05675858508393914	30,20,25,59,91,11,62,67,26
47	0.04894051439211532	88
48	0.06934293923380391	41
49	0.13027790797392494	58,89,59,94,41,51,87,85,29
5	0.09661330280975527	27,20,87,49,25
50	0.1076882460200943	80,49,48,47,32
51	0.06519736738857979	54,84,82
52	0.030537277429363692	15,72,24,76
53	0.041936350165363526	8,23,9
54	0.11131698161811994	2,22,59,40,90,95,55,48,77
55	0.09523895043621457	80,91,20,65,66
56	0.025010701301179078	43,66,76,77,38,39,40,67,59
57	0.03247211724745394	1,2,3,4,5,6,7,8,9,10,11,12,13,14,15,16,17,18,19,20,21,22,23,24,25,26,27,28,29,30,31,32,33,34,35,36,37,38,39,40,41,42,43,44,45,46,47,48,49,50,51,52,53,54,55,56,57,58,59,60,61,62,63,64,65,66,67,68,69,70,71,72,73,74,75,76,77,78,79,80,81,82,83,84,85,86,87,88,89,90,91,92,93,94,95,96,97,98,99,100
58	0.10575622644258714	98,99,40,55,35,2,96,12,3
59	0.0989942481009562	3,26
6	0.0496576959961377	74,71,40,56,98,79,22,48,78
60	0.024712893631574143	77,15,96,61,59,25,4,35
61	0.05428525071036079	1,2,3,4,5,6,7,8,9,10,11,12,13,14,15,16,17,18,19,20,21,22,23,24,25,26,27,28,29,30,31,32,33,34,35,36,37,38,39,40,41,42,43,44,45,46,47,48,49,50,51,52,53,54,55,56,57,58,59,60,61,62,63,64,65,66,67,68,69,70,71,72,73,74,75,76,77,78,79,80,81,82,83,84,85,86,87,88,89,90,91,92,93,94,95,96,97,98,99,100
62	0.032236010254312865	73,31,37,62,61,24
63	0.02776372725291825	68
64	0.07990270844938646	39,79,28,31,99,98,93,55
65	0.06279336938266009	1,2,3,4,5,6,7,8,9,10,11,12,13,14,15,16,17,18,19,20,21,22,23,24,25,26,27,28,29,30,31,32,33,34,35,36,37,38,39,40,41,42,43,44,45,46,47,48,49,50,51,52,53,54,55,56,57,58,59,60,61,62,63,64,65,66,67,68,69,70,71,72,73,74,75,76,77,78,79,80,81,82,83,84,85,86,87,88,89,90,91,92,93,94,95,96,97,98,99,100
66	0.042501234932031354	1,2,3,4,5,6,7,8,9,10,11,12,13,14,15,16,17,18,19,20,21,22,23,24,25,26,27,28,29,30,31,32,33,34,35,36,37,38,39,40,41,42,43,44,45,46,47,48,49,50,51,52,53,54,55,56,57,58,59,60,61,62,63,64,65,66,67,68,69,70,71,72,73,74,75,76,77,78,79,80,81,82,83,84,85,86,87,88,89,90,91,92,93,94,95,96,97,98,99,100
67	0.023969623098724326	75,60,99,28,54,26
68	0.0477345045530716	34,31,69,1,80,29,43,60
69	0.03655336576588354	58
7	0.04230974297815158	8,92,97
70	0.0332885045727645	94
71	0.0381950429468946	64,18,43,80
72	0.0684295120042898	81,13,58
73	0.036979753569620084	91,64
74	0.040482602773879516	89
75	0.08998087245538827	45,44,28,41,70,24,83,78,84
76	0.09700390553301715	1,2,3,4,5,6,7,8,9,10,11,12,13,14,15,16,17,18,19,20,21,22,23,24,25,26,27,28,29,30,31,32,33,34,35,36,37,38,39,40,41,42,43,44,45,46,47,48,49,50,51,52,53,54,55,56,57,58,59,60,61,62,63,64,65,66,67,68,69,70,71,72,73,74,75,76,77,78,79,80,81,82,83,84,85,86,87,88,89,90,91,92,93,94,95,96,97,98,99,100
77	0.08799204958342302	87,11,54,77,69,63,58
78	0.03309813804210698	50,93,58,87,57,42,11
79	0.0372161875207059	38,51,58,30,96,69,11,82
8	0.14617265286166203	25,51,9,32,72
80	0.09972161422760209	44,76,92,45,46,59,97,96,94
81	0.05717983413117169	32,46,93,23,5
82	0.07775920723318536	46,6,89
83	0.03627331356746402	10
84	0.08180760667394679	1,2,3,4,5,6,7,8,9,10,11,12,13,14,15,16,17,18,19,20,21,22,23,24,25,26,27,28,29,30,31,32,33,34,35,36,37,38,39,40,41,42,43,44,45,46,47,48,49,50,51,52,53,54,55,56,57,58,59,60,61,62,63,64,65,66,67,68,69,70,71,72,73,74,75,76,77,78,79,80,81,82,83,84,85,86,87,88,89,90,91,92,93,94,95,96,97,98,99,100
85	0.03567063327944514	86,22
86	0.0647385299184077	21,65,24,58,68,83,7
87	0.09053663958275839	44,9,19,26,4,65,12
88	0.10825819613409662	1,2,3,4,5,6,7,8,9,10,11,12,13,14,15,16,17,18,19,20,21,22,23,24,25,26,27,28,29,30,31,32,33,34,35,36,37,38,39,40,41,42,43,44,45,46,47,48,49,50,51,52,53,54,55,56,57,58,59,60,61,62,63,64,65,66,67,68,69,70,71,72,73,74,75,76,77,78,79,80,81,82,83,84,85,86,87,88,89,90,91,92,93,94,95,96,97,98,99,100
89	0.1274884322229518	10,77,18,55
9	0.07155147828569829	13,34,87,86,97,6
90	0.03530728417897343	11,82,14
91	0.07909330804404721	39,29,5
92	0.04406424216333364	9,28,94,34,37,54,48,25,73
93	0.05791358466514452	34
94	0.09391373670369153	49
95	0.050088273667722664	72,98,22,87,85,8
96	0.040922796934386094	99,97,23,1,80,81,32
97	0.07159829035258941	62,38,33,59,14,95,7,16,25
98	0.07017838954073842	22,16,97,64,74,87,94
99	0.05470469794981897	47,84,7,54,33,87,27
