1	0.026151646901997474	98,86
10	0.07363254516414998	53,27,77,97,40
100	0.017965937247460532	69,55,31,17,6,66,15,87
11	0.0642492947784327	8,4
12	0.07649054509697399	18,33
13	0.04991398551636227	77,44,82,23,28
14	0.03281099461348801	47,29,35,34,8,22
15	0.056999913990205035	76
16	0.05932543138827753	79,24,88,3,76,59
17	0.027147786072577996	33,38,21,54,12,58,8
18	0.08938892136497222	19,53,84,26,70,8,90,59,75
19	0.03550961861672955	1,2,3,4,5,6,7,8,9,10,11,12,13,14,15,16,17,18,19,20,21,22,23,24,25,26,27,28,29,30,31,32,33,34,35,36,37,38,39,40,41,42,43,44,45,46,47,48,49,50,51,52,53,54,55,56,57,58,59,60,61,62,63,64,65,66,67,68,69,70,71,72,73,74,75,76,77,78,79,80,81,82,83,84,85,86,87,88,89,90,91,92,93,94,95,96,97,98,99,100
2	0.04480269590000468	54,4,57,34,36
20	0.05307588634782542	2,51,72,36,44
21	0.030608973817714394	78,47,11,83,80,25
22	0.06403856371888436	64,88,12
23	0.0496843648407015	92,8,54,4,89,66
24	0.04990253761054261	7,31,32,42,16,89,35
25	0.08098350323621686	8,75,39
26	0.08791066687749784	36,5
27	0.05464369475244466	74,5,32,41
28	0.04711881788235581	99,52,43
29	0.05891253894823351	91,18,8,34,37,38,80
3	0.0754267507118016	54,39,75,16,11,73,65
30	0.025420236210088234	1,2,3,4,5,6,7,8,9,10,11,12,13,14,15,16,17,18,19,20,21,22,23,24,25,26,27,28,29,30,31,32,33,34,35,36,37,38,39,40,41,42,43,44,45,46,47,48,49,50,51,52,53,54,55,56,57,58,59,60,61,62,63,64,65,66,67,68,69,70,71,72,73,74,75,76,77,78,79,80,81,82,83,84,85,86,87,88,89,90,91,92,93,94,95,96,97,98,99,100
31	0.04881879766416799	88,40,53,13,57,9,41,93
32	0.1605615937980164	71,8,95,48,55,94,81,34
33	0.06394053522838561	93,44,42,43,31,17
34	0.11748292180186606	54,88,59,91,12
35	0.038062445572075575	21,65,25,54,56,11,73,4
36	0.07327746400549004	1,2,3,4,5,6,7,8,9,10,11,12,13,14,15,16,17,18,19,20,21,22,23,24,25,26,27,28,29,30,31,32,33,34,35,36,37,38,39,40,41,42,43,44,45,46,47,48,49,50,51,52,53,54,55,56,57,58,59,60,61,62,63,64,65,66,67,68,69,70,71,72,73,74,75,76,77,78,79,80,81,82,83,84,85,86,87,88,89,90,91,92,93,94,95,96,97,98,99,100
37	0.031287102384522925	27,26,54,32,36,8
38	0.03771789375596947	55,72,86,39,75
39	0.0852877651298701	50
4	0.0802158497603415	32
40	0.05882018128942014	75,84
41	0.11006158425900052	15,89,61
42	0.03457640078826479	4,93,76,86
43	0.05214117025810423	80,82
44	0.0690042038240146	64,98,50,16
45	0.03393075473580448	1,2,3,4,5,6,7,8,9,10,11,12,13,14,15,16,17,18,19,20,21,22,23,24,25,26,27,28,29,30,31,32,33,34,35,36,37,38,39,40,41,42,43,44,45,46,47,48,49,50,51,52,53,54,55,56,57,58,59,60,61,62,63,64,65,66,67,68,69,70,71,72,73,74,75,76,77,78,79,80,81,82,83,84,85,86,87,88,89,90,91,92,93,94,95,96,97,98,99,100
46	0.056274824471944256	30,20,25,59,91,11,62,67,26
47	0.04854170597617287	88
48	0.06867351277311912	41
49	0.12893954863032686	58,89,59,94,41,51,87,85,29
5	0.09565731330578987	27,20,87,49,25
50	0.1066201424757285	80,49,48,47,32
51	0.0645790076215743	54,84,82
52	0.03035527435977052	15,72,24,76
53	0.04161390496806693	8,23,9
54	0.11025806154850211	2,22,59,40,90,95,55,48,77
55	0.09430290409391323	80,91,20,65,66
56	0.024877142198241255	43,66,76,77,38,39,40,67,59
57	0.0322618969423785	1,2,3,4,5,6,7,8,9,10,11,12,13,14,15,16,17,18,19,20,21,22,23,24,25,26,27,28,29,30,31,32,33,34,35,36,37,38,39,40,41,42,43,44,45,46,47,48,49,50,51,52,53,54,55,56,57,58,59,60,61,62,63,64,65,66,67,68,69,70,71,72,73,74,75,76,77,78,79,80,81,82,83,84,85,86,87,88,89,90,91,92,93,94,95,96,97,98,99,100
58	0.10481520939810635	98,99,40,55,35,2,96,12,3
59	0.09800987713022558	3,26
6	0.04926123432696838	74,71,40,56,98,79,22,48,78
60	0.02459826635418673	77,15,96,61,59,25,4,35
61	0.05380173989636775	1,2,3,4,5,6,7,8,9,10,11,12,13,14,15,16,17,18,19,20,21,22,23,24,25,26,27,28,29,30,31,32,33,34,35,36,37,38,39,40,41,42,43,44,45,46,47,48,49,50,51,52,53,54,55,56,57,58,59,60,61,62,63,64,65,66,67,68,69,70,71,72,73,74,75,76,77,78,79,80,81,82,83,84,85,86,87,88,89,90,91,92,93,94,95,96,97,98,99,100
62	0.0320207610135672	73,31,37,62,61,24
63	0.02758821002543574	68
64	0.0792036891363825	39,79,28,31,99,98,93,55
65	0.06221430291233469	1,2,3,4,5,6,7,8,9,10,11,12,13,14,15,16,17,18,19,20,21,22,23,24,25,26,27,28,29,30,31,32,33,34,35,36,37,38,39,40,41,42,43,44,45,46,47,48,49,50,51,52,53,54,55,56,57,58,59,60,61,62,63,64,65,66,67,68,69,70,71,72,73,74,75,76,77,78,79,80,81,82,83,84,85,86,87,88,89,90,91,92,93,94,95,96,97,98,99,100
66	0.04217062406439654	1,2,3,4,5,6,7,8,9,10,11,12,13,14,15,16,17,18,19,20,21,22,23,24,25,26,27,28,29,30,31,32,33,34,35,36,37,38,39,40,41,42,43,44,45,46,47,48,49,50,51,52,53,54,55,56,57,58,59,60,61,62,63,64,65,66,67,68,69,70,71,72,73,74,75,76,77,78,79,80,81,82,83,84,85,86,87,88,89,90,91,92,93,94,95,96,97,98,99,100
67	0.023844871791653014	75,60,99,28,54,26
68	0.04743310323114214	34,31,69,1,80,29,43,60
69	0.03629852611649731	58
7	0.04199587217181879	8,92,97
70	0.033041911349509505	94
71	0.037893403072556064	64,18,43,80
72	0.06782046200500053	81,13,58
73	0.03671181536216495	91,64
74	0.040180158221914994	89
75	0.08913788891596648	45,44,28,41,70,24,83,78,84
76	0.09613573762207787	1,2,3,4,5,6,7,8,9,10,11,12,13,14,15,16,17,18,19,20,21,22,23,24,25,26,27,28,29,30,31,32,33,34,35,36,37,38,39,40,41,42,43,44,45,46,47,48,49,50,51,52,53,54,55,56,57,58,59,60,61,62,63,64,65,66,67,68,69,70,71,72,73,74,75,76,77,78,79,80,81,82,83,84,85,86,87,88,89,90,91,92,93,94,95,96,97,98,99,100
77	0.08715655058448564	87,11,54,77,69,63,58
78	0.03287396293513106	50,93,58,87,57,42,11
79	0.03693916969503952	38,51,58,30,96,69,11,82
8	0.1447666428505125	25,51,9,32,72
80	0.09879994623138896	44,76,92,45,46,59,97,96,94
81	0.05667464590554398	32,46,93,23,5
82	0.07708674168088507	46,6,89
83	0.036023465890250045	10
84	0.0810387428214685	1,2,3,4,5,6,7,8,9,10,11,12,13,14,15,16,17,18,19,20,21,22,23,24,25,26,27,28,29,30,31,32,33,34,35,36,37,38,39,40,41,42,43,44,45,46,47,48,49,50,51,52,53,54,55,56,57,58,59,60,61,62,63,64,65,66,67,68,69,70,71,72,73,74,75,76,77,78,79,80,81,82,83,84,85,86,87,88,89,90,91,92,93,94,95,96,97,98,99,100
85	0.03539164823744087	86,22
86	0.06425046285072078	21,65,24,58,68,83,7
87	0.08965059293165241	44,9,19,26,4,65,12
88	0.10726176996978677	1,2,3,4,5,6,7,8,9,10,11,12,13,14,15,16,17,18,19,20,21,22,23,24,25,26,27,28,29,30,31,32,33,34,35,36,37,38,39,40,41,42,43,44,45,46,47,48,49,50,51,52,53,54,55,56,57,58,59,60,61,62,63,64,65,66,67,68,69,70,71,72,73,74,75,76,77,78,79,80,81,82,83,84,85,86,87,88,89,90,91,92,93,94,95,96,97,98,99,100
89	0.12625867213948305	10,77,18,55
9	0.07089672091181441	13,34,87,86,97,6
90	0.03503669800791886	11,82,14
91	0.07836698473419984	39,29,5
92	0.04373566933569409	9,28,94,34,37,54,48,25,73
93	0.057435737975705906	34
94	0.09303635619739391	49
95	0.04964356434390226	72,98,22,87,85,8
96	0.04061071606434847	99,97,23,1,80,81,32
97	0.07097312370770133	62,38,33,59,14,95,7,16,25
98	0.06957935428958531	22,16,97,64,74,87,94
99	0.05426538515076766	47,84,7,54,33,87,27
