1	0.026156646738576456	98,86
10	0.07365470363403227	53,27,77,97,40
100	0.01796796582178682	69,55,31,17,6,66,15,87
11	0.0642693712905455	8,4
12	0.07651637384284815	18,33
13	0.04992898051914001	77,44,82,23,28
14	0.03281879023765089	47,29,35,34,8,22
15	0.05701798024736412	76
16	0.05934481305596426	79,24,88,3,76,59
17	0.027153490532666417	33,38,21,54,12,58,8
18	0.08942037979527084	19,53,84,26,70,8,90,59,75
19	0.03551971472371333	1,2,3,4,5,6,7,8,9,10,11,12,13,14,15,16,17,18,19,20,21,22,23,24,25,26,27,28,29,30,31,32,33,34,35,36,37,38,39,40,41,42,43,44,45,46,47,48,49,50,51,52,53,54,55,56,57,58,59,60,61,62,63,64,65,66,67,68,69,70,71,72,73,74,75,76,77,78,79,80,81,82,83,84,85,86,87,88,89,90,91,92,93,94,95,96,97,98,99,100
2	0.04481627888308291	54,4,57,34,36
20	0.05309352499652832	2,51,72,36,44
21	0.030615540378313252	78,47,11,83,80,25
22	0.06405853968690285	64,88,12
23	0.049698534774313005	92,8,54,4,89,66
24	0.049916637642561615	7,31,32,42,16,89,35
25	0.08101118135536275	8,75,39
26	0.08794245549791795	36,5
27	0.05466054984860661	74,5,32,41
28	0.04713245466246323	99,52,43
29	0.05893134434550135	91,18,8,34,37,38,80
3	0.0754535646297836	54,39,75,16,11,73,65
30	0.025425457117772783	1,2,3,4,5,6,7,8,9,10,11,12,13,14,15,16,17,18,19,20,21,22,23,24,25,26,27,28,29,30,31,32,33,34,35,36,37,38,39,40,41,42,43,44,45,46,47,48,49,50,51,52,53,54,55,56,57,58,59,60,61,62,63,64,65,66,67,68,69,70,71,72,73,74,75,76,77,78,79,80,81,82,83,84,85,86,87,88,89,90,91,92,93,94,95,96,97,98,99,100
31	0.04883232930585502	88,40,53,13,57,9,41,93
32	0.16061980045377566	71,8,95,48,55,94,81,34
33	0.06396106911221373	93,44,42,43,31,17
34	0.11752281030949979	54,88,59,91,12
35	0.03807208200624304	21,65,25,54,56,11,73,4
36	0.0733028528194812	1,2,3,4,5,6,7,8,9,10,11,12,13,14,15,16,17,18,19,20,21,22,23,24,25,26,27,28,29,30,31,32,33,34,35,36,37,38,39,40,41,42,43,44,45,46,47,48,49,50,51,52,53,54,55,56,57,58,59,60,61,62,63,64,65,66,67,68,69,70,71,72,73,74,75,76,77,78,79,80,81,82,83,84,85,86,87,88,89,90,91,92,93,94,95,96,97,98,99,100
37	0.03129443200311448	27,26,54,32,36,8
38	0.03772771963498937	55,72,86,39,75
39	0.08531725291167316	50
4	0.08024144459802528	32
40	0.05883848691213475	75,84
41	0.11010245328867414	15,89,61
42	0.03458502274855451	4,93,76,86
43	0.05215578754440271	80,82
44	0.06902783596253387	64,98,50,16
45	0.03393986567854307	1,2,3,4,5,6,7,8,9,10,11,12,13,14,15,16,17,18,19,20,21,22,23,24,25,26,27,28,29,30,31,32,33,34,35,36,37,38,39,40,41,42,43,44,45,46,47,48,49,50,51,52,53,54,55,56,57,58,59,60,61,62,63,64,65,66,67,68,69,70,71,72,73,74,75,76,77,78,79,80,81,82,83,84,85,86,87,88,89,90,91,92,93,94,95,96,97,98,99,100
46	0.056292298481557417	30,20,25,59,91,11,62,67,26
47	0.04855611141126039	88
48	0.06869769325437217	41
49	0.1289878917642159	58,89,59,94,41,51,87,85,29
5	0.09569184478555111	27,20,87,49,25
50	0.10665872364819134	80,49,48,47,32
51	0.06460134351301551	54,84,82
52	0.030361848527465943	15,72,24,76
53	0.04162555207272484	8,23,9
54	0.1102963110029167	2,22,59,40,90,95,55,48,77
55	0.09433671520291667	80,91,20,65,66
56	0.024881966512149405	43,66,76,77,38,39,40,67,59
57	0.03226949035023497	1,2,3,4,5,6,7,8,9,10,11,12,13,14,15,16,17,18,19,20,21,22,23,24,25,26,27,28,29,30,31,32,33,34,35,36,37,38,39,40,41,42,43,44,45,46,47,48,49,50,51,52,53,54,55,56,57,58,59,60,61,62,63,64,65,66,67,68,69,70,71,72,73,74,75,76,77,78,79,80,81,82,83,84,85,86,87,88,89,90,91,92,93,94,95,96,97,98,99,100
58	0.1048492000547942	98,99,40,55,35,2,96,12,3
59	0.09804543378237743	3,26
6	0.04927555499476676	74,71,40,56,98,79,22,48,78
60	0.024602406828002365	77,15,96,61,59,25,4,35
61	0.053819204882979504	1,2,3,4,5,6,7,8,9,10,11,12,13,14,15,16,17,18,19,20,21,22,23,24,25,26,27,28,29,30,31,32,33,34,35,36,37,38,39,40,41,42,43,44,45,46,47,48,49,50,51,52,53,54,55,56,57,58,59,60,61,62,63,64,65,66,67,68,69,70,71,72,73,74,75,76,77,78,79,80,81,82,83,84,85,86,87,88,89,90,91,92,93,94,95,96,97,98,99,100
62	0.03202853607257108	73,31,37,62,61,24
63	0.027594549916787503	68
64	0.07922893854671555	39,79,28,31,99,98,93,55
65	0.06223521948308938	1,2,3,4,5,6,7,8,9,10,11,12,13,14,15,16,17,18,19,20,21,22,23,24,25,26,27,28,29,30,31,32,33,34,35,36,37,38,39,40,41,42,43,44,45,46,47,48,49,50,51,52,53,54,55,56,57,58,59,60,61,62,63,64,65,66,67,68,69,70,71,72,73,74,75,76,77,78,79,80,81,82,83,84,85,86,87,88,89,90,91,92,93,94,95,96,97,98,99,100
66	0.0421825661227949	1,2,3,4,5,6,7,8,9,10,11,12,13,14,15,16,17,18,19,20,21,22,23,24,25,26,27,28,29,30,31,32,33,34,35,36,37,38,39,40,41,42,43,44,45,46,47,48,49,50,51,52,53,54,55,56,57,58,59,60,61,62,63,64,65,66,67,68,69,70,71,72,73,74,75,76,77,78,79,80,81,82,83,84,85,86,87,88,89,90,91,92,93,94,95,96,97,98,99,100
67	0.02384937795748167	75,60,99,28,54,26
68	0.04744399020595205	34,31,69,1,80,29,43,60
69	0.03630773122822566	58
7	0.04200720955926035	8,92,97
70	0.03305081859050196	94
71	0.037904298664163186	64,18,43,80
72	0.06784246161654103	81,13,58
73	0.03672149360941516	91,64
74	0.04019108287943657	89
75	0.08916833848566347	45,44,28,41,70,24,83,78,84
76	0.09616709688127642	1,2,3,4,5,6,7,8,9,10,11,12,13,14,15,16,17,18,19,20,21,22,23,24,25,26,27,28,29,30,31,32,33,34,35,36,37,38,39,40,41,42,43,44,45,46,47,48,49,50,51,52,53,54,55,56,57,58,59,60,61,62,63,64,65,66,67,68,69,70,71,72,73,74,75,76,77,78,79,80,81,82,83,84,85,86,87,88,89,90,91,92,93,94,95,96,97,98,99,100
77	0.08718672980366396	87,11,54,77,69,63,58
78	0.03288206040705664	50,93,58,87,57,42,11
79	0.03694917590891615	38,51,58,30,96,69,11,82
8	0.14481742960710622	25,51,9,32,72
80	0.09883323797740268	44,76,92,45,46,59,97,96,94
81	0.05669289390608847	32,46,93,23,5
82	0.0771110319377478	46,6,89
83	0.03603249068599656	10
84	0.08106651509977372	1,2,3,4,5,6,7,8,9,10,11,12,13,14,15,16,17,18,19,20,21,22,23,24,25,26,27,28,29,30,31,32,33,34,35,36,37,38,39,40,41,42,43,44,45,46,47,48,49,50,51,52,53,54,55,56,57,58,59,60,61,62,63,64,65,66,67,68,69,70,71,72,73,74,75,76,77,78,79,80,81,82,83,84,85,86,87,88,89,90,91,92,93,94,95,96,97,98,99,100
85	0.03540172550951519	86,22
86	0.06426809241464386	21,65,24,58,68,83,7
87	0.0896825979922449	44,9,19,26,4,65,12
88	0.10729776206989214	1,2,3,4,5,6,7,8,9,10,11,12,13,14,15,16,17,18,19,20,21,22,23,24,25,26,27,28,29,30,31,32,33,34,35,36,37,38,39,40,41,42,43,44,45,46,47,48,49,50,51,52,53,54,55,56,57,58,59,60,61,62,63,64,65,66,67,68,69,70,71,72,73,74,75,76,77,78,79,80,81,82,83,84,85,86,87,88,89,90,91,92,93,94,95,96,97,98,99,100
89	0.12630309253872105	10,77,18,55
9	0.07092037152817683	13,34,87,86,97,6
90	0.03504647190276883	11,82,14
91	0.07839322039742633	39,29,5
92	0.04374753777765989	9,28,94,34,37,54,48,25,73
93	0.05745299836739103	34
94	0.09306804822651185	49
95	0.04965962777446446	72,98,22,87,85,8
96	0.040621988797158684	99,97,23,1,80,81,32
97	0.07099570547168076	62,38,33,59,14,95,7,16,25
98	0.06960099215649247	22,16,97,64,74,87,94
99	0.05428125365242627	47,84,7,54,33,87,27
