1	0.02614767487543667	98,86
10	0.07361494178261362	53,27,77,97,40
100	0.017964325684566972	69,55,31,17,6,66,15,87
11	0.06423334536926692	8,4
12	0.07647002593339261	18,33
13	0.04990207301714925	77,44,82,23,28
14	0.03280480152582527	47,29,35,34,8,22
15	0.05698556159045024	76
16	0.05931003398525682	79,24,88,3,76,59
17	0.02714325427106242	33,38,21,54,12,58,8
18	0.08936392980400149	19,53,84,26,70,8,90,59,75
19	0.035501597953560504	1,2,3,4,5,6,7,8,9,10,11,12,13,14,15,16,17,18,19,20,21,22,23,24,25,26,27,28,29,30,31,32,33,34,35,36,37,38,39,40,41,42,43,44,45,46,47,48,49,50,51,52,53,54,55,56,57,58,59,60,61,62,63,64,65,66,67,68,69,70,71,72,73,74,75,76,77,78,79,80,81,82,83,84,85,86,87,88,89,90,91,92,93,94,95,96,97,98,99,100
2	0.044791905153405365	54,4,57,34,36
20	0.05306187365360276	2,51,72,36,44
21	0.030603757136588965	78,47,11,83,80,25
22	0.06402269418509184	64,88,12
23	0.04967310780224024	92,8,54,4,89,66
24	0.049891336104092784	7,31,32,42,16,89,35
25	0.08096151487266456	8,75,39
26	0.0878854130031671	36,5
27	0.05463030453686811	74,5,32,41
28	0.04710798439771387	99,52,43
29	0.05889759935245787	91,18,8,34,37,38,80
3	0.07540544889668402	54,39,75,16,11,73,65
30	0.025416088557726615	1,2,3,4,5,6,7,8,9,10,11,12,13,14,15,16,17,18,19,20,21,22,23,24,25,26,27,28,29,30,31,32,33,34,35,36,37,38,39,40,41,42,43,44,45,46,47,48,49,50,51,52,53,54,55,56,57,58,59,60,61,62,63,64,65,66,67,68,69,70,71,72,73,74,75,76,77,78,79,80,81,82,83,84,85,86,87,88,89,90,91,92,93,94,95,96,97,98,99,100
31	0.04880804770477568	88,40,53,13,57,9,41,93
32	0.1605153526101218	71,8,95,48,55,94,81,34
33	0.06392422246882373	93,44,42,43,31,17
34	0.1174512331237885	54,88,59,91,12
35	0.03805479008736925	21,65,25,54,56,11,73,4
36	0.07325729433755648	1,2,3,4,5,6,7,8,9,10,11,12,13,14,15,16,17,18,19,20,21,22,23,24,25,26,27,28,29,30,31,32,33,34,35,36,37,38,39,40,41,42,43,44,45,46,47,48,49,50,51,52,53,54,55,56,57,58,59,60,61,62,63,64,65,66,67,68,69,70,71,72,73,74,75,76,77,78,79,80,81,82,83,84,85,86,87,88,89,90,91,92,93,94,95,96,97,98,99,100
37	0.03128127950626154	27,26,54,32,36,8
38	0.037710087770347	55,72,86,39,75
39	0.0852643391137012	50
4	0.08019551642074263	32
40	0.05880563873018127	75,84
41	0.11002911662354616	15,89,61
42	0.03456955123333715	4,93,76,86
43	0.05212955782867633	80,82
44	0.06898542971402034	64,98,50,16
45	0.03392351671792531	1,2,3,4,5,6,7,8,9,10,11,12,13,14,15,16,17,18,19,20,21,22,23,24,25,26,27,28,29,30,31,32,33,34,35,36,37,38,39,40,41,42,43,44,45,46,47,48,49,50,51,52,53,54,55,56,57,58,59,60,61,62,63,64,65,66,67,68,69,70,71,72,73,74,75,76,77,78,79,80,81,82,83,84,85,86,87,88,89,90,91,92,93,94,95,96,97,98,99,100
46	0.05626094257216398	30,20,25,59,91,11,62,67,26
47	0.048530261847973155	88
48	0.06865430304250633	41
49	0.1289011433327124	58,89,59,94,41,51,87,85,29
5	0.09562988041820872	27,20,87,49,25
50	0.10658949238560084	80,49,48,47,32
51	0.06456126329080226	54,84,82
52	0.030350051635329646	15,72,24,76
53	0.04160465214383421	8,23,9
54	0.11022767498556729	2,22,59,40,90,95,55,48,77
55	0.09427604349139343	80,91,20,65,66
56	0.024873309612380077	43,66,76,77,38,39,40,67,59
57	0.032255864501674406	1,2,3,4,5,6,7,8,9,10,11,12,13,14,15,16,17,18,19,20,21,22,23,24,25,26,27,28,29,30,31,32,33,34,35,36,37,38,39,40,41,42,43,44,45,46,47,48,49,50,51,52,53,54,55,56,57,58,59,60,61,62,63,64,65,66,67,68,69,70,71,72,73,74,75,76,77,78,79,80,81,82,83,84,85,86,87,88,89,90,91,92,93,94,95,96,97,98,99,100
58	0.10478820615729031	98,99,40,55,35,2,96,12,3
59	0.09798162981363247	3,26
6	0.04924985754055446	74,71,40,56,98,79,22,48,78
60	0.024594977032283864	77,15,96,61,59,25,4,35
61	0.05378786516474201	1,2,3,4,5,6,7,8,9,10,11,12,13,14,15,16,17,18,19,20,21,22,23,24,25,26,27,28,29,30,31,32,33,34,35,36,37,38,39,40,41,42,43,44,45,46,47,48,49,50,51,52,53,54,55,56,57,58,59,60,61,62,63,64,65,66,67,68,69,70,71,72,73,74,75,76,77,78,79,80,81,82,83,84,85,86,87,88,89,90,91,92,93,94,95,96,97,98,99,100
62	0.03201458426350999	73,31,37,62,61,24
63	0.02758317341744987	68
64	0.07918363021507514	39,79,28,31,99,98,93,55
65	0.06219768613430883	1,2,3,4,5,6,7,8,9,10,11,12,13,14,15,16,17,18,19,20,21,22,23,24,25,26,27,28,29,30,31,32,33,34,35,36,37,38,39,40,41,42,43,44,45,46,47,48,49,50,51,52,53,54,55,56,57,58,59,60,61,62,63,64,65,66,67,68,69,70,71,72,73,74,75,76,77,78,79,80,81,82,83,84,85,86,87,88,89,90,91,92,93,94,95,96,97,98,99,100
66	0.04216113691968699	1,2,3,4,5,6,7,8,9,10,11,12,13,14,15,16,17,18,19,20,21,22,23,24,25,26,27,28,29,30,31,32,33,34,35,36,37,38,39,40,41,42,43,44,45,46,47,48,49,50,51,52,53,54,55,56,57,58,59,60,61,62,63,64,65,66,67,68,69,70,71,72,73,74,75,76,77,78,79,80,81,82,83,84,85,86,87,88,89,90,91,92,93,94,95,96,97,98,99,100
67	0.023841291952577066	75,60,99,28,54,26
68	0.047424454277835634	34,31,69,1,80,29,43,60
69	0.03629121328782729	58
7	0.04198686539662992	8,92,97
70	0.033034835158668736	94
71	0.03788474727379635	64,18,43,80
72	0.06780298482549962	81,13,58
73	0.036704126659837855	91,64
74	0.04017147933228372	89
75	0.08911369882541235	45,44,28,41,70,24,83,78,84
76	0.09611082484573087	1,2,3,4,5,6,7,8,9,10,11,12,13,14,15,16,17,18,19,20,21,22,23,24,25,26,27,28,29,30,31,32,33,34,35,36,37,38,39,40,41,42,43,44,45,46,47,48,49,50,51,52,53,54,55,56,57,58,59,60,61,62,63,64,65,66,67,68,69,70,71,72,73,74,75,76,77,78,79,80,81,82,83,84,85,86,87,88,89,90,91,92,93,94,95,96,97,98,99,100
77	0.08713257526883947	87,11,54,77,69,63,58
78	0.032867530050164594	50,93,58,87,57,42,11
79	0.03693122044576643	38,51,58,30,96,69,11,82
8	0.14472629626259093	25,51,9,32,72
80	0.09877349822707263	44,76,92,45,46,59,97,96,94
81	0.05666014912315938	32,46,93,23,5
82	0.07706744474109449	46,6,89
83	0.03601629631023584	10
84	0.08101667965493504	1,2,3,4,5,6,7,8,9,10,11,12,13,14,15,16,17,18,19,20,21,22,23,24,25,26,27,28,29,30,31,32,33,34,35,36,37,38,39,40,41,42,43,44,45,46,47,48,49,50,51,52,53,54,55,56,57,58,59,60,61,62,63,64,65,66,67,68,69,70,71,72,73,74,75,76,77,78,79,80,81,82,83,84,85,86,87,88,89,90,91,92,93,94,95,96,97,98,99,100
85	0.03538364253731301	86,22
86	0.06423645737373136	21,65,24,58,68,83,7
87	0.08962516711047905	44,9,19,26,4,65,12
88	0.10723317671971963	1,2,3,4,5,6,7,8,9,10,11,12,13,14,15,16,17,18,19,20,21,22,23,24,25,26,27,28,29,30,31,32,33,34,35,36,37,38,39,40,41,42,43,44,45,46,47,48,49,50,51,52,53,54,55,56,57,58,59,60,61,62,63,64,65,66,67,68,69,70,71,72,73,74,75,76,77,78,79,80,81,82,83,84,85,86,87,88,89,90,91,92,93,94,95,96,97,98,99,100
89	0.12622338318496873	10,77,18,55
9	0.07087793212244364	13,34,87,86,97,6
90	0.0350289333201469	11,82,14
91	0.07834614230274639	39,29,5
92	0.043726240674181106	9,28,94,34,37,54,48,25,73
93	0.05742202578068909	34
94	0.09301117905821477	49
95	0.04963080305223949	72,98,22,87,85,8
96	0.04060176065282098	99,97,23,1,80,81,32
97	0.07095518404809464	62,38,33,59,14,95,7,16,25
98	0.06956216449133557	22,16,97,64,74,87,94
99	0.05425277871672278	47,84,7,54,33,87,27
