1	0.026525244748896604	98,86
10	0.07528827060796704	53,27,77,97,40
100	0.018117516401820036	69,55,31,17,6,66,15,87
11	0.06574945214960709	8,4
12	0.07842052094607717	18,33
13	0.05103444228797995	77,44,82,23,28
14	0.033393499332697515	47,29,35,34,8,22
15	0.05834986106738444	76
16	0.06077366858618127	79,24,88,3,76,59
17	0.027574034805539986	33,38,21,54,12,58,8
18	0.09173955855896773	19,53,84,26,70,8,90,59,75
19	0.036264020039989894	1,2,3,4,5,6,7,8,9,10,11,12,13,14,15,16,17,18,19,20,21,22,23,24,25,26,27,28,29,30,31,32,33,34,35,36,37,38,39,40,41,42,43,44,45,46,47,48,49,50,51,52,53,54,55,56,57,58,59,60,61,62,63,64,65,66,67,68,69,70,71,72,73,74,75,76,77,78,79,80,81,82,83,84,85,86,87,88,89,90,91,92,93,94,95,96,97,98,99,100
2	0.04581764371927794	54,4,57,34,36
20	0.054393881660964254	2,51,72,36,44
21	0.03109964043502185	78,47,11,83,80,25
22	0.06553120823307422	64,88,12
23	0.05074317078455846	92,8,54,4,89,66
24	0.05095612036676736	7,31,32,42,16,89,35
25	0.08305166797637495	8,75,39
26	0.09028597654156338	36,5
27	0.05590314144351593	74,5,32,41
28	0.048137785523876694	99,52,43
29	0.06031771606119287	91,18,8,34,37,38,80
3	0.07743034060252904	54,39,75,16,11,73,65
30	0.025810352934702387	1,2,3,4,5,6,7,8,9,10,11,12,13,14,15,16,17,18,19,20,21,22,23,24,25,26,27,28,29,30,31,32,33,34,35,36,37,38,39,40,41,42,43,44,45,46,47,48,49,50,51,52,53,54,55,56,57,58,59,60,61,62,63,64,65,66,67,68,69,70,71,72,73,74,75,76,77,78,79,80,81,82,83,84,85,86,87,88,89,90,91,92,93,94,95,96,97,98,99,100
31	0.049829909151411056	88,40,53,13,57,9,41,93
32	0.16491091220548804	71,8,95,48,55,94,81,34
33	0.06547486833415722	93,44,42,43,31,17
34	0.12046347133230212	54,88,59,91,12
35	0.03878249931781066	21,65,25,54,56,11,73,4
36	0.07517456725931765	1,2,3,4,5,6,7,8,9,10,11,12,13,14,15,16,17,18,19,20,21,22,23,24,25,26,27,28,29,30,31,32,33,34,35,36,37,38,39,40,41,42,43,44,45,46,47,48,49,50,51,52,53,54,55,56,57,58,59,60,61,62,63,64,65,66,67,68,69,70,71,72,73,74,75,76,77,78,79,80,81,82,83,84,85,86,87,88,89,90,91,92,93,94,95,96,97,98,99,100
37	0.03183478623002213	27,26,54,32,36,8
38	0.03845210320217528	55,72,86,39,75
39	0.08749115150410305	50
4	0.08212834751888484	32
40	0.060188014242414475	75,84
41	0.1131154003687633	15,89,61
42	0.03522065100514014	4,93,76,86
43	0.05323340329460598	80,82
44	0.07077004475283794	64,98,50,16
45	0.034611542704885145	1,2,3,4,5,6,7,8,9,10,11,12,13,14,15,16,17,18,19,20,21,22,23,24,25,26,27,28,29,30,31,32,33,34,35,36,37,38,39,40,41,42,43,44,45,46,47,48,49,50,51,52,53,54,55,56,57,58,59,60,61,62,63,64,65,66,67,68,69,70,71,72,73,74,75,76,77,78,79,80,81,82,83,84,85,86,87,88,89,90,91,92,93,94,95,96,97,98,99,100
46	0.05758051762114124	30,20,25,59,91,11,62,67,26
47	0.04961810906402932	88
48	0.07048032697403171	41
49	0.13255184484203228	58,89,59,94,41,51,87,85,29
5	0.09823757493744578	27,20,87,49,25
50	0.10950300529240187	80,49,48,47,32
51	0.06624799036117525	54,84,82
52	0.03084650939462378	15,72,24,76
53	0.04248420005752525	8,23,9
54	0.11311613772533914	2,22,59,40,90,95,55,48,77
55	0.09682933817340646	80,91,20,65,66
56	0.025237624638095927	43,66,76,77,38,39,40,67,59
57	0.03282929165238409	1,2,3,4,5,6,7,8,9,10,11,12,13,14,15,16,17,18,19,20,21,22,23,24,25,26,27,28,29,30,31,32,33,34,35,36,37,38,39,40,41,42,43,44,45,46,47,48,49,50,51,52,53,54,55,56,57,58,59,60,61,62,63,64,65,66,67,68,69,70,71,72,73,74,75,76,77,78,79,80,81,82,83,84,85,86,87,88,89,90,91,92,93,94,95,96,97,98,99,100
58	0.10735505964175296	98,99,40,55,35,2,96,12,3
59	0.10066674170513987	3,26
6	0.05033130343245315	74,71,40,56,98,79,22,48,78
60	0.024907650886705844	77,15,96,61,59,25,4,35
61	0.05510675882872457	1,2,3,4,5,6,7,8,9,10,11,12,13,14,15,16,17,18,19,20,21,22,23,24,25,26,27,28,29,30,31,32,33,34,35,36,37,38,39,40,41,42,43,44,45,46,47,48,49,50,51,52,53,54,55,56,57,58,59,60,61,62,63,64,65,66,67,68,69,70,71,72,73,74,75,76,77,78,79,80,81,82,83,84,85,86,87,88,89,90,91,92,93,94,95,96,97,98,99,100
62	0.03260172906272327	73,31,37,62,61,24
63	0.028061939460621382	68
64	0.0810903758684149	39,79,28,31,99,98,93,55
65	0.0637772311551204	1,2,3,4,5,6,7,8,9,10,11,12,13,14,15,16,17,18,19,20,21,22,23,24,25,26,27,28,29,30,31,32,33,34,35,36,37,38,39,40,41,42,43,44,45,46,47,48,49,50,51,52,53,54,55,56,57,58,59,60,61,62,63,64,65,66,67,68,69,70,71,72,73,74,75,76,77,78,79,80,81,82,83,84,85,86,87,88,89,90,91,92,93,94,95,96,97,98,99,100
66	0.04306295869067179	1,2,3,4,5,6,7,8,9,10,11,12,13,14,15,16,17,18,19,20,21,22,23,24,25,26,27,28,29,30,31,32,33,34,35,36,37,38,39,40,41,42,43,44,45,46,47,48,49,50,51,52,53,54,55,56,57,58,59,60,61,62,63,64,65,66,67,68,69,70,71,72,73,74,75,76,77,78,79,80,81,82,83,84,85,86,87,88,89,90,91,92,93,94,95,96,97,98,99,100
67	0.02418158156701315	75,60,99,28,54,26
68	0.04824659988929557	34,31,69,1,80,29,43,60
69	0.036986350581924426	58
7	0.04284302456786143	8,92,97
70	0.033707478314354576	94
71	0.03870754359510071	64,18,43,80
72	0.06946431723396344	81,13,58
73	0.03743499346556867	91,64
74	0.04099647060808836	89
75	0.09141314201639075	45,44,28,41,70,24,83,78,84
76	0.09847896455197742	1,2,3,4,5,6,7,8,9,10,11,12,13,14,15,16,17,18,19,20,21,22,23,24,25,26,27,28,29,30,31,32,33,34,35,36,37,38,39,40,41,42,43,44,45,46,47,48,49,50,51,52,53,54,55,56,57,58,59,60,61,62,63,64,65,66,67,68,69,70,71,72,73,74,75,76,77,78,79,80,81,82,83,84,85,86,87,88,89,90,91,92,93,94,95,96,97,98,99,100
77	0.08941160255031255	87,11,54,77,69,63,58
78	0.03347902232635895	50,93,58,87,57,42,11
79	0.037686854124500874	38,51,58,30,96,69,11,82
8	0.1485615314663014	25,51,9,32,72
80	0.10128757246354306	44,76,92,45,46,59,97,96,94
81	0.05803817321404817	32,46,93,23,5
82	0.07890175853617606	46,6,89
83	0.036697816782796426	10
84	0.08311394332341289	1,2,3,4,5,6,7,8,9,10,11,12,13,14,15,16,17,18,19,20,21,22,23,24,25,26,27,28,29,30,31,32,33,34,35,36,37,38,39,40,41,42,43,44,45,46,47,48,49,50,51,52,53,54,55,56,57,58,59,60,61,62,63,64,65,66,67,68,69,70,71,72,73,74,75,76,77,78,79,80,81,82,83,84,85,86,87,88,89,90,91,92,93,94,95,96,97,98,99,100
85	0.03614464227837631	86,22
86	0.06556777933083664	21,65,24,58,68,83,7
87	0.09204207544079007	44,9,19,26,4,65,12
88	0.10995117209172846	1,2,3,4,5,6,7,8,9,10,11,12,13,14,15,16,17,18,19,20,21,22,23,24,25,26,27,28,29,30,31,32,33,34,35,36,37,38,39,40,41,42,43,44,45,46,47,48,49,50,51,52,53,54,55,56,57,58,59,60,61,62,63,64,65,66,67,68,69,70,71,72,73,74,75,76,77,78,79,80,81,82,83,84,85,86,87,88,89,90,91,92,93,94,95,96,97,98,99,100
89	0.1295778537270074	10,77,18,55
9	0.07266394254224963	13,34,87,86,97,6
90	0.03576702309236935	11,82,14
91	0.08032736626641102	39,29,5
92	0.044622503194030945	9,28,94,34,37,54,48,25,73
93	0.05872546916360908	34
94	0.09540444836507113	49
95	0.05084385618884837	72,98,22,87,85,8
96	0.041453037336263036	99,97,23,1,80,81,32
97	0.07266047853791317	62,38,33,59,14,95,7,16,25
98	0.0711961792318302	22,16,97,64,74,87,94
99	0.05545111151592674	47,84,7,54,33,87,27
