1	0.026148226237928514	98,86
10	0.07361738533231303	53,27,77,97,40
100	0.01796454938783762	69,55,31,17,6,66,15,87
11	0.06423555932877764	8,4
12	0.0764728742268241	18,33
13	0.04990372660761487	77,44,82,23,28
14	0.03280566119687573	47,29,35,34,8,22
15	0.056987553866879294	76
16	0.05931217132003225	79,24,88,3,76,59
17	0.027143883336688723	33,38,21,54,12,58,8
18	0.08936739891709047	19,53,84,26,70,8,90,59,75
19	0.035502711312890664	1,2,3,4,5,6,7,8,9,10,11,12,13,14,15,16,17,18,19,20,21,22,23,24,25,26,27,28,29,30,31,32,33,34,35,36,37,38,39,40,41,42,43,44,45,46,47,48,49,50,51,52,53,54,55,56,57,58,59,60,61,62,63,64,65,66,67,68,69,70,71,72,73,74,75,76,77,78,79,80,81,82,83,84,85,86,87,88,89,90,91,92,93,94,95,96,97,98,99,100
2	0.044793403031841664	54,4,57,34,36
20	0.053063818775037803	2,51,72,36,44
21	0.03060448127129966	78,47,11,83,80,25
22	0.06402489705699167	64,88,12
23	0.04967467040729379	92,8,54,4,89,66
24	0.04989289100067114	7,31,32,42,16,89,35
25	0.0809645671077728	8,75,39
26	0.08788891852833582	36,5
27	0.054632163251182725	74,5,32,41
28	0.047109488208676886	99,52,43
29	0.058899673138377455	91,18,8,34,37,38,80
3	0.07540840583105597	54,39,75,16,11,73,65
30	0.025416664299078393	1,2,3,4,5,6,7,8,9,10,11,12,13,14,15,16,17,18,19,20,21,22,23,24,25,26,27,28,29,30,31,32,33,34,35,36,37,38,39,40,41,42,43,44,45,46,47,48,49,50,51,52,53,54,55,56,57,58,59,60,61,62,63,64,65,66,67,68,69,70,71,72,73,74,75,76,77,78,79,80,81,82,83,84,85,86,87,88,89,90,91,92,93,94,95,96,97,98,99,100
31	0.04880953992148345	88,40,53,13,57,9,41,93
32	0.16052177141326754	71,8,95,48,55,94,81,34
33	0.06392648686550464	93,44,42,43,31,17
34	0.1174556318729511	54,88,59,91,12
35	0.03805585275577272	21,65,25,54,56,11,73,4
36	0.07326009411701445	1,2,3,4,5,6,7,8,9,10,11,12,13,14,15,16,17,18,19,20,21,22,23,24,25,26,27,28,29,30,31,32,33,34,35,36,37,38,39,40,41,42,43,44,45,46,47,48,49,50,51,52,53,54,55,56,57,58,59,60,61,62,63,64,65,66,67,68,69,70,71,72,73,74,75,76,77,78,79,80,81,82,83,84,85,86,87,88,89,90,91,92,93,94,95,96,97,98,99,100
37	0.03128208778803377	27,26,54,32,36,8
38	0.037711171329990474	55,72,86,39,75
39	0.08526759091135441	50
4	0.08019833891969047	32
40	0.0588076574029109	75,84
41	0.11003362350085785	15,89,61
42	0.03457050202951514	4,93,76,86
43	0.05213116976604072	80,82
44	0.06898803577415363	64,98,50,16
45	0.03392452143718204	1,2,3,4,5,6,7,8,9,10,11,12,13,14,15,16,17,18,19,20,21,22,23,24,25,26,27,28,29,30,31,32,33,34,35,36,37,38,39,40,41,42,43,44,45,46,47,48,49,50,51,52,53,54,55,56,57,58,59,60,61,62,63,64,65,66,67,68,69,70,71,72,73,74,75,76,77,78,79,80,81,82,83,84,85,86,87,88,89,90,91,92,93,94,95,96,97,98,99,100
46	0.056262869537841875	30,20,25,59,91,11,62,67,26
47	0.04853185042321166	88
48	0.06865696957173925	41
49	0.12890647442510786	58,89,59,94,41,51,87,85,29
5	0.0956336884152157	27,20,87,49,25
50	0.10659374696693592	80,49,48,47,32
51	0.06456372640585972	54,84,82
52	0.030350776608921305	15,72,24,76
53	0.04160593654114309	8,23,9
54	0.11023189298632884	2,22,59,40,90,95,55,48,77
55	0.09427977204872076	80,91,20,65,66
56	0.02487384161891585	43,66,76,77,38,39,40,67,59
57	0.03225670187309869	1,2,3,4,5,6,7,8,9,10,11,12,13,14,15,16,17,18,19,20,21,22,23,24,25,26,27,28,29,30,31,32,33,34,35,36,37,38,39,40,41,42,43,44,45,46,47,48,49,50,51,52,53,54,55,56,57,58,59,60,61,62,63,64,65,66,67,68,69,70,71,72,73,74,75,76,77,78,79,80,81,82,83,84,85,86,87,88,89,90,91,92,93,94,95,96,97,98,99,100
58	0.10479195451443657	98,99,40,55,35,2,96,12,3
59	0.09798555086265524	3,26
6	0.049251436767986684	74,71,40,56,98,79,22,48,78
60	0.024595433627599403	77,15,96,61,59,25,4,35
61	0.053789791135398474	1,2,3,4,5,6,7,8,9,10,11,12,13,14,15,16,17,18,19,20,21,22,23,24,25,26,27,28,29,30,31,32,33,34,35,36,37,38,39,40,41,42,43,44,45,46,47,48,49,50,51,52,53,54,55,56,57,58,59,60,61,62,63,64,65,66,67,68,69,70,71,72,73,74,75,76,77,78,79,80,81,82,83,84,85,86,87,88,89,90,91,92,93,94,95,96,97,98,99,100
62	0.03201544166671485	73,31,37,62,61,24
63	0.0275838725559594	68
64	0.07918641462164101	39,79,28,31,99,98,93,55
65	0.062199992732212564	1,2,3,4,5,6,7,8,9,10,11,12,13,14,15,16,17,18,19,20,21,22,23,24,25,26,27,28,29,30,31,32,33,34,35,36,37,38,39,40,41,42,43,44,45,46,47,48,49,50,51,52,53,54,55,56,57,58,59,60,61,62,63,64,65,66,67,68,69,70,71,72,73,74,75,76,77,78,79,80,81,82,83,84,85,86,87,88,89,90,91,92,93,94,95,96,97,98,99,100
66	0.04216245384334483	1,2,3,4,5,6,7,8,9,10,11,12,13,14,15,16,17,18,19,20,21,22,23,24,25,26,27,28,29,30,31,32,33,34,35,36,37,38,39,40,41,42,43,44,45,46,47,48,49,50,51,52,53,54,55,56,57,58,59,60,61,62,63,64,65,66,67,68,69,70,71,72,73,74,75,76,77,78,79,80,81,82,83,84,85,86,87,88,89,90,91,92,93,94,95,96,97,98,99,100
67	0.023841788874982568	75,60,99,28,54,26
68	0.047425654850987375	34,31,69,1,80,29,43,60
69	0.03629222839167319	58
7	0.04198811563953127	8,92,97
70	0.0330358174144908	94
71	0.037885948797174905	64,18,43,80
72	0.06780541085692023	81,13,58
73	0.03670519393922514	91,64
74	0.04017268406093803	89
75	0.08911705668528606	45,44,28,41,70,24,83,78,84
76	0.09611428302261743	1,2,3,4,5,6,7,8,9,10,11,12,13,14,15,16,17,18,19,20,21,22,23,24,25,26,27,28,29,30,31,32,33,34,35,36,37,38,39,40,41,42,43,44,45,46,47,48,49,50,51,52,53,54,55,56,57,58,59,60,61,62,63,64,65,66,67,68,69,70,71,72,73,74,75,76,77,78,79,80,81,82,83,84,85,86,87,88,89,90,91,92,93,94,95,96,97,98,99,100
77	0.08713590331551162	87,11,54,77,69,63,58
78	0.032868423007809906	50,93,58,87,57,42,11
79	0.03693232389203507	38,51,58,30,96,69,11,82
8	0.1447318968281746	25,51,9,32,72
80	0.09877716951107363	44,76,92,45,46,59,97,96,94
81	0.05666216144154066	32,46,93,23,5
82	0.07707012337595381	46,6,89
83	0.036017291529538024	10
84	0.08101974227354837	1,2,3,4,5,6,7,8,9,10,11,12,13,14,15,16,17,18,19,20,21,22,23,24,25,26,27,28,29,30,31,32,33,34,35,36,37,38,39,40,41,42,43,44,45,46,47,48,49,50,51,52,53,54,55,56,57,58,59,60,61,62,63,64,65,66,67,68,69,70,71,72,73,74,75,76,77,78,79,80,81,82,83,84,85,86,87,88,89,90,91,92,93,94,95,96,97,98,99,100
85	0.035384753819602766	86,22
86	0.0642384014933323	21,65,24,58,68,83,7
87	0.08962869650382645	44,9,19,26,4,65,12
88	0.10723714578824566	1,2,3,4,5,6,7,8,9,10,11,12,13,14,15,16,17,18,19,20,21,22,23,24,25,26,27,28,29,30,31,32,33,34,35,36,37,38,39,40,41,42,43,44,45,46,47,48,49,50,51,52,53,54,55,56,57,58,59,60,61,62,63,64,65,66,67,68,69,70,71,72,73,74,75,76,77,78,79,80,81,82,83,84,85,86,87,88,89,90,91,92,93,94,95,96,97,98,99,100
89	0.12622828169347508	10,77,18,55
9	0.07088054022024147	13,34,87,86,97,6
90	0.03503001114717873	11,82,14
91	0.07834903546943758	39,29,5
92	0.04372754947970567	9,28,94,34,37,54,48,25,73
93	0.05742392918941441	34
94	0.09301467393167114	49
95	0.049632574464757155	72,98,22,87,85,8
96	0.04060300376586157	99,97,23,1,80,81,32
97	0.07095767427701738	62,38,33,59,14,95,7,16,25
98	0.06956455063096788	22,16,97,64,74,87,94
99	0.054254528633240665	47,84,7,54,33,87,27
