1	0.026150108066598815	98,86
10	0.07362572529368094	53,27,77,97,40
100	0.01796531289865777	69,55,31,17,6,66,15,87
11	0.06424311568696989	8,4
12	0.07648259559946019	18,33
13	0.049909370397305315	77,44,82,23,28
14	0.03280859529858503	47,29,35,34,8,22
15	0.05699435360926087	76
16	0.05931946615404432	79,24,88,3,76,59
17	0.0271460303701714	33,38,21,54,12,58,8
18	0.08937923917929175	19,53,84,26,70,8,90,59,75
19	0.0355065112658052	1,2,3,4,5,6,7,8,9,10,11,12,13,14,15,16,17,18,19,20,21,22,23,24,25,26,27,28,29,30,31,32,33,34,35,36,37,38,39,40,41,42,43,44,45,46,47,48,49,50,51,52,53,54,55,56,57,58,59,60,61,62,63,64,65,66,67,68,69,70,71,72,73,74,75,76,77,78,79,80,81,82,83,84,85,86,87,88,89,90,91,92,93,94,95,96,97,98,99,100
2	0.044798515368331286	54,4,57,34,36
20	0.05307045757498861	2,51,72,36,44
21	0.030606952780479	78,47,11,83,80,25
22	0.06403241557259522	64,88,12
23	0.04968000365907216	92,8,54,4,89,66
24	0.04989819794302543	7,31,32,42,16,89,35
25	0.08097498454388816	8,75,39
26	0.08790088306684642	36,5
27	0.0546385071391673	74,5,32,41
28	0.04711462079318668	99,52,43
29	0.05890675107686124	91,18,8,34,37,38,80
3	0.07541849800083483	54,39,75,16,11,73,65
30	0.025418629334057148	1,2,3,4,5,6,7,8,9,10,11,12,13,14,15,16,17,18,19,20,21,22,23,24,25,26,27,28,29,30,31,32,33,34,35,36,37,38,39,40,41,42,43,44,45,46,47,48,49,50,51,52,53,54,55,56,57,58,59,60,61,62,63,64,65,66,67,68,69,70,71,72,73,74,75,76,77,78,79,80,81,82,83,84,85,86,87,88,89,90,91,92,93,94,95,96,97,98,99,100
31	0.0488146329342011	88,40,53,13,57,9,41,93
32	0.1605436791200255	71,8,95,48,55,94,81,34
33	0.06393421536836469	93,44,42,43,31,17
34	0.11747064503110033	54,88,59,91,12
35	0.038059479697935605	21,65,25,54,56,11,73,4
36	0.07326964990895261	1,2,3,4,5,6,7,8,9,10,11,12,13,14,15,16,17,18,19,20,21,22,23,24,25,26,27,28,29,30,31,32,33,34,35,36,37,38,39,40,41,42,43,44,45,46,47,48,49,50,51,52,53,54,55,56,57,58,59,60,61,62,63,64,65,66,67,68,69,70,71,72,73,74,75,76,77,78,79,80,81,82,83,84,85,86,87,88,89,90,91,92,93,94,95,96,97,98,99,100
37	0.031284846495481515	27,26,54,32,36,8
38	0.03771486957503478	55,72,86,39,75
39	0.08527868946474587	50
4	0.08020797225442136	32
40	0.05881454723723007	75,84
41	0.11004900570596643	15,89,61
42	0.03457374714599267	4,93,76,86
43	0.05213667139154467	80,82
44	0.06899693039202837	64,98,50,16
45	0.03392795059591315	1,2,3,4,5,6,7,8,9,10,11,12,13,14,15,16,17,18,19,20,21,22,23,24,25,26,27,28,29,30,31,32,33,34,35,36,37,38,39,40,41,42,43,44,45,46,47,48,49,50,51,52,53,54,55,56,57,58,59,60,61,62,63,64,65,66,67,68,69,70,71,72,73,74,75,76,77,78,79,80,81,82,83,84,85,86,87,88,89,90,91,92,93,94,95,96,97,98,99,100
46	0.056269446371255485	30,20,25,59,91,11,62,67,26
47	0.048537272312572974	88
48	0.068666070573775	41
49	0.12892466971887942	58,89,59,94,41,51,87,85,29
5	0.09564668530573722	27,20,87,49,25
50	0.10660826807284159	80,49,48,47,32
51	0.06457213314480545	54,84,82
52	0.030353250981244716	15,72,24,76
53	0.041610320255515566	8,23,9
54	0.11024628924084709	2,22,59,40,90,95,55,48,77
55	0.09429249780751155	80,91,20,65,66
56	0.024875657384708087	43,66,76,77,38,39,40,67,59
57	0.032259559865031796	1,2,3,4,5,6,7,8,9,10,11,12,13,14,15,16,17,18,19,20,21,22,23,24,25,26,27,28,29,30,31,32,33,34,35,36,37,38,39,40,41,42,43,44,45,46,47,48,49,50,51,52,53,54,55,56,57,58,59,60,61,62,63,64,65,66,67,68,69,70,71,72,73,74,75,76,77,78,79,80,81,82,83,84,85,86,87,88,89,90,91,92,93,94,95,96,97,98,99,100
58	0.10480474785103208	98,99,40,55,35,2,96,12,3
59	0.09799893360554739	3,26
6	0.04925682675280221	74,71,40,56,98,79,22,48,78
60	0.0245969920110009	77,15,96,61,59,25,4,35
61	0.053796364572752525	1,2,3,4,5,6,7,8,9,10,11,12,13,14,15,16,17,18,19,20,21,22,23,24,25,26,27,28,29,30,31,32,33,34,35,36,37,38,39,40,41,42,43,44,45,46,47,48,49,50,51,52,53,54,55,56,57,58,59,60,61,62,63,64,65,66,67,68,69,70,71,72,73,74,75,76,77,78,79,80,81,82,83,84,85,86,87,88,89,90,91,92,93,94,95,96,97,98,99,100
62	0.03201836802815	73,31,37,62,61,24
63	0.027586258751812767	68
64	0.07919591794510414	39,79,28,31,99,98,93,55
65	0.062207865270026294	1,2,3,4,5,6,7,8,9,10,11,12,13,14,15,16,17,18,19,20,21,22,23,24,25,26,27,28,29,30,31,32,33,34,35,36,37,38,39,40,41,42,43,44,45,46,47,48,49,50,51,52,53,54,55,56,57,58,59,60,61,62,63,64,65,66,67,68,69,70,71,72,73,74,75,76,77,78,79,80,81,82,83,84,85,86,87,88,89,90,91,92,93,94,95,96,97,98,99,100
66	0.04216694857182675	1,2,3,4,5,6,7,8,9,10,11,12,13,14,15,16,17,18,19,20,21,22,23,24,25,26,27,28,29,30,31,32,33,34,35,36,37,38,39,40,41,42,43,44,45,46,47,48,49,50,51,52,53,54,55,56,57,58,59,60,61,62,63,64,65,66,67,68,69,70,71,72,73,74,75,76,77,78,79,80,81,82,83,84,85,86,87,88,89,90,91,92,93,94,95,96,97,98,99,100
67	0.02384348489682559	75,60,99,28,54,26
68	0.04742975246918078	34,31,69,1,80,29,43,60
69	0.0362956929935437	58
7	0.04199238278314623	8,92,97
70	0.03303916990435883	94
71	0.037890049658541536	64,18,43,80
72	0.06781369102749747	81,13,58
73	0.03670883661891398	91,64
74	0.04017679586207645	89
75	0.0891285172345158	45,44,28,41,70,24,83,78,84
76	0.09612608595899487	1,2,3,4,5,6,7,8,9,10,11,12,13,14,15,16,17,18,19,20,21,22,23,24,25,26,27,28,29,30,31,32,33,34,35,36,37,38,39,40,41,42,43,44,45,46,47,48,49,50,51,52,53,54,55,56,57,58,59,60,61,62,63,64,65,66,67,68,69,70,71,72,73,74,75,76,77,78,79,80,81,82,83,84,85,86,87,88,89,90,91,92,93,94,95,96,97,98,99,100
77	0.08714726211074421	87,11,54,77,69,63,58
78	0.032871470718387204	50,93,58,87,57,42,11
79	0.03693609001115852	38,51,58,30,96,69,11,82
8	0.14475101184785966	25,51,9,32,72
80	0.0987896997930425	44,76,92,45,46,59,97,96,94
81	0.056669029588140615	32,46,93,23,5
82	0.07707926569511787	46,6,89
83	0.036020688264433484	10
84	0.08103019514910317	1,2,3,4,5,6,7,8,9,10,11,12,13,14,15,16,17,18,19,20,21,22,23,24,25,26,27,28,29,30,31,32,33,34,35,36,37,38,39,40,41,42,43,44,45,46,47,48,49,50,51,52,53,54,55,56,57,58,59,60,61,62,63,64,65,66,67,68,69,70,71,72,73,74,75,76,77,78,79,80,81,82,83,84,85,86,87,88,89,90,91,92,93,94,95,96,97,98,99,100
85	0.03538854668347108	86,22
86	0.06424503687397151	21,65,24,58,68,83,7
87	0.08964074250566391	44,9,19,26,4,65,12
88	0.10725069242418316	1,2,3,4,5,6,7,8,9,10,11,12,13,14,15,16,17,18,19,20,21,22,23,24,25,26,27,28,29,30,31,32,33,34,35,36,37,38,39,40,41,42,43,44,45,46,47,48,49,50,51,52,53,54,55,56,57,58,59,60,61,62,63,64,65,66,67,68,69,70,71,72,73,74,75,76,77,78,79,80,81,82,83,84,85,86,87,88,89,90,91,92,93,94,95,96,97,98,99,100
89	0.12624500055608426	10,77,18,55
9	0.07088944179277049	13,34,87,86,97,6
90	0.03503368982652326	11,82,14
91	0.07835890999682746	39,29,5
92	0.0437320165005793	9,28,94,34,37,54,48,25,73
93	0.05743042562173188	34
94	0.09302660211533714	49
95	0.04963862038719838	72,98,22,87,85,8
96	0.04060724657489338	99,97,23,1,80,81,32
97	0.07096617355698606	62,38,33,59,14,95,7,16,25
98	0.06957269464881062	22,16,97,64,74,87,94
99	0.05426050118872407	47,84,7,54,33,87,27
