1	0.03963130615888394	98,86
10	0.13337403792963343	53,27,77,97,40
100	0.02343490019062383	69,55,31,17,6,66,15,87
11	0.1183759509600951	8,4
12	0.1461252507352327	18,33
13	0.0903381779858041	77,44,82,23,28
14	0.05382842831514621	47,29,35,34,8,22
15	0.10570558490033141	76
16	0.11157743898074	79,24,88,3,76,59
17	0.04252722765482134	33,38,21,54,12,58,8
18	0.17419814857699964	19,53,84,26,70,8,90,59,75
19	0.06272860182171004	1,2,3,4,5,6,7,8,9,10,11,12,13,14,15,16,17,18,19,20,21,22,23,24,25,26,27,28,29,30,31,32,33,34,35,36,37,38,39,40,41,42,43,44,45,46,47,48,49,50,51,52,53,54,55,56,57,58,59,60,61,62,63,64,65,66,67,68,69,70,71,72,73,74,75,76,77,78,79,80,81,82,83,84,85,86,87,88,89,90,91,92,93,94,95,96,97,98,99,100
2	0.0814233691657432	54,4,57,34,36
20	0.10062650659151974	2,51,72,36,44
21	0.048312576463890866	78,47,11,83,80,25
22	0.11789168328912422	64,88,12
23	0.0878880047718896	92,8,54,4,89,66
24	0.08791618058126062	7,31,32,42,16,89,35
25	0.15560250392515385	8,75,39
26	0.1736070669150863	36,5
27	0.10008274749225476	74,5,32,41
28	0.08388372245279481	99,52,43
29	0.10961201095471759	91,18,8,34,37,38,80
3	0.14771151212003225	54,39,75,16,11,73,65
30	0.03949502134901415	1,2,3,4,5,6,7,8,9,10,11,12,13,14,15,16,17,18,19,20,21,22,23,24,25,26,27,28,29,30,31,32,33,34,35,36,37,38,39,40,41,42,43,44,45,46,47,48,49,50,51,52,53,54,55,56,57,58,59,60,61,62,63,64,65,66,67,68,69,70,71,72,73,74,75,76,77,78,79,80,81,82,83,84,85,86,87,88,89,90,91,92,93,94,95,96,97,98,99,100
31	0.08530037486785665	88,40,53,13,57,9,41,93
32	0.31749076963214273	71,8,95,48,55,94,81,34
33	0.11929576516855125	93,44,42,43,31,17
34	0.2250152383205288	54,88,59,91,12
35	0.06404218281616578	21,65,25,54,56,11,73,4
36	0.14173002424339207	1,2,3,4,5,6,7,8,9,10,11,12,13,14,15,16,17,18,19,20,21,22,23,24,25,26,27,28,29,30,31,32,33,34,35,36,37,38,39,40,41,42,43,44,45,46,47,48,49,50,51,52,53,54,55,56,57,58,59,60,61,62,63,64,65,66,67,68,69,70,71,72,73,74,75,76,77,78,79,80,81,82,83,84,85,86,87,88,89,90,91,92,93,94,95,96,97,98,99,100
37	0.05104783118940993	27,26,54,32,36,8
38	0.06420819526683039	55,72,86,39,75
39	0.16478756320369847	50
4	0.14922044028905135	32
40	0.10817037988838293	75,84
41	0.2202415427812182	15,89,61
42	0.057821206843226496	4,93,76,86
43	0.09154832036011777	80,82
44	0.13271764341326403	64,98,50,16
45	0.05849277896684166	1,2,3,4,5,6,7,8,9,10,11,12,13,14,15,16,17,18,19,20,21,22,23,24,25,26,27,28,29,30,31,32,33,34,35,36,37,38,39,40,41,42,43,44,45,46,47,48,49,50,51,52,53,54,55,56,57,58,59,60,61,62,63,64,65,66,67,68,69,70,71,72,73,74,75,76,77,78,79,80,81,82,83,84,85,86,87,88,89,90,91,92,93,94,95,96,97,98,99,100
46	0.1033835027792664	30,20,25,59,91,11,62,67,26
47	0.08737984752127183	88
48	0.1338630577301739	41
49	0.25926663574389336	58,89,59,94,41,51,87,85,29
5	0.18875829221876592	27,20,87,49,25
50	0.21062815627020906	80,49,48,47,32
51	0.12479837497949445	54,84,82
52	0.04807800344494716	15,72,24,76
53	0.0730129309836378	8,23,9
54	0.2133775027566863	2,22,59,40,90,95,55,48,77
55	0.1854577302859459	80,91,20,65,66
56	0.0378835339530638	43,66,76,77,38,39,40,67,59
57	0.05273365548302877	1,2,3,4,5,6,7,8,9,10,11,12,13,14,15,16,17,18,19,20,21,22,23,24,25,26,27,28,29,30,31,32,33,34,35,36,37,38,39,40,41,42,43,44,45,46,47,48,49,50,51,52,53,54,55,56,57,58,59,60,61,62,63,64,65,66,67,68,69,70,71,72,73,74,75,76,77,78,79,80,81,82,83,84,85,86,87,88,89,90,91,92,93,94,95,96,97,98,99,100
58	0.1964574859188314	98,99,40,55,35,2,96,12,3
59	0.1938701176040811	3,26
6	0.08786840991105486	74,71,40,56,98,79,22,48,78
60	0.03576123611828454	77,15,96,61,59,25,4,35
61	0.10088579402928752	1,2,3,4,5,6,7,8,9,10,11,12,13,14,15,16,17,18,19,20,21,22,23,24,25,26,27,28,29,30,31,32,33,34,35,36,37,38,39,40,41,42,43,44,45,46,47,48,49,50,51,52,53,54,55,56,57,58,59,60,61,62,63,64,65,66,67,68,69,70,71,72,73,74,75,76,77,78,79,80,81,82,83,84,85,86,87,88,89,90,91,92,93,94,95,96,97,98,99,100
62	0.052981917168723816	73,31,37,62,61,24
63	0.044680159469894565	68
64	0.14727303941400266	39,79,28,31,99,98,93,55
65	0.11860544101181743	1,2,3,4,5,6,7,8,9,10,11,12,13,14,15,16,17,18,19,20,21,22,23,24,25,26,27,28,29,30,31,32,33,34,35,36,37,38,39,40,41,42,43,44,45,46,47,48,49,50,51,52,53,54,55,56,57,58,59,60,61,62,63,64,65,66,67,68,69,70,71,72,73,74,75,76,77,78,79,80,81,82,83,84,85,86,87,88,89,90,91,92,93,94,95,96,97,98,99,100
66	0.07436456942103717	1,2,3,4,5,6,7,8,9,10,11,12,13,14,15,16,17,18,19,20,21,22,23,24,25,26,27,28,29,30,31,32,33,34,35,36,37,38,39,40,41,42,43,44,45,46,47,48,49,50,51,52,53,54,55,56,57,58,59,60,61,62,63,64,65,66,67,68,69,70,71,72,73,74,75,76,77,78,79,80,81,82,83,84,85,86,87,88,89,90,91,92,93,94,95,96,97,98,99,100
67	0.03599291523125405	75,60,99,28,54,26
68	0.07678812070566642	34,31,69,1,80,29,43,60
69	0.06111511669185227	58
7	0.07256150023293095	8,92,97
70	0.05705479176536449	94
71	0.0672661815475755	64,18,43,80
72	0.12713327260683377	81,13,58
73	0.06280549084336715	91,64
74	0.06963450942902578	89
75	0.17123208425321831	45,44,28,41,70,24,83,78,84
76	0.18068524647683548	1,2,3,4,5,6,7,8,9,10,11,12,13,14,15,16,17,18,19,20,21,22,23,24,25,26,27,28,29,30,31,32,33,34,35,36,37,38,39,40,41,42,43,44,45,46,47,48,49,50,51,52,53,54,55,56,57,58,59,60,61,62,63,64,65,66,67,68,69,70,71,72,73,74,75,76,77,78,79,80,81,82,83,84,85,86,87,88,89,90,91,92,93,94,95,96,97,98,99,100
77	0.16852015308927779	87,11,54,77,69,63,58
78	0.054703947861798746	50,93,58,87,57,42,11
79	0.06391582515000334	38,51,58,30,96,69,11,82
8	0.2816869237875643	25,51,9,32,72
80	0.1885544206869021	44,76,92,45,46,59,97,96,94
81	0.10586804505463397	32,46,93,23,5
82	0.14257209292716005	46,6,89
83	0.0603537011772148	10
84	0.15591123032366738	1,2,3,4,5,6,7,8,9,10,11,12,13,14,15,16,17,18,19,20,21,22,23,24,25,26,27,28,29,30,31,32,33,34,35,36,37,38,39,40,41,42,43,44,45,46,47,48,49,50,51,52,53,54,55,56,57,58,59,60,61,62,63,64,65,66,67,68,69,70,71,72,73,74,75,76,77,78,79,80,81,82,83,84,85,86,87,88,89,90,91,92,93,94,95,96,97,98,99,100
85	0.06256022263178128	86,22
86	0.11177873304589442	21,65,24,58,68,83,7
87	0.17593470115660126	44,9,19,26,4,65,12
88	0.20429420293036551	1,2,3,4,5,6,7,8,9,10,11,12,13,14,15,16,17,18,19,20,21,22,23,24,25,26,27,28,29,30,31,32,33,34,35,36,37,38,39,40,41,42,43,44,45,46,47,48,49,50,51,52,53,54,55,56,57,58,59,60,61,62,63,64,65,66,67,68,69,70,71,72,73,74,75,76,77,78,79,80,81,82,83,84,85,86,87,88,89,90,91,92,93,94,95,96,97,98,99,100
89	0.24601181419378645	10,77,18,55
9	0.13466028954676026	13,34,87,86,97,6
90	0.06138626968242003	11,82,14
91	0.14909564152910937	39,29,5
92	0.0757314514623631	9,28,94,34,37,54,48,25,73
93	0.10397006222952046	34
94	0.17847859253196252	49
95	0.0929486805515741	72,98,22,87,85,8
96	0.07100146598436932	99,97,23,1,80,81,32
97	0.1318511441090645	62,38,33,59,14,95,7,16,25
98	0.12791410022549998	22,16,97,64,74,87,94
99	0.09704603970644482	47,84,7,54,33,87,27
