1	0.026148937423468903	98,86
10	0.07362053719200455	53,27,77,97,40
100	0.017964837935814274	69,55,31,17,6,66,15,87
11	0.0642384150471377	8,4
12	0.07647654815302185	18,33
13	0.04990585952315824	77,44,82,23,28
14	0.03280677006015462	47,29,35,34,8,22
15	0.05699012364304249	76
16	0.05931492820250024	79,24,88,3,76,59
17	0.02714469474911521	33,38,21,54,12,58,8
18	0.0893718736194929	19,53,84,26,70,8,90,59,75
19	0.03550414740088828	1,2,3,4,5,6,7,8,9,10,11,12,13,14,15,16,17,18,19,20,21,22,23,24,25,26,27,28,29,30,31,32,33,34,35,36,37,38,39,40,41,42,43,44,45,46,47,48,49,50,51,52,53,54,55,56,57,58,59,60,61,62,63,64,65,66,67,68,69,70,71,72,73,74,75,76,77,78,79,80,81,82,83,84,85,86,87,88,89,90,91,92,93,94,95,96,97,98,99,100
2	0.04479533509922187	54,4,57,34,36
20	0.05306632772742282	2,51,72,36,44
21	0.030605415310417577	78,47,11,83,80,25
22	0.06402773847378312	64,88,12
23	0.04967668596354918	92,8,54,4,89,66
24	0.04989489661400119	7,31,32,42,16,89,35
25	0.08096850409207434	8,75,39
26	0.08789344019756129	36,5
27	0.05463456074967749	74,5,32,41
28	0.04711142792824105	99,52,43
29	0.05890234805112848	91,18,8,34,37,38,80
3	0.07541221988986545	54,39,75,16,11,73,65
30	0.025417406930161285	1,2,3,4,5,6,7,8,9,10,11,12,13,14,15,16,17,18,19,20,21,22,23,24,25,26,27,28,29,30,31,32,33,34,35,36,37,38,39,40,41,42,43,44,45,46,47,48,49,50,51,52,53,54,55,56,57,58,59,60,61,62,63,64,65,66,67,68,69,70,71,72,73,74,75,76,77,78,79,80,81,82,83,84,85,86,87,88,89,90,91,92,93,94,95,96,97,98,99,100
31	0.04881146468597396	88,40,53,13,57,9,41,93
32	0.16053005083025967	71,8,95,48,55,94,81,34
33	0.0639294076412212	93,44,42,43,31,17
34	0.11746130568436644	54,88,59,91,12
35	0.03805722345910123	21,65,25,54,56,11,73,4
36	0.07326370546652815	1,2,3,4,5,6,7,8,9,10,11,12,13,14,15,16,17,18,19,20,21,22,23,24,25,26,27,28,29,30,31,32,33,34,35,36,37,38,39,40,41,42,43,44,45,46,47,48,49,50,51,52,53,54,55,56,57,58,59,60,61,62,63,64,65,66,67,68,69,70,71,72,73,74,75,76,77,78,79,80,81,82,83,84,85,86,87,88,89,90,91,92,93,94,95,96,97,98,99,100
37	0.031283130365861375	27,26,54,32,36,8
38	0.03771256898028767	55,72,86,39,75
39	0.08527178530525212	50
4	0.08020197957437623	32
40	0.05881026122685132	75,84
41	0.11003943678345109	15,89,61
42	0.03457172843229672	4,93,76,86
43	0.05213324895452838	80,82
44	0.06899139725106151	64,98,50,16
45	0.033925817393686344	1,2,3,4,5,6,7,8,9,10,11,12,13,14,15,16,17,18,19,20,21,22,23,24,25,26,27,28,29,30,31,32,33,34,35,36,37,38,39,40,41,42,43,44,45,46,47,48,49,50,51,52,53,54,55,56,57,58,59,60,61,62,63,64,65,66,67,68,69,70,71,72,73,74,75,76,77,78,79,80,81,82,83,84,85,86,87,88,89,90,91,92,93,94,95,96,97,98,99,100
46	0.056265355071673476	30,20,25,59,91,11,62,67,26
47	0.04853389947761081	88
48	0.06866040904588108	41
49	0.12891335083741767	58,89,59,94,41,51,87,85,29
5	0.09563860023357344	27,20,87,49,25
50	0.10659923482069943	80,49,48,47,32
51	0.06456690350230553	54,84,82
52	0.03035171173008601	15,72,24,76
53	0.04160759324577519	8,23,9
54	0.11023733365593424	2,22,59,40,90,95,55,48,77
55	0.09428458140027615	80,91,20,65,66
56	0.024874527837803122	43,66,76,77,38,39,40,67,59
57	0.03225778197277484	1,2,3,4,5,6,7,8,9,10,11,12,13,14,15,16,17,18,19,20,21,22,23,24,25,26,27,28,29,30,31,32,33,34,35,36,37,38,39,40,41,42,43,44,45,46,47,48,49,50,51,52,53,54,55,56,57,58,59,60,61,62,63,64,65,66,67,68,69,70,71,72,73,74,75,76,77,78,79,80,81,82,83,84,85,86,87,88,89,90,91,92,93,94,95,96,97,98,99,100
58	0.10479678940517004	98,99,40,55,35,2,96,12,3
59	0.09799060850333519	3,26
6	0.04925347376493769	74,71,40,56,98,79,22,48,78
60	0.024596022575870312	77,15,96,61,59,25,4,35
61	0.053792275385782504	1,2,3,4,5,6,7,8,9,10,11,12,13,14,15,16,17,18,19,20,21,22,23,24,25,26,27,28,29,30,31,32,33,34,35,36,37,38,39,40,41,42,43,44,45,46,47,48,49,50,51,52,53,54,55,56,57,58,59,60,61,62,63,64,65,66,67,68,69,70,71,72,73,74,75,76,77,78,79,80,81,82,83,84,85,86,87,88,89,90,91,92,93,94,95,96,97,98,99,100
62	0.03201654760476941	73,31,37,62,61,24
63	0.02758477435324532	68
64	0.07919000614213344	39,79,28,31,99,98,93,55
65	0.06220296794198997	1,2,3,4,5,6,7,8,9,10,11,12,13,14,15,16,17,18,19,20,21,22,23,24,25,26,27,28,29,30,31,32,33,34,35,36,37,38,39,40,41,42,43,44,45,46,47,48,49,50,51,52,53,54,55,56,57,58,59,60,61,62,63,64,65,66,67,68,69,70,71,72,73,74,75,76,77,78,79,80,81,82,83,84,85,86,87,88,89,90,91,92,93,94,95,96,97,98,99,100
66	0.04216415250271524	1,2,3,4,5,6,7,8,9,10,11,12,13,14,15,16,17,18,19,20,21,22,23,24,25,26,27,28,29,30,31,32,33,34,35,36,37,38,39,40,41,42,43,44,45,46,47,48,49,50,51,52,53,54,55,56,57,58,59,60,61,62,63,64,65,66,67,68,69,70,71,72,73,74,75,76,77,78,79,80,81,82,83,84,85,86,87,88,89,90,91,92,93,94,95,96,97,98,99,100
67	0.023842429839927983	75,60,99,28,54,26
68	0.047427203433414236	34,31,69,1,80,29,43,60
69	0.03629353774294008	58
7	0.04198972828944229	8,92,97
70	0.0330370843961008	94
71	0.037887498605270145	64,18,43,80
72	0.06780854012032204	81,13,58
73	0.036706570590120016	91,64
74	0.04017423800342002	89
75	0.08912138788558378	45,44,28,41,70,24,83,78,84
76	0.09611874361874835	1,2,3,4,5,6,7,8,9,10,11,12,13,14,15,16,17,18,19,20,21,22,23,24,25,26,27,28,29,30,31,32,33,34,35,36,37,38,39,40,41,42,43,44,45,46,47,48,49,50,51,52,53,54,55,56,57,58,59,60,61,62,63,64,65,66,67,68,69,70,71,72,73,74,75,76,77,78,79,80,81,82,83,84,85,86,87,88,89,90,91,92,93,94,95,96,97,98,99,100
77	0.08714019606067654	87,11,54,77,69,63,58
78	0.032869574806444965	50,93,58,87,57,42,11
79	0.03693374719347917	38,51,58,30,96,69,11,82
8	0.1447391208256717	25,51,9,32,72
80	0.09878190498752476	44,76,92,45,46,59,97,96,94
81	0.056664757069202334	32,46,93,23,5
82	0.07707357846477125	46,6,89
83	0.0360185752323428	10
84	0.08102369265121419	1,2,3,4,5,6,7,8,9,10,11,12,13,14,15,16,17,18,19,20,21,22,23,24,25,26,27,28,29,30,31,32,33,34,35,36,37,38,39,40,41,42,43,44,45,46,47,48,49,50,51,52,53,54,55,56,57,58,59,60,61,62,63,64,65,66,67,68,69,70,71,72,73,74,75,76,77,78,79,80,81,82,83,84,85,86,87,88,89,90,91,92,93,94,95,96,97,98,99,100
85	0.035386187228489754	86,22
86	0.06424090915348227	21,65,24,58,68,83,7
87	0.08963324895988234	44,9,19,26,4,65,12
88	0.10724226536780766	1,2,3,4,5,6,7,8,9,10,11,12,13,14,15,16,17,18,19,20,21,22,23,24,25,26,27,28,29,30,31,32,33,34,35,36,37,38,39,40,41,42,43,44,45,46,47,48,49,50,51,52,53,54,55,56,57,58,59,60,61,62,63,64,65,66,67,68,69,70,71,72,73,74,75,76,77,78,79,80,81,82,83,84,85,86,87,88,89,90,91,92,93,94,95,96,97,98,99,100
89	0.12623460012911542	10,77,18,55
9	0.07088390432547022	13,34,87,86,97,6
90	0.035031401403156234	11,82,14
91	0.07835276727627456	39,29,5
92	0.043729237667745356	9,28,94,34,37,54,48,25,73
93	0.05742638433785659	34
94	0.09301918186158006	49
95	0.04963485935534595	72,98,22,87,85,8
96	0.04060460721918422	99,97,23,1,80,81,32
97	0.07096088634680504	62,38,33,59,14,95,7,16,25
98	0.06956762843917741	22,16,97,64,74,87,94
99	0.0542567857967997	47,84,7,54,33,87,27
