1	0.02614772757371739	98,86
10	0.07361517533290024	53,27,77,97,40
100	0.01796434706574166	69,55,31,17,6,66,15,87
11	0.06423355697571734	8,4
12	0.07647029816839052	18,33
13	0.049902231064488045	77,44,82,23,28
14	0.032804883691708905	47,29,35,34,8,22
15	0.056985752008812146	76
16	0.05931023826804652	79,24,88,3,76,59
17	0.027143314396075372	33,38,21,54,12,58,8
18	0.08936426137587683	19,53,84,26,70,8,90,59,75
19	0.035501704366534534	1,2,3,4,5,6,7,8,9,10,11,12,13,14,15,16,17,18,19,20,21,22,23,24,25,26,27,28,29,30,31,32,33,34,35,36,37,38,39,40,41,42,43,44,45,46,47,48,49,50,51,52,53,54,55,56,57,58,59,60,61,62,63,64,65,66,67,68,69,70,71,72,73,74,75,76,77,78,79,80,81,82,83,84,85,86,87,88,89,90,91,92,93,94,95,96,97,98,99,100
2	0.04479204831805563	54,4,57,34,36
20	0.05306205956497127	2,51,72,36,44
21	0.03060382634814185	78,47,11,83,80,25
22	0.06402290473180741	64,88,12
23	0.04967325715334949	92,8,54,4,89,66
24	0.04989148471843918	7,31,32,42,16,89,35
25	0.08096180660005795	8,75,39
26	0.08788574805524653	36,5
27	0.05463048218959235	74,5,32,41
28	0.04710812812938486	99,52,43
29	0.05889779756135701	91,18,8,34,37,38,80
3	0.07540573151539655	54,39,75,16,11,73,65
30	0.02541614358609693	1,2,3,4,5,6,7,8,9,10,11,12,13,14,15,16,17,18,19,20,21,22,23,24,25,26,27,28,29,30,31,32,33,34,35,36,37,38,39,40,41,42,43,44,45,46,47,48,49,50,51,52,53,54,55,56,57,58,59,60,61,62,63,64,65,66,67,68,69,70,71,72,73,74,75,76,77,78,79,80,81,82,83,84,85,86,87,88,89,90,91,92,93,94,95,96,97,98,99,100
31	0.04880819032828764	88,40,53,13,57,9,41,93
32	0.16051596610831045	71,8,95,48,55,94,81,34
33	0.0639244388959723	93,44,42,43,31,17
34	0.11745165354868431	54,88,59,91,12
35	0.038054891655391485	21,65,25,54,56,11,73,4
36	0.07325756193567205	1,2,3,4,5,6,7,8,9,10,11,12,13,14,15,16,17,18,19,20,21,22,23,24,25,26,27,28,29,30,31,32,33,34,35,36,37,38,39,40,41,42,43,44,45,46,47,48,49,50,51,52,53,54,55,56,57,58,59,60,61,62,63,64,65,66,67,68,69,70,71,72,73,74,75,76,77,78,79,80,81,82,83,84,85,86,87,88,89,90,91,92,93,94,95,96,97,98,99,100
37	0.031281356760446154	27,26,54,32,36,8
38	0.037710191335118104	55,72,86,39,75
39	0.08526464991494011	50
4	0.08019578619034805	32
40	0.05880583167145629	75,84
41	0.11002954738314487	15,89,61
42	0.03456964210880408	4,93,76,86
43	0.052129711894883204	80,82
44	0.06898567879677532	64,98,50,16
45	0.03392361274726756	1,2,3,4,5,6,7,8,9,10,11,12,13,14,15,16,17,18,19,20,21,22,23,24,25,26,27,28,29,30,31,32,33,34,35,36,37,38,39,40,41,42,43,44,45,46,47,48,49,50,51,52,53,54,55,56,57,58,59,60,61,62,63,64,65,66,67,68,69,70,71,72,73,74,75,76,77,78,79,80,81,82,83,84,85,86,87,88,89,90,91,92,93,94,95,96,97,98,99,100
46	0.05626112674823639	30,20,25,59,91,11,62,67,26
47	0.04853041368126812	88
48	0.06865455790479408	41
49	0.12890165286937427	58,89,59,94,41,51,87,85,29
5	0.09563024438002732	27,20,87,49,25
50	0.10658989903118309	80,49,48,47,32
51	0.06456149871111223	54,84,82
52	0.030350120927061332	15,72,24,76
53	0.041604774904324696	8,23,9
54	0.11022807813484109	2,22,59,40,90,95,55,48,77
55	0.09427639986050379	80,91,20,65,66
56	0.024873360460651733	43,66,76,77,38,39,40,67,59
57	0.03225594453619803	1,2,3,4,5,6,7,8,9,10,11,12,13,14,15,16,17,18,19,20,21,22,23,24,25,26,27,28,29,30,31,32,33,34,35,36,37,38,39,40,41,42,43,44,45,46,47,48,49,50,51,52,53,54,55,56,57,58,59,60,61,62,63,64,65,66,67,68,69,70,71,72,73,74,75,76,77,78,79,80,81,82,83,84,85,86,87,88,89,90,91,92,93,94,95,96,97,98,99,100
58	0.10478856441883339	98,99,40,55,35,2,96,12,3
59	0.09798200458076871	3,26
6	0.04925000848040213	74,71,40,56,98,79,22,48,78
60	0.024595020672880514	77,15,96,61,59,25,4,35
61	0.05378804924571198	1,2,3,4,5,6,7,8,9,10,11,12,13,14,15,16,17,18,19,20,21,22,23,24,25,26,27,28,29,30,31,32,33,34,35,36,37,38,39,40,41,42,43,44,45,46,47,48,49,50,51,52,53,54,55,56,57,58,59,60,61,62,63,64,65,66,67,68,69,70,71,72,73,74,75,76,77,78,79,80,81,82,83,84,85,86,87,88,89,90,91,92,93,94,95,96,97,98,99,100
62	0.03201466621263682	73,31,37,62,61,24
63	0.02758324023990874	68
64	0.07918389634387607	39,79,28,31,99,98,93,55
65	0.06219790659497783	1,2,3,4,5,6,7,8,9,10,11,12,13,14,15,16,17,18,19,20,21,22,23,24,25,26,27,28,29,30,31,32,33,34,35,36,37,38,39,40,41,42,43,44,45,46,47,48,49,50,51,52,53,54,55,56,57,58,59,60,61,62,63,64,65,66,67,68,69,70,71,72,73,74,75,76,77,78,79,80,81,82,83,84,85,86,87,88,89,90,91,92,93,94,95,96,97,98,99,100
66	0.04216126278899008	1,2,3,4,5,6,7,8,9,10,11,12,13,14,15,16,17,18,19,20,21,22,23,24,25,26,27,28,29,30,31,32,33,34,35,36,37,38,39,40,41,42,43,44,45,46,47,48,49,50,51,52,53,54,55,56,57,58,59,60,61,62,63,64,65,66,67,68,69,70,71,72,73,74,75,76,77,78,79,80,81,82,83,84,85,86,87,88,89,90,91,92,93,94,95,96,97,98,99,100
67	0.023841339447567764	75,60,99,28,54,26
68	0.047424569026557034	34,31,69,1,80,29,43,60
69	0.03629131030971074	58
7	0.04198698489270075	8,92,97
70	0.03303492904099445	94
71	0.037884862113338816	64,18,43,80
72	0.06780321670141921	81,13,58
73	0.03670422866857002	91,64
74	0.04017159447818093	89
75	0.08911401976389628	45,44,28,41,70,24,83,78,84
76	0.09611115537234273	1,2,3,4,5,6,7,8,9,10,11,12,13,14,15,16,17,18,19,20,21,22,23,24,25,26,27,28,29,30,31,32,33,34,35,36,37,38,39,40,41,42,43,44,45,46,47,48,49,50,51,52,53,54,55,56,57,58,59,60,61,62,63,64,65,66,67,68,69,70,71,72,73,74,75,76,77,78,79,80,81,82,83,84,85,86,87,88,89,90,91,92,93,94,95,96,97,98,99,100
77	0.08713289335782874	87,11,54,77,69,63,58
78	0.03286761539752383	50,93,58,87,57,42,11
79	0.03693132591126704	38,51,58,30,96,69,11,82
8	0.14472683155503765	25,51,9,32,72
80	0.09877384912209677	44,76,92,45,46,59,97,96,94
81	0.05666034145709669	32,46,93,23,5
82	0.07706770076041725	46,6,89
83	0.03601639143158873	10
84	0.08101697237476599	1,2,3,4,5,6,7,8,9,10,11,12,13,14,15,16,17,18,19,20,21,22,23,24,25,26,27,28,29,30,31,32,33,34,35,36,37,38,39,40,41,42,43,44,45,46,47,48,49,50,51,52,53,54,55,56,57,58,59,60,61,62,63,64,65,66,67,68,69,70,71,72,73,74,75,76,77,78,79,80,81,82,83,84,85,86,87,88,89,90,91,92,93,94,95,96,97,98,99,100
85	0.03538374875176708	86,22
86	0.0642366431893463	21,65,24,58,68,83,7
87	0.08962550444383799	44,9,19,26,4,65,12
88	0.10723355607647758	1,2,3,4,5,6,7,8,9,10,11,12,13,14,15,16,17,18,19,20,21,22,23,24,25,26,27,28,29,30,31,32,33,34,35,36,37,38,39,40,41,42,43,44,45,46,47,48,49,50,51,52,53,54,55,56,57,58,59,60,61,62,63,64,65,66,67,68,69,70,71,72,73,74,75,76,77,78,79,80,81,82,83,84,85,86,87,88,89,90,91,92,93,94,95,96,97,98,99,100
89	0.1262238513760049	10,77,18,55
9	0.0708781813999551	13,34,87,86,97,6
90	0.035029036337004826	11,82,14
91	0.07834641882665346	39,29,5
92	0.043726365767566944	9,28,94,34,37,54,48,25,73
93	0.057422207705228406	34
94	0.09301151309222179	49
95	0.04963097236080781	72,98,22,87,85,8
96	0.040601879467431955	99,97,23,1,80,81,32
97	0.07095542205990132	62,38,33,59,14,95,7,16,25
98	0.06956239255446649	22,16,97,64,74,87,94
99	0.05425294597074033	47,84,7,54,33,87,27
