1	0.06173272183026286	98,86
10	0.23210867474227315	53,27,77,97,40
100	0.03241602756344586	69,55,31,17,6,66,15,87
11	0.20750129821393118	8,4
12	0.26156705694902677	18,33
13	0.1571016577094181	77,44,82,23,28
14	0.08847246015452256	47,29,35,34,8,22
15	0.18518677263447855	76
16	0.19813105050681643	79,24,88,3,76,59
17	0.06785390198673184	33,38,21,54,12,58,8
18	0.3143207567316483	19,53,84,26,70,8,90,59,75
19	0.1075497865039382	1,2,3,4,5,6,7,8,9,10,11,12,13,14,15,16,17,18,19,20,21,22,23,24,25,26,27,28,29,30,31,32,33,34,35,36,37,38,39,40,41,42,43,44,45,46,47,48,49,50,51,52,53,54,55,56,57,58,59,60,61,62,63,64,65,66,67,68,69,70,71,72,73,74,75,76,77,78,79,80,81,82,83,84,85,86,87,88,89,90,91,92,93,94,95,96,97,98,99,100
2	0.14169915354503554	54,4,57,34,36
20	0.17902923719735164	2,51,72,36,44
21	0.07762956664633248	78,47,11,83,80,25
22	0.20654961564891422	64,88,12
23	0.15125858575523896	92,8,54,4,89,66
24	0.15075471836676704	7,31,32,42,16,89,35
25	0.27921244330238865	8,75,39
26	0.31493791212516925	36,5
27	0.17493269805671988	74,5,32,41
28	0.14489880121047272	99,52,43
29	0.19326477892911176	91,18,8,34,37,38,80
3	0.266818957157686	54,39,75,16,11,73,65
30	0.0627214109327458	1,2,3,4,5,6,7,8,9,10,11,12,13,14,15,16,17,18,19,20,21,22,23,24,25,26,27,28,29,30,31,32,33,34,35,36,37,38,39,40,41,42,43,44,45,46,47,48,49,50,51,52,53,54,55,56,57,58,59,60,61,62,63,64,65,66,67,68,69,70,71,72,73,74,75,76,77,78,79,80,81,82,83,84,85,86,87,88,89,90,91,92,93,94,95,96,97,98,99,100
31	0.14538665663718658	88,40,53,13,57,9,41,93
32	0.5778751377048427	71,8,95,48,55,94,81,34
33	0.210582352792197	93,44,42,43,31,17
34	0.40267439483185036	54,88,59,91,12
35	0.10679039419753428	21,65,25,54,56,11,73,4
36	0.25469890050440075	1,2,3,4,5,6,7,8,9,10,11,12,13,14,15,16,17,18,19,20,21,22,23,24,25,26,27,28,29,30,31,32,33,34,35,36,37,38,39,40,41,42,43,44,45,46,47,48,49,50,51,52,53,54,55,56,57,58,59,60,61,62,63,64,65,66,67,68,69,70,71,72,73,74,75,76,77,78,79,80,81,82,83,84,85,86,87,88,89,90,91,92,93,94,95,96,97,98,99,100
37	0.08370767186360248	27,26,54,32,36,8
38	0.10795564177947627	55,72,86,39,75
39	0.2961703231270879	50
4	0.26250416120146636	32
40	0.18956580519566685	75,84
41	0.40407712132526796	15,89,61
42	0.09623472927411211	4,93,76,86
43	0.15678705467488213	80,82
44	0.2382569473318844	64,98,50,16
45	0.09908716173515109	1,2,3,4,5,6,7,8,9,10,11,12,13,14,15,16,17,18,19,20,21,22,23,24,25,26,27,28,29,30,31,32,33,34,35,36,37,38,39,40,41,42,43,44,45,46,47,48,49,50,51,52,53,54,55,56,57,58,59,60,61,62,63,64,65,66,67,68,69,70,71,72,73,74,75,76,77,78,79,80,81,82,83,84,85,86,87,88,89,90,91,92,93,94,95,96,97,98,99,100
46	0.18178255756207085	30,20,25,59,91,11,62,67,26
47	0.1514131247825076	88
48	0.2417626024212395	41
49	0.4745866893572202	58,89,59,94,41,51,87,85,29
5	0.3427740911818968	27,20,87,49,25
50	0.38420345401174183	80,49,48,47,32
51	0.2247926548983676	54,84,82
52	0.0775159718486828	15,72,24,76
53	0.12472335336806391	8,23,9
54	0.383684468826166	2,22,59,40,90,95,55,48,77
55	0.3358880729296261	80,91,20,65,66
56	0.059383172980139065	43,66,76,77,38,39,40,67,59
57	0.08652342547223023	1,2,3,4,5,6,7,8,9,10,11,12,13,14,15,16,17,18,19,20,21,22,23,24,25,26,27,28,29,30,31,32,33,34,35,36,37,38,39,40,41,42,43,44,45,46,47,48,49,50,51,52,53,54,55,56,57,58,59,60,61,62,63,64,65,66,67,68,69,70,71,72,73,74,75,76,77,78,79,80,81,82,83,84,85,86,87,88,89,90,91,92,93,94,95,96,97,98,99,100
58	0.34713235288358973	98,99,40,55,35,2,96,12,3
59	0.35273885005380834	3,26
6	0.15181225787841354	74,71,40,56,98,79,22,48,78
60	0.054043257781320006	77,15,96,61,59,25,4,35
61	0.17773420474896512	1,2,3,4,5,6,7,8,9,10,11,12,13,14,15,16,17,18,19,20,21,22,23,24,25,26,27,28,29,30,31,32,33,34,35,36,37,38,39,40,41,42,43,44,45,46,47,48,49,50,51,52,53,54,55,56,57,58,59,60,61,62,63,64,65,66,67,68,69,70,71,72,73,74,75,76,77,78,79,80,81,82,83,84,85,86,87,88,89,90,91,92,93,94,95,96,97,98,99,100
62	0.08761254279127242	73,31,37,62,61,24
63	0.07263997172867676	68
64	0.259910086890418	39,79,28,31,99,98,93,55
65	0.21201912806693957	1,2,3,4,5,6,7,8,9,10,11,12,13,14,15,16,17,18,19,20,21,22,23,24,25,26,27,28,29,30,31,32,33,34,35,36,37,38,39,40,41,42,43,44,45,46,47,48,49,50,51,52,53,54,55,56,57,58,59,60,61,62,63,64,65,66,67,68,69,70,71,72,73,74,75,76,77,78,79,80,81,82,83,84,85,86,87,88,89,90,91,92,93,94,95,96,97,98,99,100
66	0.1273551460864443	1,2,3,4,5,6,7,8,9,10,11,12,13,14,15,16,17,18,19,20,21,22,23,24,25,26,27,28,29,30,31,32,33,34,35,36,37,38,39,40,41,42,43,44,45,46,47,48,49,50,51,52,53,54,55,56,57,58,59,60,61,62,63,64,65,66,67,68,69,70,71,72,73,74,75,76,77,78,79,80,81,82,83,84,85,86,87,88,89,90,91,92,93,94,95,96,97,98,99,100
67	0.055948536550801176	75,60,99,28,54,26
68	0.1248263509099709	34,31,69,1,80,29,43,60
69	0.10179859378111476	58
7	0.12325031154601837	8,92,97
70	0.09659192924826206	94
71	0.11580311344397425	64,18,43,80
72	0.22548295180621944	81,13,58
73	0.10608283664907578	91,64
74	0.11827336255680622	89
75	0.30659762391512524	45,44,28,41,70,24,83,78,84
76	0.3214980471903587	1,2,3,4,5,6,7,8,9,10,11,12,13,14,15,16,17,18,19,20,21,22,23,24,25,26,27,28,29,30,31,32,33,34,35,36,37,38,39,40,41,42,43,44,45,46,47,48,49,50,51,52,53,54,55,56,57,58,59,60,61,62,63,64,65,66,67,68,69,70,71,72,73,74,75,76,77,78,79,80,81,82,83,84,85,86,87,88,89,90,91,92,93,94,95,96,97,98,99,100
77	0.30306278695649536	87,11,54,77,69,63,58
78	0.09072444133831238	50,93,58,87,57,42,11
79	0.10835259949068603	38,51,58,30,96,69,11,82
8	0.5069334250061316	25,51,9,32,72
80	0.33653744546242187	44,76,92,45,46,59,97,96,94
81	0.18708545053440256	32,46,93,23,5
82	0.2504497463726577	46,6,89
83	0.10056487444166426	10
84	0.2787893061665795	1,2,3,4,5,6,7,8,9,10,11,12,13,14,15,16,17,18,19,20,21,22,23,24,25,26,27,28,29,30,31,32,33,34,35,36,37,38,39,40,41,42,43,44,45,46,47,48,49,50,51,52,53,54,55,56,57,58,59,60,61,62,63,64,65,66,67,68,69,70,71,72,73,74,75,76,77,78,79,80,81,82,83,84,85,86,87,88,89,90,91,92,93,94,95,96,97,98,99,100
85	0.10762095055384968	86,22
86	0.1896460867363212	21,65,24,58,68,83,7
87	0.3181965173417102	44,9,19,26,4,65,12
88	0.3661563027249011	1,2,3,4,5,6,7,8,9,10,11,12,13,14,15,16,17,18,19,20,21,22,23,24,25,26,27,28,29,30,31,32,33,34,35,36,37,38,39,40,41,42,43,44,45,46,47,48,49,50,51,52,53,54,55,56,57,58,59,60,61,62,63,64,65,66,67,68,69,70,71,72,73,74,75,76,77,78,79,80,81,82,83,84,85,86,87,88,89,90,91,92,93,94,95,96,97,98,99,100
89	0.4426359446210421	10,77,18,55
9	0.24030297676469947	13,34,87,86,97,6
90	0.10478264970021929	11,82,14
91	0.2664333165306548	39,29,5
92	0.1282624599129385	9,28,94,34,37,54,48,25,73
93	0.18107853630539705	34
94	0.31972712735386577	49
95	0.1645408893444744	72,98,22,87,85,8
96	0.12109748083502234	99,97,23,1,80,81,32
97	0.23204970125442934	62,38,33,59,14,95,7,16,25
98	0.2241027097271476	22,16,97,64,74,87,94
99	0.16758161367844257	47,84,7,54,33,87,27
