1	0.17130357142857142	98,86
10	0.5887142857142857	53,27,77,97,40
100	0.05925000000000001	69,55,31,17,6,66,15,87
11	0.6023650793650791	8,4
12	0.45089098972922487	18,33
13	0.32237499999999997	77,44,82,23,28
14	0.2463531746031746	47,29,35,34,8,22
15	0.4102916666666665	76
16	0.39118860877684397	79,24,88,3,76,59
17	0.18142261904761905	33,38,21,54,12,58,8
18	0.5418392857142856	19,53,84,26,70,8,90,59,75
19	0.16540079365079366	1,2,3,4,5,6,7,8,9,10,11,12,13,14,15,16,17,18,19,20,21,22,23,24,25,26,27,28,29,30,31,32,33,34,35,36,37,38,39,40,41,42,43,44,45,46,47,48,49,50,51,52,53,54,55,56,57,58,59,60,61,62,63,64,65,66,67,68,69,70,71,72,73,74,75,76,77,78,79,80,81,82,83,84,85,86,87,88,89,90,91,92,93,94,95,96,97,98,99,100
2	0.2361944444444445	54,4,57,34,36
20	0.27397222222222223	2,51,72,36,44
21	0.23130357142857144	78,47,11,83,80,25
22	0.56440873015873	64,88,12
23	0.42850595238095235	92,8,54,4,89,66
24	0.4114267040149392	7,31,32,42,16,89,35
25	0.5429999999999998	8,75,39
26	0.56440873015873	36,5
27	0.357672619047619	74,5,32,41
28	0.3589763071895425	99,52,43
29	0.36897222222222203	91,18,8,34,37,38,80
3	0.38730555555555546	54,39,75,16,11,73,65
30	0.15781150793650794	1,2,3,4,5,6,7,8,9,10,11,12,13,14,15,16,17,18,19,20,21,22,23,24,25,26,27,28,29,30,31,32,33,34,35,36,37,38,39,40,41,42,43,44,45,46,47,48,49,50,51,52,53,54,55,56,57,58,59,60,61,62,63,64,65,66,67,68,69,70,71,72,73,74,75,76,77,78,79,80,81,82,83,84,85,86,87,88,89,90,91,92,93,94,95,96,97,98,99,100
31	0.4168392857142856	88,40,53,13,57,9,41,93
32	1.0327619047619048	71,8,95,48,55,94,81,34
33	0.4372757936507936	93,44,42,43,31,17
34	0.9201031746031745	54,88,59,91,12
35	0.28801984126984126	21,65,25,54,56,11,73,4
36	0.5094583333333333	1,2,3,4,5,6,7,8,9,10,11,12,13,14,15,16,17,18,19,20,21,22,23,24,25,26,27,28,29,30,31,32,33,34,35,36,37,38,39,40,41,42,43,44,45,46,47,48,49,50,51,52,53,54,55,56,57,58,59,60,61,62,63,64,65,66,67,68,69,70,71,72,73,74,75,76,77,78,79,80,81,82,83,84,85,86,87,88,89,90,91,92,93,94,95,96,97,98,99,100
37	0.23551984126984132	27,26,54,32,36,8
38	0.32457154528478055	55,72,86,39,75
39	0.5844781746031744	50
4	0.6961923558897243	32
40	0.3820972222222221	75,84
41	0.7343929738562088	15,89,61
42	0.2490119047619048	4,93,76,86
43	0.4746707516339868	80,82
44	0.45107539682539677	64,98,50,16
45	0.15190873015873016	1,2,3,4,5,6,7,8,9,10,11,12,13,14,15,16,17,18,19,20,21,22,23,24,25,26,27,28,29,30,31,32,33,34,35,36,37,38,39,40,41,42,43,44,45,46,47,48,49,50,51,52,53,54,55,56,57,58,59,60,61,62,63,64,65,66,67,68,69,70,71,72,73,74,75,76,77,78,79,80,81,82,83,84,85,86,87,88,89,90,91,92,93,94,95,96,97,98,99,100
46	0.3306388888888887	30,20,25,59,91,11,62,67,26
47	0.34350595238095244	88
48	0.33536519607843146	41
49	0.6517499999999997	58,89,59,94,41,51,87,85,29
5	0.6015416666666665	27,20,87,49,25
50	0.6487142857142855	80,49,48,47,32
51	0.32647222222222205	54,84,82
52	0.19995512820512823	15,72,24,76
53	0.24209722222222227	8,23,9
54	0.9203710317460313	2,22,59,40,90,95,55,48,77
55	0.49971418128654965	80,91,20,65,66
56	0.15781150793650794	43,66,76,77,38,39,40,67,59
57	0.2555892857142857	1,2,3,4,5,6,7,8,9,10,11,12,13,14,15,16,17,18,19,20,21,22,23,24,25,26,27,28,29,30,31,32,33,34,35,36,37,38,39,40,41,42,43,44,45,46,47,48,49,50,51,52,53,54,55,56,57,58,59,60,61,62,63,64,65,66,67,68,69,70,71,72,73,74,75,76,77,78,79,80,81,82,83,84,85,86,87,88,89,90,91,92,93,94,95,96,97,98,99,100
58	0.9641210317460315	98,99,40,55,35,2,96,12,3
59	0.5930820707070705	3,26
6	0.32237499999999997	74,71,40,56,98,79,22,48,78
60	0.18142261904761908	77,15,96,61,59,25,4,35
61	0.3223749999999999	1,2,3,4,5,6,7,8,9,10,11,12,13,14,15,16,17,18,19,20,21,22,23,24,25,26,27,28,29,30,31,32,33,34,35,36,37,38,39,40,41,42,43,44,45,46,47,48,49,50,51,52,53,54,55,56,57,58,59,60,61,62,63,64,65,66,67,68,69,70,71,72,73,74,75,76,77,78,79,80,81,82,83,84,85,86,87,88,89,90,91,92,93,94,95,96,97,98,99,100
62	0.22202777777777782	73,31,37,62,61,24
63	0.11900274725274726	68
64	0.682954481792717	39,79,28,31,99,98,93,55
65	0.37584138655462185	1,2,3,4,5,6,7,8,9,10,11,12,13,14,15,16,17,18,19,20,21,22,23,24,25,26,27,28,29,30,31,32,33,34,35,36,37,38,39,40,41,42,43,44,45,46,47,48,49,50,51,52,53,54,55,56,57,58,59,60,61,62,63,64,65,66,67,68,69,70,71,72,73,74,75,76,77,78,79,80,81,82,83,84,85,86,87,88,89,90,91,92,93,94,95,96,97,98,99,100
66	0.3123055555555555	1,2,3,4,5,6,7,8,9,10,11,12,13,14,15,16,17,18,19,20,21,22,23,24,25,26,27,28,29,30,31,32,33,34,35,36,37,38,39,40,41,42,43,44,45,46,47,48,49,50,51,52,53,54,55,56,57,58,59,60,61,62,63,64,65,66,67,68,69,70,71,72,73,74,75,76,77,78,79,80,81,82,83,84,85,86,87,88,89,90,91,92,93,94,95,96,97,98,99,100
67	0.15190873015873016	75,60,99,28,54,26
68	0.5431785714285712	34,31,69,1,80,29,43,60
69	0.2762142857142857	58
7	0.2854900793650792	8,92,97
70	0.15190873015873016	94
71	0.15781150793650797	64,18,43,80
72	0.4876568627450979	81,13,58
73	0.28801984126984126	91,64
74	0.27093650793650786	89
75	0.6730198412698412	45,44,28,41,70,24,83,78,84
76	0.8578611111111106	1,2,3,4,5,6,7,8,9,10,11,12,13,14,15,16,17,18,19,20,21,22,23,24,25,26,27,28,29,30,31,32,33,34,35,36,37,38,39,40,41,42,43,44,45,46,47,48,49,50,51,52,53,54,55,56,57,58,59,60,61,62,63,64,65,66,67,68,69,70,71,72,73,74,75,76,77,78,79,80,81,82,83,84,85,86,87,88,89,90,91,92,93,94,95,96,97,98,99,100
77	0.5391784670008353	87,11,54,77,69,63,58
78	0.22202777777777782	50,93,58,87,57,42,11
79	0.2279305555555556	38,51,58,30,96,69,11,82
8	1.1956091269841267	25,51,9,32,72
80	0.7883869047619044	44,76,92,45,46,59,97,96,94
81	0.3122559523809524	32,46,93,23,5
82	0.6895318627450978	46,6,89
83	0.2355198412698413	10
84	0.5648989262371613	1,2,3,4,5,6,7,8,9,10,11,12,13,14,15,16,17,18,19,20,21,22,23,24,25,26,27,28,29,30,31,32,33,34,35,36,37,38,39,40,41,42,43,44,45,46,47,48,49,50,51,52,53,54,55,56,57,58,59,60,61,62,63,64,65,66,67,68,69,70,71,72,73,74,75,76,77,78,79,80,81,82,83,84,85,86,87,88,89,90,91,92,93,94,95,96,97,98,99,100
85	0.17551984126984127	86,22
86	0.7426568627450977	21,65,24,58,68,83,7
87	0.6237638888888888	44,9,19,26,4,65,12
88	0.8311985294117644	1,2,3,4,5,6,7,8,9,10,11,12,13,14,15,16,17,18,19,20,21,22,23,24,25,26,27,28,29,30,31,32,33,34,35,36,37,38,39,40,41,42,43,44,45,46,47,48,49,50,51,52,53,54,55,56,57,58,59,60,61,62,63,64,65,66,67,68,69,70,71,72,73,74,75,76,77,78,79,80,81,82,83,84,85,86,87,88,89,90,91,92,93,94,95,96,97,98,99,100
89	0.9421865079365078	10,77,18,55
9	0.4433017040149392	13,34,87,86,97,6
90	0.1519087301587302	11,82,14
91	0.5460100373482724	39,29,5
92	0.31647222222222215	9,28,94,34,37,54,48,25,73
93	0.48413095238095244	34
94	0.7355892857142855	49
95	0.2043194444444445	72,98,22,87,85,8
96	0.2568194444444445	99,97,23,1,80,81,32
97	0.5212341269841269	62,38,33,59,14,95,7,16,25
98	0.592236111111111	22,16,97,64,74,87,94
99	0.4291350373482726	47,84,7,54,33,87,27
