1	0.04201285658436836	98,86
10	0.1439108502588071	53,27,77,97,40
100	0.024401468591947882	69,55,31,17,6,66,15,87
11	0.12793257248691242	8,4
12	0.15840687392534694	18,33
13	0.09747830012098659	77,44,82,23,28
14	0.05753853928173412	47,29,35,34,8,22
15	0.1143103460631774	76
16	0.12080184216368059	79,24,88,3,76,59
17	0.045241205138678894	33,38,21,54,12,58,8
18	0.1891680360583405	19,53,84,26,70,8,90,59,75
19	0.06753404624664211	1,2,3,4,5,6,7,8,9,10,11,12,13,14,15,16,17,18,19,20,21,22,23,24,25,26,27,28,29,30,31,32,33,34,35,36,37,38,39,40,41,42,43,44,45,46,47,48,49,50,51,52,53,54,55,56,57,58,59,60,61,62,63,64,65,66,67,68,69,70,71,72,73,74,75,76,77,78,79,80,81,82,83,84,85,86,87,88,89,90,91,92,93,94,95,96,97,98,99,100
2	0.08788609093404655	54,4,57,34,36
20	0.10903278970685784	2,51,72,36,44
21	0.0514373018101571	78,47,11,83,80,25
22	0.12739995213917898	64,88,12
23	0.09462553302063642	92,8,54,4,89,66
24	0.09462449527842297	7,31,32,42,16,89,35
25	0.16877698225748666	8,75,39
26	0.1887481327240189	36,5
27	0.10811430110413489	74,5,32,41
28	0.09036932370304163	99,52,43
29	0.1185609977167348	91,18,8,34,37,38,80
3	0.16048418217848895	54,39,75,16,11,73,65
30	0.04198229682744513	1,2,3,4,5,6,7,8,9,10,11,12,13,14,15,16,17,18,19,20,21,22,23,24,25,26,27,28,29,30,31,32,33,34,35,36,37,38,39,40,41,42,43,44,45,46,47,48,49,50,51,52,53,54,55,56,57,58,59,60,61,62,63,64,65,66,67,68,69,70,71,72,73,74,75,76,77,78,79,80,81,82,83,84,85,86,87,88,89,90,91,92,93,94,95,96,97,98,99,100
31	0.09173944637026048	88,40,53,13,57,9,41,93
32	0.34517303387803894	71,8,95,48,55,94,81,34
33	0.12907331090835758	93,44,42,43,31,17
34	0.24400803678119506	54,88,59,91,12
35	0.06863046828263478	21,65,25,54,56,11,73,4
36	0.15380375734383844	1,2,3,4,5,6,7,8,9,10,11,12,13,14,15,16,17,18,19,20,21,22,23,24,25,26,27,28,29,30,31,32,33,34,35,36,37,38,39,40,41,42,43,44,45,46,47,48,49,50,51,52,53,54,55,56,57,58,59,60,61,62,63,64,65,66,67,68,69,70,71,72,73,74,75,76,77,78,79,80,81,82,83,84,85,86,87,88,89,90,91,92,93,94,95,96,97,98,99,100
37	0.05453617366663389	27,26,54,32,36,8
38	0.06888535363508617	55,72,86,39,75
39	0.17881390185153606	50
4	0.16140202990454455	32
40	0.11688667494877178	75,84
41	0.23968805862448586	15,89,61
42	0.06192384136071123	4,93,76,86
43	0.09850655127778553	80,82
44	0.14395593340707166	64,98,50,16
45	0.06283029764150556	1,2,3,4,5,6,7,8,9,10,11,12,13,14,15,16,17,18,19,20,21,22,23,24,25,26,27,28,29,30,31,32,33,34,35,36,37,38,39,40,41,42,43,44,45,46,47,48,49,50,51,52,53,54,55,56,57,58,59,60,61,62,63,64,65,66,67,68,69,70,71,72,73,74,75,76,77,78,79,80,81,82,83,84,85,86,87,88,89,90,91,92,93,94,95,96,97,98,99,100
46	0.11169528565588922	30,20,25,59,91,11,62,67,26
47	0.0942315805714253	88
48	0.1453664595693136	41
49	0.2822853345370511	58,89,59,94,41,51,87,85,29
5	0.20518004692731623	27,20,87,49,25
50	0.22900156665929364	80,49,48,47,32
51	0.13541972175427913	54,84,82
52	0.05121045084395626	15,72,24,76
53	0.07856139802917807	8,23,9
54	0.23157755688000592	2,22,59,40,90,95,55,48,77
55	0.20154117189657758	80,91,20,65,66
56	0.04017949544658207	43,66,76,77,38,39,40,67,59
57	0.05634855467317791	1,2,3,4,5,6,7,8,9,10,11,12,13,14,15,16,17,18,19,20,21,22,23,24,25,26,27,28,29,30,31,32,33,34,35,36,37,38,39,40,41,42,43,44,45,46,47,48,49,50,51,52,53,54,55,56,57,58,59,60,61,62,63,64,65,66,67,68,69,70,71,72,73,74,75,76,77,78,79,80,81,82,83,84,85,86,87,88,89,90,91,92,93,94,95,96,97,98,99,100
58	0.21262956373714945	98,99,40,55,35,2,96,12,3
59	0.21077961553709962	3,26
6	0.09468382016249272	74,71,40,56,98,79,22,48,78
60	0.037733564773660744	77,15,96,61,59,25,4,35
61	0.10920601457529652	1,2,3,4,5,6,7,8,9,10,11,12,13,14,15,16,17,18,19,20,21,22,23,24,25,26,27,28,29,30,31,32,33,34,35,36,37,38,39,40,41,42,43,44,45,46,47,48,49,50,51,52,53,54,55,56,57,58,59,60,61,62,63,64,65,66,67,68,69,70,71,72,73,74,75,76,77,78,79,80,81,82,83,84,85,86,87,88,89,90,91,92,93,94,95,96,97,98,99,100
62	0.056682959796644124	73,31,37,62,61,24
63	0.04770214199084296	68
64	0.159293833973965	39,79,28,31,99,98,93,55
65	0.12855750686871417	1,2,3,4,5,6,7,8,9,10,11,12,13,14,15,16,17,18,19,20,21,22,23,24,25,26,27,28,29,30,31,32,33,34,35,36,37,38,39,40,41,42,43,44,45,46,47,48,49,50,51,52,53,54,55,56,57,58,59,60,61,62,63,64,65,66,67,68,69,70,71,72,73,74,75,76,77,78,79,80,81,82,83,84,85,86,87,88,89,90,91,92,93,94,95,96,97,98,99,100
66	0.08005411435637828	1,2,3,4,5,6,7,8,9,10,11,12,13,14,15,16,17,18,19,20,21,22,23,24,25,26,27,28,29,30,31,32,33,34,35,36,37,38,39,40,41,42,43,44,45,46,47,48,49,50,51,52,53,54,55,56,57,58,59,60,61,62,63,64,65,66,67,68,69,70,71,72,73,74,75,76,77,78,79,80,81,82,83,84,85,86,87,88,89,90,91,92,93,94,95,96,97,98,99,100
67	0.03813969694673523	75,60,99,28,54,26
68	0.0819663668635686	34,31,69,1,80,29,43,60
69	0.06550218968729361	58
7	0.0779555652476307	8,92,97
70	0.061297027507399335	94
71	0.0724527375298138	64,18,43,80
72	0.13759523378734692	81,13,58
73	0.06740742275476773	91,64
74	0.07483067415535172	89
75	0.18571484952294726	45,44,28,41,70,24,83,78,84
76	0.19559478713871256	1,2,3,4,5,6,7,8,9,10,11,12,13,14,15,16,17,18,19,20,21,22,23,24,25,26,27,28,29,30,31,32,33,34,35,36,37,38,39,40,41,42,43,44,45,46,47,48,49,50,51,52,53,54,55,56,57,58,59,60,61,62,63,64,65,66,67,68,69,70,71,72,73,74,75,76,77,78,79,80,81,82,83,84,85,86,87,88,89,90,91,92,93,94,95,96,97,98,99,100
77	0.18287951080666398	87,11,54,77,69,63,58
78	0.05855955952639756	50,93,58,87,57,42,11
79	0.0686761058190176	38,51,58,30,96,69,11,82
8	0.30585754529569553	25,51,9,32,72
80	0.20439378289751037	44,76,92,45,46,59,97,96,94
81	0.11455610006496499	32,46,93,23,5
82	0.15413014695509925	46,6,89
83	0.06464991101364134	10
84	0.16913162618371833	1,2,3,4,5,6,7,8,9,10,11,12,13,14,15,16,17,18,19,20,21,22,23,24,25,26,27,28,29,30,31,32,33,34,35,36,37,38,39,40,41,42,43,44,45,46,47,48,49,50,51,52,53,54,55,56,57,58,59,60,61,62,63,64,65,66,67,68,69,70,71,72,73,74,75,76,77,78,79,80,81,82,83,84,85,86,87,88,89,90,91,92,93,94,95,96,97,98,99,100
85	0.06735262966927469	86,22
86	0.12017035148209713	21,65,24,58,68,83,7
87	0.19117037754396152	44,9,19,26,4,65,12
88	0.2214158441003157	1,2,3,4,5,6,7,8,9,10,11,12,13,14,15,16,17,18,19,20,21,22,23,24,25,26,27,28,29,30,31,32,33,34,35,36,37,38,39,40,41,42,43,44,45,46,47,48,49,50,51,52,53,54,55,56,57,58,59,60,61,62,63,64,65,66,67,68,69,70,71,72,73,74,75,76,77,78,79,80,81,82,83,84,85,86,87,88,89,90,91,92,93,94,95,96,97,98,99,100
89	0.26716436547354705	10,77,18,55
9	0.14591043796653047	13,34,87,86,97,6
90	0.066039919779395	11,82,14
91	0.16158215161680475	39,29,5
92	0.08138279062276539	9,28,94,34,37,54,48,25,73
93	0.11217806808379087	34
94	0.19355395440417164	49
95	0.10059356563557041	72,98,22,87,85,8
96	0.07636747814475484	99,97,23,1,80,81,32
97	0.14260163088785036	62,38,33,59,14,95,7,16,25
98	0.13821260732299162	22,16,97,64,74,87,94
99	0.10460006812609948	47,84,7,54,33,87,27
