1	0.026147717286215507	98,86
10	0.07361512974034998	53,27,77,97,40
100	0.0179643428918128	69,55,31,17,6,66,15,87
11	0.06423351566693597	8,4
12	0.0764702450239992	18,33
13	0.04990220021125578	77,44,82,23,28
14	0.032804867651685006	47,29,35,34,8,22
15	0.05698571483626632	76
16	0.05931019838895456	79,24,88,3,76,59
17	0.027143302658762972	33,38,21,54,12,58,8
18	0.08936419664802908	19,53,84,26,70,8,90,59,75
19	0.03550168359311165	1,2,3,4,5,6,7,8,9,10,11,12,13,14,15,16,17,18,19,20,21,22,23,24,25,26,27,28,29,30,31,32,33,34,35,36,37,38,39,40,41,42,43,44,45,46,47,48,49,50,51,52,53,54,55,56,57,58,59,60,61,62,63,64,65,66,67,68,69,70,71,72,73,74,75,76,77,78,79,80,81,82,83,84,85,86,87,88,89,90,91,92,93,94,95,96,97,98,99,100
2	0.04479202037014939	54,4,57,34,36
20	0.053062023272258736	2,51,72,36,44
21	0.030603812836999346	78,47,11,83,80,25
22	0.06402286362990234	64,88,12
23	0.04967322799775284	92,8,54,4,89,66
24	0.04989145570666979	7,31,32,42,16,89,35
25	0.08096174965045605	8,75,39
26	0.08788568264801026	36,5
27	0.054630447509092156	74,5,32,41
28	0.0471081000707876	99,52,43
29	0.05889775886798041	91,18,8,34,37,38,80
3	0.075405676343947	54,39,75,16,11,73,65
30	0.025416132843726298	1,2,3,4,5,6,7,8,9,10,11,12,13,14,15,16,17,18,19,20,21,22,23,24,25,26,27,28,29,30,31,32,33,34,35,36,37,38,39,40,41,42,43,44,45,46,47,48,49,50,51,52,53,54,55,56,57,58,59,60,61,62,63,64,65,66,67,68,69,70,71,72,73,74,75,76,77,78,79,80,81,82,83,84,85,86,87,88,89,90,91,92,93,94,95,96,97,98,99,100
31	0.048808162486019796	88,40,53,13,57,9,41,93
32	0.16051584634417998	71,8,95,48,55,94,81,34
33	0.0639243966461177	93,44,42,43,31,17
34	0.11745157147538238	54,88,59,91,12
35	0.03805487182777652	21,65,25,54,56,11,73,4
36	0.07325750969647035	1,2,3,4,5,6,7,8,9,10,11,12,13,14,15,16,17,18,19,20,21,22,23,24,25,26,27,28,29,30,31,32,33,34,35,36,37,38,39,40,41,42,43,44,45,46,47,48,49,50,51,52,53,54,55,56,57,58,59,60,61,62,63,64,65,66,67,68,69,70,71,72,73,74,75,76,77,78,79,80,81,82,83,84,85,86,87,88,89,90,91,92,93,94,95,96,97,98,99,100
37	0.03128134167926023	27,26,54,32,36,8
38	0.03771017111770754	55,72,86,39,75
39	0.08526458924183494	50
4	0.08019573352723865	32
40	0.05880579400639963	75,84
41	0.11002946329235251	15,89,61
42	0.034569624368537714	4,93,76,86
43	0.05212968181882814	80,82
44	0.06898563017205218	64,98,50,16
45	0.03392359400088675	1,2,3,4,5,6,7,8,9,10,11,12,13,14,15,16,17,18,19,20,21,22,23,24,25,26,27,28,29,30,31,32,33,34,35,36,37,38,39,40,41,42,43,44,45,46,47,48,49,50,51,52,53,54,55,56,57,58,59,60,61,62,63,64,65,66,67,68,69,70,71,72,73,74,75,76,77,78,79,80,81,82,83,84,85,86,87,88,89,90,91,92,93,94,95,96,97,98,99,100
46	0.056261090794279926	30,20,25,59,91,11,62,67,26
47	0.048530384041111256	88
48	0.06865450815181867	41
49	0.1289015534001071	58,89,59,94,41,51,87,85,29
5	0.09563017332917252	27,20,87,49,25
50	0.1065898196478117	80,49,48,47,32
51	0.06456145275350512	54,84,82
52	0.030350107400266717	15,72,24,76
53	0.04160475093961921	8,23,9
54	0.11022799943400202	2,22,59,40,90,95,55,48,77
55	0.0942763302918605	80,91,20,65,66
56	0.024873350534299614	43,66,76,77,38,39,40,67,59
57	0.03225592891224786	1,2,3,4,5,6,7,8,9,10,11,12,13,14,15,16,17,18,19,20,21,22,23,24,25,26,27,28,29,30,31,32,33,34,35,36,37,38,39,40,41,42,43,44,45,46,47,48,49,50,51,52,53,54,55,56,57,58,59,60,61,62,63,64,65,66,67,68,69,70,71,72,73,74,75,76,77,78,79,80,81,82,83,84,85,86,87,88,89,90,91,92,93,94,95,96,97,98,99,100
58	0.10478849448075864	98,99,40,55,35,2,96,12,3
59	0.09798193142055238	3,26
6	0.04924997901465971	74,71,40,56,98,79,22,48,78
60	0.02459501215357563	77,15,96,61,59,25,4,35
61	0.05378801331032095	1,2,3,4,5,6,7,8,9,10,11,12,13,14,15,16,17,18,19,20,21,22,23,24,25,26,27,28,29,30,31,32,33,34,35,36,37,38,39,40,41,42,43,44,45,46,47,48,49,50,51,52,53,54,55,56,57,58,59,60,61,62,63,64,65,66,67,68,69,70,71,72,73,74,75,76,77,78,79,80,81,82,83,84,85,86,87,88,89,90,91,92,93,94,95,96,97,98,99,100
62	0.03201465021492713	73,31,37,62,61,24
63	0.02758322719515354	68
64	0.07918384439150679	39,79,28,31,99,98,93,55
65	0.062197863557719016	1,2,3,4,5,6,7,8,9,10,11,12,13,14,15,16,17,18,19,20,21,22,23,24,25,26,27,28,29,30,31,32,33,34,35,36,37,38,39,40,41,42,43,44,45,46,47,48,49,50,51,52,53,54,55,56,57,58,59,60,61,62,63,64,65,66,67,68,69,70,71,72,73,74,75,76,77,78,79,80,81,82,83,84,85,86,87,88,89,90,91,92,93,94,95,96,97,98,99,100
66	0.04216123821739733	1,2,3,4,5,6,7,8,9,10,11,12,13,14,15,16,17,18,19,20,21,22,23,24,25,26,27,28,29,30,31,32,33,34,35,36,37,38,39,40,41,42,43,44,45,46,47,48,49,50,51,52,53,54,55,56,57,58,59,60,61,62,63,64,65,66,67,68,69,70,71,72,73,74,75,76,77,78,79,80,81,82,83,84,85,86,87,88,89,90,91,92,93,94,95,96,97,98,99,100
67	0.023841330175826837	75,60,99,28,54,26
68	0.04742454662587013	34,31,69,1,80,29,43,60
69	0.03629129136957086	58
7	0.04198696156525939	8,92,97
70	0.033034910713743745	94
71	0.03788483969492225	64,18,43,80
72	0.06780317143573074	81,13,58
73	0.0367042087549218	91,64
74	0.040171571999959285	89
75	0.08911395711184747	45,44,28,41,70,24,83,78,84
76	0.09611109084854624	1,2,3,4,5,6,7,8,9,10,11,12,13,14,15,16,17,18,19,20,21,22,23,24,25,26,27,28,29,30,31,32,33,34,35,36,37,38,39,40,41,42,43,44,45,46,47,48,49,50,51,52,53,54,55,56,57,58,59,60,61,62,63,64,65,66,67,68,69,70,71,72,73,74,75,76,77,78,79,80,81,82,83,84,85,86,87,88,89,90,91,92,93,94,95,96,97,98,99,100
77	0.08713283126204441	87,11,54,77,69,63,58
78	0.03286759873642774	50,93,58,87,57,42,11
79	0.03693130532280531	38,51,58,30,96,69,11,82
8	0.14472672705785147	25,51,9,32,72
80	0.09877378062207798	44,76,92,45,46,59,97,96,94
81	0.056660303910601534	32,46,93,23,5
82	0.07706765078157113	46,6,89
83	0.036016372862461184	10
84	0.08101691523142528	1,2,3,4,5,6,7,8,9,10,11,12,13,14,15,16,17,18,19,20,21,22,23,24,25,26,27,28,29,30,31,32,33,34,35,36,37,38,39,40,41,42,43,44,45,46,47,48,49,50,51,52,53,54,55,56,57,58,59,60,61,62,63,64,65,66,67,68,69,70,71,72,73,74,75,76,77,78,79,80,81,82,83,84,85,86,87,88,89,90,91,92,93,94,95,96,97,98,99,100
85	0.0353837280170983	86,22
86	0.06423660691532632	21,65,24,58,68,83,7
87	0.08962543859126147	44,9,19,26,4,65,12
88	0.10723348202029767	1,2,3,4,5,6,7,8,9,10,11,12,13,14,15,16,17,18,19,20,21,22,23,24,25,26,27,28,29,30,31,32,33,34,35,36,37,38,39,40,41,42,43,44,45,46,47,48,49,50,51,52,53,54,55,56,57,58,59,60,61,62,63,64,65,66,67,68,69,70,71,72,73,74,75,76,77,78,79,80,81,82,83,84,85,86,87,88,89,90,91,92,93,94,95,96,97,98,99,100
89	0.1262237599780295	10,77,18,55
9	0.07087813273721257	13,34,87,86,97,6
90	0.03502901622655521	11,82,14
91	0.07834636484500218	39,29,5
92	0.04372634134744499	9,28,94,34,37,54,48,25,73
93	0.05742217219080527	34
94	0.09301144788372868	49
95	0.049630939309213126	72,98,22,87,85,8
96	0.040601856273021875	99,97,23,1,80,81,32
97	0.07095537559639484	62,38,33,59,14,95,7,16,25
98	0.06956234803309207	22,16,97,64,74,87,94
99	0.054252913320225055	47,84,7,54,33,87,27
