1	0.026147813559956164	98,86
10	0.0736155564100519	53,27,77,97,40
100	0.017964381952777192	69,55,31,17,6,66,15,87
11	0.06423390224775516	8,4
12	0.07647074236625077	18,33
13	0.049902488945694545	77,44,82,23,28
14	0.03280501775937094	47,29,35,34,8,22
15	0.05698606270886753	76
16	0.059310571590282024	79,24,88,3,76,59
17	0.027143412500295283	33,38,21,54,12,58,8
18	0.08936480239197933	19,53,84,26,70,8,90,59,75
19	0.03550187799746268	1,2,3,4,5,6,7,8,9,10,11,12,13,14,15,16,17,18,19,20,21,22,23,24,25,26,27,28,29,30,31,32,33,34,35,36,37,38,39,40,41,42,43,44,45,46,47,48,49,50,51,52,53,54,55,56,57,58,59,60,61,62,63,64,65,66,67,68,69,70,71,72,73,74,75,76,77,78,79,80,81,82,83,84,85,86,87,88,89,90,91,92,93,94,95,96,97,98,99,100
2	0.04479228191561585	54,4,57,34,36
20	0.05306236291109772	2,51,72,36,44
21	0.03060393927860241	78,47,11,83,80,25
22	0.06402324827470703	64,88,12
23	0.04967350084517337	92,8,54,4,89,66
24	0.04989172720810878	7,31,32,42,16,89,35
25	0.08096228260308808	8,75,39
26	0.08788629474989594	36,5
27	0.054630772060331186	74,5,32,41
28	0.04710836265213614	99,52,43
29	0.05889812097300343	91,18,8,34,37,38,80
3	0.07540619265605943	54,39,75,16,11,73,65
30	0.02541623337427454	1,2,3,4,5,6,7,8,9,10,11,12,13,14,15,16,17,18,19,20,21,22,23,24,25,26,27,28,29,30,31,32,33,34,35,36,37,38,39,40,41,42,43,44,45,46,47,48,49,50,51,52,53,54,55,56,57,58,59,60,61,62,63,64,65,66,67,68,69,70,71,72,73,74,75,76,77,78,79,80,81,82,83,84,85,86,87,88,89,90,91,92,93,94,95,96,97,98,99,100
31	0.04880842304288839	88,40,53,13,57,9,41,93
32	0.16051696713530833	71,8,95,48,55,94,81,34
33	0.0639247920338019	93,44,42,43,31,17
34	0.11745233954365386	54,88,59,91,12
35	0.03805505738095396	21,65,25,54,56,11,73,4
36	0.07325799856766745	1,2,3,4,5,6,7,8,9,10,11,12,13,14,15,16,17,18,19,20,21,22,23,24,25,26,27,28,29,30,31,32,33,34,35,36,37,38,39,40,41,42,43,44,45,46,47,48,49,50,51,52,53,54,55,56,57,58,59,60,61,62,63,64,65,66,67,68,69,70,71,72,73,74,75,76,77,78,79,80,81,82,83,84,85,86,87,88,89,90,91,92,93,94,95,96,97,98,99,100
37	0.03128148281383298	27,26,54,32,36,8
38	0.03771036031871712	55,72,86,39,75
39	0.08526515704020456	50
4	0.08019622636549972	32
40	0.05880614648807497	75,84
41	0.11003025024094604	15,89,61
42	0.034569790387637696	4,93,76,86
43	0.05212996328019351	80,82
44	0.06898608521779998	64,98,50,16
45	0.033923769435528356	1,2,3,4,5,6,7,8,9,10,11,12,13,14,15,16,17,18,19,20,21,22,23,24,25,26,27,28,29,30,31,32,33,34,35,36,37,38,39,40,41,42,43,44,45,46,47,48,49,50,51,52,53,54,55,56,57,58,59,60,61,62,63,64,65,66,67,68,69,70,71,72,73,74,75,76,77,78,79,80,81,82,83,84,85,86,87,88,89,90,91,92,93,94,95,96,97,98,99,100
46	0.05626142726293109	30,20,25,59,91,11,62,67,26
47	0.04853066142320161	88
48	0.06865497375611282	41
49	0.12890248426539858	58,89,59,94,41,51,87,85,29
5	0.09563083824585021	27,20,87,49,25
50	0.10659056254285099	80,49,48,47,32
51	0.06456188283952612	54,84,82
52	0.03035023398834729	15,72,24,76
53	0.04160497520901593	8,23,9
54	0.11022873594168509	2,22,59,40,90,95,55,48,77
55	0.09427698133752734	80,91,20,65,66
56	0.02487344342828499	43,66,76,77,38,39,40,67,59
57	0.032256075126182476	1,2,3,4,5,6,7,8,9,10,11,12,13,14,15,16,17,18,19,20,21,22,23,24,25,26,27,28,29,30,31,32,33,34,35,36,37,38,39,40,41,42,43,44,45,46,47,48,49,50,51,52,53,54,55,56,57,58,59,60,61,62,63,64,65,66,67,68,69,70,71,72,73,74,75,76,77,78,79,80,81,82,83,84,85,86,87,88,89,90,91,92,93,94,95,96,97,98,99,100
58	0.10478914898368386	98,99,40,55,35,2,96,12,3
59	0.09798261607731143	3,26
6	0.04925025476452392	74,71,40,56,98,79,22,48,78
60	0.024595091879961888	77,15,96,61,59,25,4,35
61	0.0537883496052308	1,2,3,4,5,6,7,8,9,10,11,12,13,14,15,16,17,18,19,20,21,22,23,24,25,26,27,28,29,30,31,32,33,34,35,36,37,38,39,40,41,42,43,44,45,46,47,48,49,50,51,52,53,54,55,56,57,58,59,60,61,62,63,64,65,66,67,68,69,70,71,72,73,74,75,76,77,78,79,80,81,82,83,84,85,86,87,88,89,90,91,92,93,94,95,96,97,98,99,100
62	0.03201479992662317	73,31,37,62,61,24
63	0.027583349272154688	68
64	0.07918433057843385	39,79,28,31,99,98,93,55
65	0.062198266314184444	1,2,3,4,5,6,7,8,9,10,11,12,13,14,15,16,17,18,19,20,21,22,23,24,25,26,27,28,29,30,31,32,33,34,35,36,37,38,39,40,41,42,43,44,45,46,47,48,49,50,51,52,53,54,55,56,57,58,59,60,61,62,63,64,65,66,67,68,69,70,71,72,73,74,75,76,77,78,79,80,81,82,83,84,85,86,87,88,89,90,91,92,93,94,95,96,97,98,99,100
66	0.04216146816623966	1,2,3,4,5,6,7,8,9,10,11,12,13,14,15,16,17,18,19,20,21,22,23,24,25,26,27,28,29,30,31,32,33,34,35,36,37,38,39,40,41,42,43,44,45,46,47,48,49,50,51,52,53,54,55,56,57,58,59,60,61,62,63,64,65,66,67,68,69,70,71,72,73,74,75,76,77,78,79,80,81,82,83,84,85,86,87,88,89,90,91,92,93,94,95,96,97,98,99,100
67	0.023841416943750846	75,60,99,28,54,26
68	0.04742475625867969	34,31,69,1,80,29,43,60
69	0.036291468617471914	58
7	0.04198717987093419	8,92,97
70	0.03303508222603135	94
71	0.0378850494936515	64,18,43,80
72	0.06780359504655531	81,13,58
73	0.036704395113225936	91,64
74	0.04017178235836369	89
75	0.08911454342980601	45,44,28,41,70,24,83,78,84
76	0.09611169468291955	1,2,3,4,5,6,7,8,9,10,11,12,13,14,15,16,17,18,19,20,21,22,23,24,25,26,27,28,29,30,31,32,33,34,35,36,37,38,39,40,41,42,43,44,45,46,47,48,49,50,51,52,53,54,55,56,57,58,59,60,61,62,63,64,65,66,67,68,69,70,71,72,73,74,75,76,77,78,79,80,81,82,83,84,85,86,87,88,89,90,91,92,93,94,95,96,97,98,99,100
77	0.08713341237430165	87,11,54,77,69,63,58
78	0.03286775465630629	50,93,58,87,57,42,11
79	0.03693149799623063	38,51,58,30,96,69,11,82
8	0.14472770497602055	25,51,9,32,72
80	0.09877442166721434	44,76,92,45,46,59,97,96,94
81	0.05666065528274023	32,46,93,23,5
82	0.07706811849963603	46,6,89
83	0.03601654663830994	10
84	0.08101744999712743	1,2,3,4,5,6,7,8,9,10,11,12,13,14,15,16,17,18,19,20,21,22,23,24,25,26,27,28,29,30,31,32,33,34,35,36,37,38,39,40,41,42,43,44,45,46,47,48,49,50,51,52,53,54,55,56,57,58,59,60,61,62,63,64,65,66,67,68,69,70,71,72,73,74,75,76,77,78,79,80,81,82,83,84,85,86,87,88,89,90,91,92,93,94,95,96,97,98,99,100
85	0.03538392205877604	86,22
86	0.06423694637923442	21,65,24,58,68,83,7
87	0.08962605486078437	44,9,19,26,4,65,12
88	0.10723417506177142	1,2,3,4,5,6,7,8,9,10,11,12,13,14,15,16,17,18,19,20,21,22,23,24,25,26,27,28,29,30,31,32,33,34,35,36,37,38,39,40,41,42,43,44,45,46,47,48,49,50,51,52,53,54,55,56,57,58,59,60,61,62,63,64,65,66,67,68,69,70,71,72,73,74,75,76,77,78,79,80,81,82,83,84,85,86,87,88,89,90,91,92,93,94,95,96,97,98,99,100
89	0.1262246153095846	10,77,18,55
9	0.07087858813875819	13,34,87,86,97,6
90	0.035029204426589966	11,82,14
91	0.07834687002260098	39,29,5
92	0.04372656987877513	9,28,94,34,37,54,48,25,73
93	0.05742250454616259	34
94	0.09301205812571235	49
95	0.0496312486166322	72,98,22,87,85,8
96	0.04060207333374735	99,97,23,1,80,81,32
97	0.07095581041678438	62,38,33,59,14,95,7,16,25
98	0.06956276467838718	22,16,97,64,74,87,94
99	0.0542532188742145	47,84,7,54,33,87,27
