1	0.026149740705164723	98,86
10	0.07362409720701359	53,27,77,97,40
100	0.017965163849791497	69,55,31,17,6,66,15,87
11	0.06424164057150064	8,4
12	0.07648069784040842	18,33
13	0.04990826864415047	77,44,82,23,28
14	0.032808022517529706	47,29,35,34,8,22
15	0.05699302619664773	76
16	0.0593180420920527	79,24,88,3,76,59
17	0.027145611236744596	33,38,21,54,12,58,8
18	0.08937692778093177	19,53,84,26,70,8,90,59,75
19	0.03550576945749173	1,2,3,4,5,6,7,8,9,10,11,12,13,14,15,16,17,18,19,20,21,22,23,24,25,26,27,28,29,30,31,32,33,34,35,36,37,38,39,40,41,42,43,44,45,46,47,48,49,50,51,52,53,54,55,56,57,58,59,60,61,62,63,64,65,66,67,68,69,70,71,72,73,74,75,76,77,78,79,80,81,82,83,84,85,86,87,88,89,90,91,92,93,94,95,96,97,98,99,100
2	0.044797517362883704	54,4,57,34,36
20	0.05306916158077347	2,51,72,36,44
21	0.03060647030448594	78,47,11,83,80,25
22	0.06403094784457197	64,88,12
23	0.0496789625276171	92,8,54,4,89,66
24	0.04989716194756809	7,31,32,42,16,89,35
25	0.08097295090271173	8,75,39
26	0.08789854740787018	36,5
27	0.05463726871623087	74,5,32,41
28	0.04711361883501913	99,52,43
29	0.058905369356159004	91,18,8,34,37,38,80
3	0.07541652785656955	54,39,75,16,11,73,65
30	0.025418245729492486	1,2,3,4,5,6,7,8,9,10,11,12,13,14,15,16,17,18,19,20,21,22,23,24,25,26,27,28,29,30,31,32,33,34,35,36,37,38,39,40,41,42,43,44,45,46,47,48,49,50,51,52,53,54,55,56,57,58,59,60,61,62,63,64,65,66,67,68,69,70,71,72,73,74,75,76,77,78,79,80,81,82,83,84,85,86,87,88,89,90,91,92,93,94,95,96,97,98,99,100
31	0.04881363870104623	88,40,53,13,57,9,41,93
32	0.16053940240413778	71,8,95,48,55,94,81,34
33	0.06393270664765124	93,44,42,43,31,17
34	0.11746771423543595	54,88,59,91,12
35	0.03805877166393902	21,65,25,54,56,11,73,4
36	0.07326778447375881	1,2,3,4,5,6,7,8,9,10,11,12,13,14,15,16,17,18,19,20,21,22,23,24,25,26,27,28,29,30,31,32,33,34,35,36,37,38,39,40,41,42,43,44,45,46,47,48,49,50,51,52,53,54,55,56,57,58,59,60,61,62,63,64,65,66,67,68,69,70,71,72,73,74,75,76,77,78,79,80,81,82,83,84,85,86,87,88,89,90,91,92,93,94,95,96,97,98,99,100
37	0.031284307954040295	27,26,54,32,36,8
38	0.03771414762163672	55,72,86,39,75
39	0.08527652285916984	50
4	0.08020609168170097	32
40	0.058813202237307356	75,84
41	0.11004600286675086	15,89,61
42	0.03457311365014803	4,93,76,86
43	0.052135597390990385	80,82
44	0.06899519402801726	64,98,50,16
45	0.03392728117223549	1,2,3,4,5,6,7,8,9,10,11,12,13,14,15,16,17,18,19,20,21,22,23,24,25,26,27,28,29,30,31,32,33,34,35,36,37,38,39,40,41,42,43,44,45,46,47,48,49,50,51,52,53,54,55,56,57,58,59,60,61,62,63,64,65,66,67,68,69,70,71,72,73,74,75,76,77,78,79,80,81,82,83,84,85,86,87,88,89,90,91,92,93,94,95,96,97,98,99,100
46	0.056268162473846146	30,20,25,59,91,11,62,67,26
47	0.04853621387772037	88
48	0.06866429392045247	41
49	0.12892111772218642	58,89,59,94,41,51,87,85,29
5	0.09564414811602595	27,20,87,49,25
50	0.10660543333322138	80,49,48,47,32
51	0.06457049202214435	54,84,82
52	0.030352767946322592	15,72,24,76
53	0.04160946448813146	8,23,9
54	0.11024347887410708	2,22,59,40,90,95,55,48,77
55	0.09429001354681713	80,91,20,65,66
56	0.024875302919747523	43,66,76,77,38,39,40,67,59
57	0.03225900194175656	1,2,3,4,5,6,7,8,9,10,11,12,13,14,15,16,17,18,19,20,21,22,23,24,25,26,27,28,29,30,31,32,33,34,35,36,37,38,39,40,41,42,43,44,45,46,47,48,49,50,51,52,53,54,55,56,57,58,59,60,61,62,63,64,65,66,67,68,69,70,71,72,73,74,75,76,77,78,79,80,81,82,83,84,85,86,87,88,89,90,91,92,93,94,95,96,97,98,99,100
58	0.10480225039812749	98,99,40,55,35,2,96,12,3
59	0.09799632109161426	3,26
6	0.04925577454619976	74,71,40,56,98,79,22,48,78
60	0.02459668779097796	77,15,96,61,59,25,4,35
61	0.05379508133830542	1,2,3,4,5,6,7,8,9,10,11,12,13,14,15,16,17,18,19,20,21,22,23,24,25,26,27,28,29,30,31,32,33,34,35,36,37,38,39,40,41,42,43,44,45,46,47,48,49,50,51,52,53,54,55,56,57,58,59,60,61,62,63,64,65,66,67,68,69,70,71,72,73,74,75,76,77,78,79,80,81,82,83,84,85,86,87,88,89,90,91,92,93,94,95,96,97,98,99,100
62	0.03201779675811333	73,31,37,62,61,24
63	0.02758579293027197	68
64	0.07919406275255067	39,79,28,31,99,98,93,55
65	0.06220632843151021	1,2,3,4,5,6,7,8,9,10,11,12,13,14,15,16,17,18,19,20,21,22,23,24,25,26,27,28,29,30,31,32,33,34,35,36,37,38,39,40,41,42,43,44,45,46,47,48,49,50,51,52,53,54,55,56,57,58,59,60,61,62,63,64,65,66,67,68,69,70,71,72,73,74,75,76,77,78,79,80,81,82,83,84,85,86,87,88,89,90,91,92,93,94,95,96,97,98,99,100
66	0.04216607113280851	1,2,3,4,5,6,7,8,9,10,11,12,13,14,15,16,17,18,19,20,21,22,23,24,25,26,27,28,29,30,31,32,33,34,35,36,37,38,39,40,41,42,43,44,45,46,47,48,49,50,51,52,53,54,55,56,57,58,59,60,61,62,63,64,65,66,67,68,69,70,71,72,73,74,75,76,77,78,79,80,81,82,83,84,85,86,87,88,89,90,91,92,93,94,95,96,97,98,99,100
67	0.023843153807695992	75,60,99,28,54,26
68	0.04742895255210032	34,31,69,1,80,29,43,60
69	0.036295016650828876	58
7	0.041991549772138044	8,92,97
70	0.03303851544760348	94
71	0.03788924910834457	64,18,43,80
72	0.06781207461289726	81,13,58
73	0.03670812551271417	91,64
74	0.04017599317627049	89
75	0.08912627996187406	45,44,28,41,70,24,83,78,84
76	0.09612378184720057	1,2,3,4,5,6,7,8,9,10,11,12,13,14,15,16,17,18,19,20,21,22,23,24,25,26,27,28,29,30,31,32,33,34,35,36,37,38,39,40,41,42,43,44,45,46,47,48,49,50,51,52,53,54,55,56,57,58,59,60,61,62,63,64,65,66,67,68,69,70,71,72,73,74,75,76,77,78,79,80,81,82,83,84,85,86,87,88,89,90,91,92,93,94,95,96,97,98,99,100
77	0.08714504470202256	87,11,54,77,69,63,58
78	0.03287087575916161	50,93,58,87,57,42,11
79	0.036935354807713074	38,51,58,30,96,69,11,82
8	0.14474728030675021	25,51,9,32,72
80	0.09878725369238184	44,76,92,45,46,59,97,96,94
81	0.05666768882198888	32,46,93,23,5
82	0.07707748097606663	46,6,89
83	0.036020025170379215	10
84	0.08102815458961186	1,2,3,4,5,6,7,8,9,10,11,12,13,14,15,16,17,18,19,20,21,22,23,24,25,26,27,28,29,30,31,32,33,34,35,36,37,38,39,40,41,42,43,44,45,46,47,48,49,50,51,52,53,54,55,56,57,58,59,60,61,62,63,64,65,66,67,68,69,70,71,72,73,74,75,76,77,78,79,80,81,82,83,84,85,86,87,88,89,90,91,92,93,94,95,96,97,98,99,100
85	0.03538780625904671	86,22
86	0.06424374154725775	21,65,24,58,68,83,7
87	0.0896383909438135	44,9,19,26,4,65,12
88	0.10724804791584741	1,2,3,4,5,6,7,8,9,10,11,12,13,14,15,16,17,18,19,20,21,22,23,24,25,26,27,28,29,30,31,32,33,34,35,36,37,38,39,40,41,42,43,44,45,46,47,48,49,50,51,52,53,54,55,56,57,58,59,60,61,62,63,64,65,66,67,68,69,70,71,72,73,74,75,76,77,78,79,80,81,82,83,84,85,86,87,88,89,90,91,92,93,94,95,96,97,98,99,100
89	0.12624173678109699	10,77,18,55
9	0.07088770407110563	13,34,87,86,97,6
90	0.03503297169264588	11,82,14
91	0.07835698233965006	39,29,5
92	0.04373114447050549	9,28,94,34,37,54,48,25,73
93	0.05742915741983323	34
94	0.09302427355337671	49
95	0.049637440131645116	72,98,22,87,85,8
96	0.04060641831436409	99,97,23,1,80,81,32
97	0.07096451436891686	62,38,33,59,14,95,7,16,25
98	0.06957110481328457	22,16,97,64,74,87,94
99	0.05425933525551123	47,84,7,54,33,87,27
