1	0.026147770666896428	98,86
10	0.07361536631492432	53,27,77,97,40
100	0.01796436454985644	69,55,31,17,6,66,15,87
11	0.06423373001351915	8,4
12	0.07647052078422065	18,33
13	0.049902360305180055	77,44,82,23,28
14	0.03280495088155051	47,29,35,34,8,22
15	0.05698590772039235	76
16	0.05931040531704154	79,24,88,3,76,59
17	0.02714336356234632	33,38,21,54,12,58,8
18	0.08936453251349258	19,53,84,26,70,8,90,59,75
19	0.035501791384047805	1,2,3,4,5,6,7,8,9,10,11,12,13,14,15,16,17,18,19,20,21,22,23,24,25,26,27,28,29,30,31,32,33,34,35,36,37,38,39,40,41,42,43,44,45,46,47,48,49,50,51,52,53,54,55,56,57,58,59,60,61,62,63,64,65,66,67,68,69,70,71,72,73,74,75,76,77,78,79,80,81,82,83,84,85,86,87,88,89,90,91,92,93,94,95,96,97,98,99,100
2	0.04479216538866634	54,4,57,34,36
20	0.05306221159102945	2,51,72,36,44
21	0.030603882944785978	78,47,11,83,80,25
22	0.06402307690302798	64,88,12
23	0.04967337928283843	92,8,54,4,89,66
24	0.04989160624545208	7,31,32,42,16,89,35
25	0.08096204515548372	8,75,39
26	0.0878860220387437	36,5
27	0.054630627462275816	74,5,32,41
28	0.04710824566366774	99,52,43
29	0.05889795964352483	91,18,8,34,37,38,80
3	0.07540596262234381	54,39,75,16,11,73,65
30	0.02541618858466959	1,2,3,4,5,6,7,8,9,10,11,12,13,14,15,16,17,18,19,20,21,22,23,24,25,26,27,28,29,30,31,32,33,34,35,36,37,38,39,40,41,42,43,44,45,46,47,48,49,50,51,52,53,54,55,56,57,58,59,60,61,62,63,64,65,66,67,68,69,70,71,72,73,74,75,76,77,78,79,80,81,82,83,84,85,86,87,88,89,90,91,92,93,94,95,96,97,98,99,100
31	0.048808306956391136	88,40,53,13,57,9,41,93
32	0.16051646778667505	71,8,95,48,55,94,81,34
33	0.06392461587582318	93,44,42,43,31,17
34	0.11745199734444123	54,88,59,91,12
35	0.03805497471102268	21,65,25,54,56,11,73,4
36	0.07325778075976555	1,2,3,4,5,6,7,8,9,10,11,12,13,14,15,16,17,18,19,20,21,22,23,24,25,26,27,28,29,30,31,32,33,34,35,36,37,38,39,40,41,42,43,44,45,46,47,48,49,50,51,52,53,54,55,56,57,58,59,60,61,62,63,64,65,66,67,68,69,70,71,72,73,74,75,76,77,78,79,80,81,82,83,84,85,86,87,88,89,90,91,92,93,94,95,96,97,98,99,100
37	0.03128141993382418	27,26,54,32,36,8
38	0.03771027602355885	55,72,86,39,75
39	0.08526490406769907	50
4	0.08019600679014277	32
40	0.05880598944610846	75,84
41	0.11002989962994038	15,89,61
42	0.0345697164207686	4,93,76,86
43	0.05212983788006803	80,82
44	0.06898588248022783	64,98,50,16
45	0.033923691273731474	1,2,3,4,5,6,7,8,9,10,11,12,13,14,15,16,17,18,19,20,21,22,23,24,25,26,27,28,29,30,31,32,33,34,35,36,37,38,39,40,41,42,43,44,45,46,47,48,49,50,51,52,53,54,55,56,57,58,59,60,61,62,63,64,65,66,67,68,69,70,71,72,73,74,75,76,77,78,79,80,81,82,83,84,85,86,87,88,89,90,91,92,93,94,95,96,97,98,99,100
46	0.05626127735528385	30,20,25,59,91,11,62,67,26
47	0.04853053784052485	88
48	0.06865476631436737	41
49	0.12890206953485753	58,89,59,94,41,51,87,85,29
5	0.09563054200400292	27,20,87,49,25
50	0.10659023155912606	80,49,48,47,32
51	0.06456169122231811	54,84,82
52	0.030350177589270402	15,72,24,76
53	0.04160487528975899	8,23,9
54	0.11022840780373358	2,22,59,40,90,95,55,48,77
55	0.09427669127566325	80,91,20,65,66
56	0.024873402041015354	43,66,76,77,38,39,40,67,59
57	0.03225600998315397	1,2,3,4,5,6,7,8,9,10,11,12,13,14,15,16,17,18,19,20,21,22,23,24,25,26,27,28,29,30,31,32,33,34,35,36,37,38,39,40,41,42,43,44,45,46,47,48,49,50,51,52,53,54,55,56,57,58,59,60,61,62,63,64,65,66,67,68,69,70,71,72,73,74,75,76,77,78,79,80,81,82,83,84,85,86,87,88,89,90,91,92,93,94,95,96,97,98,99,100
58	0.10478885738149957	98,99,40,55,35,2,96,12,3
59	0.0979823110406206	3,26
6	0.04925013190905661	74,71,40,56,98,79,22,48,78
60	0.02459505635928278	77,15,96,61,59,25,4,35
61	0.053788199774990934	1,2,3,4,5,6,7,8,9,10,11,12,13,14,15,16,17,18,19,20,21,22,23,24,25,26,27,28,29,30,31,32,33,34,35,36,37,38,39,40,41,42,43,44,45,46,47,48,49,50,51,52,53,54,55,56,57,58,59,60,61,62,63,64,65,66,67,68,69,70,71,72,73,74,75,76,77,78,79,80,81,82,83,84,85,86,87,88,89,90,91,92,93,94,95,96,97,98,99,100
62	0.032014733225229026	73,31,37,62,61,24
63	0.02758329488290933	68
64	0.07918411396646094	39,79,28,31,99,98,93,55
65	0.06219808687317581	1,2,3,4,5,6,7,8,9,10,11,12,13,14,15,16,17,18,19,20,21,22,23,24,25,26,27,28,29,30,31,32,33,34,35,36,37,38,39,40,41,42,43,44,45,46,47,48,49,50,51,52,53,54,55,56,57,58,59,60,61,62,63,64,65,66,67,68,69,70,71,72,73,74,75,76,77,78,79,80,81,82,83,84,85,86,87,88,89,90,91,92,93,94,95,96,97,98,99,100
66	0.042161365716606336	1,2,3,4,5,6,7,8,9,10,11,12,13,14,15,16,17,18,19,20,21,22,23,24,25,26,27,28,29,30,31,32,33,34,35,36,37,38,39,40,41,42,43,44,45,46,47,48,49,50,51,52,53,54,55,56,57,58,59,60,61,62,63,64,65,66,67,68,69,70,71,72,73,74,75,76,77,78,79,80,81,82,83,84,85,86,87,88,89,90,91,92,93,94,95,96,97,98,99,100
67	0.023841378285839328	75,60,99,28,54,26
68	0.047424662860494876	34,31,69,1,80,29,43,60
69	0.03629138964780942	58
7	0.04198708260870789	8,92,97
70	0.03303500581176982	94
71	0.037884956021544104	64,18,43,80
72	0.06780340631425637	81,13,58
73	0.036704312084584724	91,64
74	0.04017168863690295	89
75	0.08911428220622578	45,44,28,41,70,24,83,78,84
76	0.09611142565521098	1,2,3,4,5,6,7,8,9,10,11,12,13,14,15,16,17,18,19,20,21,22,23,24,25,26,27,28,29,30,31,32,33,34,35,36,37,38,39,40,41,42,43,44,45,46,47,48,49,50,51,52,53,54,55,56,57,58,59,60,61,62,63,64,65,66,67,68,69,70,71,72,73,74,75,76,77,78,79,80,81,82,83,84,85,86,87,88,89,90,91,92,93,94,95,96,97,98,99,100
77	0.0871331534700294	87,11,54,77,69,63,58
78	0.032867685188966406	50,93,58,87,57,42,11
79	0.03693141215399905	38,51,58,30,96,69,11,82
8	0.14472726928190335	25,51,9,32,72
80	0.09877413606090943	44,76,92,45,46,59,97,96,94
81	0.056660498735108124	32,46,93,23,5
82	0.07706791011613748	46,6,89
83	0.03601646921555883	10
84	0.08101721174174181	1,2,3,4,5,6,7,8,9,10,11,12,13,14,15,16,17,18,19,20,21,22,23,24,25,26,27,28,29,30,31,32,33,34,35,36,37,38,39,40,41,42,43,44,45,46,47,48,49,50,51,52,53,54,55,56,57,58,59,60,61,62,63,64,65,66,67,68,69,70,71,72,73,74,75,76,77,78,79,80,81,82,83,84,85,86,87,88,89,90,91,92,93,94,95,96,97,98,99,100
85	0.035383835606943824	86,22
86	0.06423679513710352	21,65,24,58,68,83,7
87	0.08962578029281522	44,9,19,26,4,65,12
88	0.10723386628941944	1,2,3,4,5,6,7,8,9,10,11,12,13,14,15,16,17,18,19,20,21,22,23,24,25,26,27,28,29,30,31,32,33,34,35,36,37,38,39,40,41,42,43,44,45,46,47,48,49,50,51,52,53,54,55,56,57,58,59,60,61,62,63,64,65,66,67,68,69,70,71,72,73,74,75,76,77,78,79,80,81,82,83,84,85,86,87,88,89,90,91,92,93,94,95,96,97,98,99,100
89	0.12622423423176174	10,77,18,55
9	0.07087838524266662	13,34,87,86,97,6
90	0.0350291205773983	11,82,14
91	0.07834664494967067	39,29,5
92	0.04372646806068924	9,28,94,34,37,54,48,25,73
93	0.05742235647112055	34
94	0.09301178624320651	49
95	0.04963111081019077	72,98,22,87,85,8
96	0.04060197662618617	99,97,23,1,80,81,32
97	0.07095561669026232	62,38,33,59,14,95,7,16,25
98	0.0695625790494565	22,16,97,64,74,87,94
99	0.05425308274004716	47,84,7,54,33,87,27
