1	0.026147694791306714	98,86
10	0.07361503004653977	53,27,77,97,40
100	0.017964333764995608	69,55,31,17,6,66,15,87
11	0.06423342534012194	8,4
12	0.07647012881714454	18,33
13	0.0499021327468068	77,44,82,23,28
14	0.032804832578167756	47,29,35,34,8,22
15	0.05698563355384826	76
16	0.05931011118833511	79,24,88,3,76,59
17	0.02714327699366225	33,38,21,54,12,58,8
18	0.08936405511249904	19,53,84,26,70,8,90,59,75
19	0.03550163816942587	1,2,3,4,5,6,7,8,9,10,11,12,13,14,15,16,17,18,19,20,21,22,23,24,25,26,27,28,29,30,31,32,33,34,35,36,37,38,39,40,41,42,43,44,45,46,47,48,49,50,51,52,53,54,55,56,57,58,59,60,61,62,63,64,65,66,67,68,69,70,71,72,73,74,75,76,77,78,79,80,81,82,83,84,85,86,87,88,89,90,91,92,93,94,95,96,97,98,99,100
2	0.044791959258558924	54,4,57,34,36
20	0.05306194391370622	2,51,72,36,44
21	0.030603783293197385	78,47,11,83,80,25
22	0.06402277375544914	64,88,12
23	0.049673164245396306	92,8,54,4,89,66
24	0.04989139226880954	7,31,32,42,16,89,35
25	0.08096162512303284	8,75,39
26	0.08788553962691234	36,5
27	0.05463037167584344	74,5,32,41
28	0.04710803871715735	99,52,43
29	0.0588976742600758	91,18,8,34,37,38,80
3	0.07540555570467615	54,39,75,16,11,73,65
30	0.02541610935419012	1,2,3,4,5,6,7,8,9,10,11,12,13,14,15,16,17,18,19,20,21,22,23,24,25,26,27,28,29,30,31,32,33,34,35,36,37,38,39,40,41,42,43,44,45,46,47,48,49,50,51,52,53,54,55,56,57,58,59,60,61,62,63,64,65,66,67,68,69,70,71,72,73,74,75,76,77,78,79,80,81,82,83,84,85,86,87,88,89,90,91,92,93,94,95,96,97,98,99,100
31	0.04880810160542086	88,40,53,13,57,9,41,93
32	0.16051558446493813	71,8,95,48,55,94,81,34
33	0.06392430426152941	93,44,42,43,31,17
34	0.11745139201184848	54,88,59,91,12
35	0.03805482847221794	21,65,25,54,56,11,73,4
36	0.07325739546892589	1,2,3,4,5,6,7,8,9,10,11,12,13,14,15,16,17,18,19,20,21,22,23,24,25,26,27,28,29,30,31,32,33,34,35,36,37,38,39,40,41,42,43,44,45,46,47,48,49,50,51,52,53,54,55,56,57,58,59,60,61,62,63,64,65,66,67,68,69,70,71,72,73,74,75,76,77,78,79,80,81,82,83,84,85,86,87,88,89,90,91,92,93,94,95,96,97,98,99,100
37	0.03128130870236207	27,26,54,32,36,8
38	0.03771012690981217	55,72,86,39,75
39	0.08526445657250632	50
4	0.08019561837276708	32
40	0.05880571164704512	75,84
41	0.11002927941732371	15,89,61
42	0.03456958557722779	4,93,76,86
43	0.05212961605377424	80,82
44	0.06898552384801696	64,98,50,16
45	0.03392355300958179	1,2,3,4,5,6,7,8,9,10,11,12,13,14,15,16,17,18,19,20,21,22,23,24,25,26,27,28,29,30,31,32,33,34,35,36,37,38,39,40,41,42,43,44,45,46,47,48,49,50,51,52,53,54,55,56,57,58,59,60,61,62,63,64,65,66,67,68,69,70,71,72,73,74,75,76,77,78,79,80,81,82,83,84,85,86,87,88,89,90,91,92,93,94,95,96,97,98,99,100
46	0.056261012176459874	30,20,25,59,91,11,62,67,26
47	0.048530319229203256	88
48	0.06865439936071889	41
49	0.1289013358981207	58,89,59,94,41,51,87,85,29
5	0.0956300179675971	27,20,87,49,25
50	0.10658964606614717	80,49,48,47,32
51	0.06456135226145246	54,84,82
52	0.030350077822239446	15,72,24,76
53	0.04160469853779511	8,23,9
54	0.11022782734477973	2,22,59,40,90,95,55,48,77
55	0.09427617817132593	80,91,20,65,66
56	0.02487332882908993	43,66,76,77,38,39,40,67,59
57	0.03225589474852781	1,2,3,4,5,6,7,8,9,10,11,12,13,14,15,16,17,18,19,20,21,22,23,24,25,26,27,28,29,30,31,32,33,34,35,36,37,38,39,40,41,42,43,44,45,46,47,48,49,50,51,52,53,54,55,56,57,58,59,60,61,62,63,64,65,66,67,68,69,70,71,72,73,74,75,76,77,78,79,80,81,82,83,84,85,86,87,88,89,90,91,92,93,94,95,96,97,98,99,100
58	0.10478834155241587	98,99,40,55,35,2,96,12,3
59	0.09798177144659433	3,26
6	0.04924991458413066	74,71,40,56,98,79,22,48,78
60	0.024594993525050606	77,15,96,61,59,25,4,35
61	0.05378793473309654	1,2,3,4,5,6,7,8,9,10,11,12,13,14,15,16,17,18,19,20,21,22,23,24,25,26,27,28,29,30,31,32,33,34,35,36,37,38,39,40,41,42,43,44,45,46,47,48,49,50,51,52,53,54,55,56,57,58,59,60,61,62,63,64,65,66,67,68,69,70,71,72,73,74,75,76,77,78,79,80,81,82,83,84,85,86,87,88,89,90,91,92,93,94,95,96,97,98,99,100
62	0.03201461523393518	73,31,37,62,61,24
63	0.027583198671165716	68
64	0.07918373079115736	39,79,28,31,99,98,93,55
65	0.06219776945137297	1,2,3,4,5,6,7,8,9,10,11,12,13,14,15,16,17,18,19,20,21,22,23,24,25,26,27,28,29,30,31,32,33,34,35,36,37,38,39,40,41,42,43,44,45,46,47,48,49,50,51,52,53,54,55,56,57,58,59,60,61,62,63,64,65,66,67,68,69,70,71,72,73,74,75,76,77,78,79,80,81,82,83,84,85,86,87,88,89,90,91,92,93,94,95,96,97,98,99,100
66	0.04216118448853837	1,2,3,4,5,6,7,8,9,10,11,12,13,14,15,16,17,18,19,20,21,22,23,24,25,26,27,28,29,30,31,32,33,34,35,36,37,38,39,40,41,42,43,44,45,46,47,48,49,50,51,52,53,54,55,56,57,58,59,60,61,62,63,64,65,66,67,68,69,70,71,72,73,74,75,76,77,78,79,80,81,82,83,84,85,86,87,88,89,90,91,92,93,94,95,96,97,98,99,100
67	0.02384130990200634	75,60,99,28,54,26
68	0.04742449764396811	34,31,69,1,80,29,43,60
69	0.0362912499545875	58
7	0.04198691055689294	8,92,97
70	0.0330348706389192	94
71	0.03788479067425217	64,18,43,80
72	0.06780307245664466	81,13,58
73	0.03670416521124079	91,64
74	0.04017152284851792	89
75	0.08911382011531122	45,44,28,41,70,24,83,78,84
76	0.09611094975919977	1,2,3,4,5,6,7,8,9,10,11,12,13,14,15,16,17,18,19,20,21,22,23,24,25,26,27,28,29,30,31,32,33,34,35,36,37,38,39,40,41,42,43,44,45,46,47,48,49,50,51,52,53,54,55,56,57,58,59,60,61,62,63,64,65,66,67,68,69,70,71,72,73,74,75,76,77,78,79,80,81,82,83,84,85,86,87,88,89,90,91,92,93,94,95,96,97,98,99,100
77	0.08713269548184997	87,11,54,77,69,63,58
78	0.03286756230485853	50,93,58,87,57,42,11
79	0.0369312603035602	38,51,58,30,96,69,11,82
8	0.14472649856169176	25,51,9,32,72
80	0.09877363083822438	44,76,92,45,46,59,97,96,94
81	0.056660221810496576	32,46,93,23,5
82	0.07706754149657669	46,6,89
83	0.036016332258742643	10
84	0.08101679028036786	1,2,3,4,5,6,7,8,9,10,11,12,13,14,15,16,17,18,19,20,21,22,23,24,25,26,27,28,29,30,31,32,33,34,35,36,37,38,39,40,41,42,43,44,45,46,47,48,49,50,51,52,53,54,55,56,57,58,59,60,61,62,63,64,65,66,67,68,69,70,71,72,73,74,75,76,77,78,79,80,81,82,83,84,85,86,87,88,89,90,91,92,93,94,95,96,97,98,99,100
85	0.0353836826781532	86,22
86	0.06423652759764739	21,65,24,58,68,83,7
87	0.08962529459637132	44,9,19,26,4,65,12
88	0.10723332008720318	1,2,3,4,5,6,7,8,9,10,11,12,13,14,15,16,17,18,19,20,21,22,23,24,25,26,27,28,29,30,31,32,33,34,35,36,37,38,39,40,41,42,43,44,45,46,47,48,49,50,51,52,53,54,55,56,57,58,59,60,61,62,63,64,65,66,67,68,69,70,71,72,73,74,75,76,77,78,79,80,81,82,83,84,85,86,87,88,89,90,91,92,93,94,95,96,97,98,99,100
89	0.1262235601249316	10,77,18,55
9	0.07087802633004313	13,34,87,86,97,6
90	0.03502897225254331	11,82,14
91	0.07834624680737394	39,29,5
92	0.04372628794979583	9,28,94,34,37,54,48,25,73
93	0.057422094534079794	34
94	0.09301130529720744	49
95	0.04963086703776992	72,98,22,87,85,8
96	0.040601805555544934	99,97,23,1,80,81,32
97	0.07095527399812995	62,38,33,59,14,95,7,16,25
98	0.06956225068154169	22,16,97,64,74,87,94
99	0.05425284192579209	47,84,7,54,33,87,27
