1	0.02621084541597448	98,86
10	0.07389490343692845	53,27,77,97,40
100	0.017989955749607742	69,55,31,17,6,66,15,87
11	0.06448700248430342	8,4
12	0.07679635976701088	18,33
13	0.050091527695491536	77,44,82,23,28
14	0.032903295503462215	47,29,35,34,8,22
15	0.05721382009694461	76
16	0.05955491207376103	79,24,88,3,76,59
17	0.027215327392167383	33,38,21,54,12,58,8
18	0.08976139200402386	19,53,84,26,70,8,90,59,75
19	0.03562915742983904	1,2,3,4,5,6,7,8,9,10,11,12,13,14,15,16,17,18,19,20,21,22,23,24,25,26,27,28,29,30,31,32,33,34,35,36,37,38,39,40,41,42,43,44,45,46,47,48,49,50,51,52,53,54,55,56,57,58,59,60,61,62,63,64,65,66,67,68,69,70,71,72,73,74,75,76,77,78,79,80,81,82,83,84,85,86,87,88,89,90,91,92,93,94,95,96,97,98,99,100
2	0.04496351963912189	54,4,57,34,36
20	0.05328472953205346	2,51,72,36,44
21	0.03068672248474616	78,47,11,83,80,25
22	0.06427508097365194	64,88,12
23	0.049852138126828344	92,8,54,4,89,66
24	0.05006948325553866	7,31,32,42,16,89,35
25	0.08131121465182672	8,75,39
26	0.08828704699723203	36,5
27	0.05484326060424101	74,5,32,41
28	0.04728027858312847	99,52,43
29	0.05913519654022021	91,18,8,34,37,38,80
3	0.07574422990804314	54,39,75,16,11,73,65
30	0.02548205222580276	1,2,3,4,5,6,7,8,9,10,11,12,13,14,15,16,17,18,19,20,21,22,23,24,25,26,27,28,29,30,31,32,33,34,35,36,37,38,39,40,41,42,43,44,45,46,47,48,49,50,51,52,53,54,55,56,57,58,59,60,61,62,63,64,65,66,67,68,69,70,71,72,73,74,75,76,77,78,79,80,81,82,83,84,85,86,87,88,89,90,91,92,93,94,95,96,97,98,99,100
31	0.04897901351660386	88,40,53,13,57,9,41,93
32	0.161250765827959	71,8,95,48,55,94,81,34
33	0.06418365825642829	93,44,42,43,31,17
34	0.11795520531341175	54,88,59,91,12
35	0.03817654181777069	21,65,25,54,56,11,73,4
36	0.07357806984253538	1,2,3,4,5,6,7,8,9,10,11,12,13,14,15,16,17,18,19,20,21,22,23,24,25,26,27,28,29,30,31,32,33,34,35,36,37,38,39,40,41,42,43,44,45,46,47,48,49,50,51,52,53,54,55,56,57,58,59,60,61,62,63,64,65,66,67,68,69,70,71,72,73,74,75,76,77,78,79,80,81,82,83,84,85,86,87,88,89,90,91,92,93,94,95,96,97,98,99,100
37	0.031373885726694986	27,26,54,32,36,8
38	0.037834233045725696	55,72,86,39,75
39	0.08563690311381124	50
4	0.08051889493640407	32
40	0.05903692150582731	75,84
41	0.11054547723952918	15,89,61
42	0.034678485572168675	4,93,76,86
43	0.05231424024020809	80,82
44	0.06928401046575976	64,98,50,16
45	0.03403862911580345	1,2,3,4,5,6,7,8,9,10,11,12,13,14,15,16,17,18,19,20,21,22,23,24,25,26,27,28,29,30,31,32,33,34,35,36,37,38,39,40,41,42,43,44,45,46,47,48,49,50,51,52,53,54,55,56,57,58,59,60,61,62,63,64,65,66,67,68,69,70,71,72,73,74,75,76,77,78,79,80,81,82,83,84,85,86,87,88,89,90,91,92,93,94,95,96,97,98,99,100
46	0.05648171831456857	30,20,25,59,91,11,62,67,26
47	0.04871226762091903	88
48	0.06895981184206224	41
49	0.12951193567578592	58,89,59,94,41,51,87,85,29
5	0.09606616912637492	27,20,87,49,25
50	0.1070769470214795	80,49,48,47,32
51	0.06484346658153897	54,84,82
52	0.03043311309550862	15,72,24,76
53	0.04175180773288561	8,23,9
54	0.11071093852278041	2,22,59,40,90,95,55,48,77
55	0.09470323066005212	80,91,20,65,66
56	0.024934262508037285	43,66,76,77,38,39,40,67,59
57	0.032351803573129966	1,2,3,4,5,6,7,8,9,10,11,12,13,14,15,16,17,18,19,20,21,22,23,24,25,26,27,28,29,30,31,32,33,34,35,36,37,38,39,40,41,42,43,44,45,46,47,48,49,50,51,52,53,54,55,56,57,58,59,60,61,62,63,64,65,66,67,68,69,70,71,72,73,74,75,76,77,78,79,80,81,82,83,84,85,86,87,88,89,90,91,92,93,94,95,96,97,98,99,100
58	0.10521766182494777	98,99,40,55,35,2,96,12,3
59	0.09843087108395494	3,26
6	0.049430792319400764	74,71,40,56,98,79,22,48,78
60	0.02464728993589268	77,15,96,61,59,25,4,35
61	0.05400852690584532	1,2,3,4,5,6,7,8,9,10,11,12,13,14,15,16,17,18,19,20,21,22,23,24,25,26,27,28,29,30,31,32,33,34,35,36,37,38,39,40,41,42,43,44,45,46,47,48,49,50,51,52,53,54,55,56,57,58,59,60,61,62,63,64,65,66,67,68,69,70,71,72,73,74,75,76,77,78,79,80,81,82,83,84,85,86,87,88,89,90,91,92,93,94,95,96,97,98,99,100
62	0.03211281841021261	73,31,37,62,61,24
63	0.027663274908231568	68
64	0.07950264442160024	39,79,28,31,99,98,93,55
65	0.062461956987945516	1,2,3,4,5,6,7,8,9,10,11,12,13,14,15,16,17,18,19,20,21,22,23,24,25,26,27,28,29,30,31,32,33,34,35,36,37,38,39,40,41,42,43,44,45,46,47,48,49,50,51,52,53,54,55,56,57,58,59,60,61,62,63,64,65,66,67,68,69,70,71,72,73,74,75,76,77,78,79,80,81,82,83,84,85,86,87,88,89,90,91,92,93,94,95,96,97,98,99,100
66	0.04231201910798285	1,2,3,4,5,6,7,8,9,10,11,12,13,14,15,16,17,18,19,20,21,22,23,24,25,26,27,28,29,30,31,32,33,34,35,36,37,38,39,40,41,42,43,44,45,46,47,48,49,50,51,52,53,54,55,56,57,58,59,60,61,62,63,64,65,66,67,68,69,70,71,72,73,74,75,76,77,78,79,80,81,82,83,84,85,86,87,88,89,90,91,92,93,94,95,96,97,98,99,100
67	0.023898225199624704	75,60,99,28,54,26
68	0.0475620059903165	34,31,69,1,80,29,43,60
69	0.03640751546578961	58
7	0.0421301078569896	8,92,97
70	0.033147373882546176	94
71	0.038022407855383036	64,18,43,80
72	0.06808093938074977	81,13,58
73	0.036826406678513876	91,64
74	0.04030950714777872	89
75	0.08949841455492004	45,44,28,41,70,24,83,78,84
76	0.09650703406640114	1,2,3,4,5,6,7,8,9,10,11,12,13,14,15,16,17,18,19,20,21,22,23,24,25,26,27,28,29,30,31,32,33,34,35,36,37,38,39,40,41,42,43,44,45,46,47,48,49,50,51,52,53,54,55,56,57,58,59,60,61,62,63,64,65,66,67,68,69,70,71,72,73,74,75,76,77,78,79,80,81,82,83,84,85,86,87,88,89,90,91,92,93,94,95,96,97,98,99,100
77	0.08751387524902603	87,11,54,77,69,63,58
78	0.03296983772971534	50,93,58,87,57,42,11
79	0.037057644165689796	38,51,58,30,96,69,11,82
8	0.1453679626081825	25,51,9,32,72
80	0.09919412349310128	44,76,92,45,46,59,97,96,94
81	0.056890703870283436	32,46,93,23,5
82	0.07737434050290198	46,6,89
83	0.03613032028212871	10
84	0.0813675690899781	1,2,3,4,5,6,7,8,9,10,11,12,13,14,15,16,17,18,19,20,21,22,23,24,25,26,27,28,29,30,31,32,33,34,35,36,37,38,39,40,41,42,43,44,45,46,47,48,49,50,51,52,53,54,55,56,57,58,59,60,61,62,63,64,65,66,67,68,69,70,71,72,73,74,75,76,77,78,79,80,81,82,83,84,85,86,87,88,89,90,91,92,93,94,95,96,97,98,99,100
85	0.03551096404353131	86,22
86	0.06445919847034008	21,65,24,58,68,83,7
87	0.09002953572245931	44,9,19,26,4,65,12
88	0.10768791966638018	1,2,3,4,5,6,7,8,9,10,11,12,13,14,15,16,17,18,19,20,21,22,23,24,25,26,27,28,29,30,31,32,33,34,35,36,37,38,39,40,41,42,43,44,45,46,47,48,49,50,51,52,53,54,55,56,57,58,59,60,61,62,63,64,65,66,67,68,69,70,71,72,73,74,75,76,77,78,79,80,81,82,83,84,85,86,87,88,89,90,91,92,93,94,95,96,97,98,99,100
89	0.12678461365449345	10,77,18,55
9	0.07117674633288126	13,34,87,86,97,6
90	0.035152421800436054	11,82,14
91	0.07867761734222112	39,29,5
92	0.04387619275410963	9,28,94,34,37,54,48,25,73
93	0.05764010256288378	34
94	0.09341159266743856	49
95	0.049833756803922255	72,98,22,87,85,8
96	0.0407441862328795	99,97,23,1,80,81,32
97	0.07124049382059276	62,38,33,59,14,95,7,16,25
98	0.06983554857639884	22,16,97,64,74,87,94
99	0.054453269635068635	47,84,7,54,33,87,27
