1	0.02614766874578716	98,86
10	0.07361491461699493	53,27,77,97,40
100	0.017964323197595763	69,55,31,17,6,66,15,87
11	0.06423332075606594	8,4
12	0.07646999426812576	18,33
13	0.049902054633726114	77,44,82,23,28
14	0.03280479196862415	47,29,35,34,8,22
15	0.056985539441761456	76
16	0.05931001022391423	79,24,88,3,76,59
17	0.027143247277565646	33,38,21,54,12,58,8
18	0.0893638912369106	19,53,84,26,70,8,90,59,75
19	0.03550158557603651	1,2,3,4,5,6,7,8,9,10,11,12,13,14,15,16,17,18,19,20,21,22,23,24,25,26,27,28,29,30,31,32,33,34,35,36,37,38,39,40,41,42,43,44,45,46,47,48,49,50,51,52,53,54,55,56,57,58,59,60,61,62,63,64,65,66,67,68,69,70,71,72,73,74,75,76,77,78,79,80,81,82,83,84,85,86,87,88,89,90,91,92,93,94,95,96,97,98,99,100
2	0.04479188850107599	54,4,57,34,36
20	0.05306185202914911	2,51,72,36,44
21	0.03060374908618286	78,47,11,83,80,25
22	0.0640226696951549	64,88,12
23	0.04967309043032713	92,8,54,4,89,66
24	0.04989131881787692	7,31,32,42,16,89,35
25	0.08096148094012165	8,75,39
26	0.08788537403127301	36,5
27	0.05463028387302634	74,5,32,41
28	0.04710796767943096	99,52,43
29	0.05889757629760552	91,18,8,34,37,38,80
3	0.07540541602362576	54,39,75,16,11,73,65
30	0.025416082157050573	1,2,3,4,5,6,7,8,9,10,11,12,13,14,15,16,17,18,19,20,21,22,23,24,25,26,27,28,29,30,31,32,33,34,35,36,37,38,39,40,41,42,43,44,45,46,47,48,49,50,51,52,53,54,55,56,57,58,59,60,61,62,63,64,65,66,67,68,69,70,71,72,73,74,75,76,77,78,79,80,81,82,83,84,85,86,87,88,89,90,91,92,93,94,95,96,97,98,99,100
31	0.04880803111538931	88,40,53,13,57,9,41,93
32	0.16051528125050968	71,8,95,48,55,94,81,34
33	0.06392419729489873	93,44,42,43,31,17
34	0.11745118422167594	54,88,59,91,12
35	0.03805477827339032	21,65,25,54,56,11,73,4
36	0.07325726321163291	1,2,3,4,5,6,7,8,9,10,11,12,13,14,15,16,17,18,19,20,21,22,23,24,25,26,27,28,29,30,31,32,33,34,35,36,37,38,39,40,41,42,43,44,45,46,47,48,49,50,51,52,53,54,55,56,57,58,59,60,61,62,63,64,65,66,67,68,69,70,71,72,73,74,75,76,77,78,79,80,81,82,83,84,85,86,87,88,89,90,91,92,93,94,95,96,97,98,99,100
37	0.03128127052036925	27,26,54,32,36,8
38	0.037710075724114375	55,72,86,39,75
39	0.0852643029625662	50
4	0.0801954850422402	32
40	0.0588056162880375	75,84
41	0.11002906651934301	15,89,61
42	0.034569540663072745	4,93,76,86
43	0.05212953990832227	80,82
44	0.06898540074172814	64,98,50,16
45	0.0339235055481831	1,2,3,4,5,6,7,8,9,10,11,12,13,14,15,16,17,18,19,20,21,22,23,24,25,26,27,28,29,30,31,32,33,34,35,36,37,38,39,40,41,42,43,44,45,46,47,48,49,50,51,52,53,54,55,56,57,58,59,60,61,62,63,64,65,66,67,68,69,70,71,72,73,74,75,76,77,78,79,80,81,82,83,84,85,86,87,88,89,90,91,92,93,94,95,96,97,98,99,100
46	0.05626092114955291	30,20,25,59,91,11,62,67,26
47	0.04853024418734231	88
48	0.06865427339796241	41
49	0.12890108406548195	58,89,59,94,41,51,87,85,29
5	0.09562983808365147	27,20,87,49,25
50	0.10658944508624196	80,49,48,47,32
51	0.06456123590767007	54,84,82
52	0.03035004357559746	15,72,24,76
53	0.04160463786483364	8,23,9
54	0.11022762809288476	2,22,59,40,90,95,55,48,77
55	0.09427600203998909	80,91,20,65,66
56	0.024873303697916092	43,66,76,77,38,39,40,67,59
57	0.032255855192384386	1,2,3,4,5,6,7,8,9,10,11,12,13,14,15,16,17,18,19,20,21,22,23,24,25,26,27,28,29,30,31,32,33,34,35,36,37,38,39,40,41,42,43,44,45,46,47,48,49,50,51,52,53,54,55,56,57,58,59,60,61,62,63,64,65,66,67,68,69,70,71,72,73,74,75,76,77,78,79,80,81,82,83,84,85,86,87,88,89,90,91,92,93,94,95,96,97,98,99,100
58	0.10478816448576592	98,99,40,55,35,2,96,12,3
59	0.09798158622224463	3,26
6	0.04924983998384578	74,71,40,56,98,79,22,48,78
60	0.024594971956187296	77,15,96,61,59,25,4,35
61	0.053787843753192864	1,2,3,4,5,6,7,8,9,10,11,12,13,14,15,16,17,18,19,20,21,22,23,24,25,26,27,28,29,30,31,32,33,34,35,36,37,38,39,40,41,42,43,44,45,46,47,48,49,50,51,52,53,54,55,56,57,58,59,60,61,62,63,64,65,66,67,68,69,70,71,72,73,74,75,76,77,78,79,80,81,82,83,84,85,86,87,88,89,90,91,92,93,94,95,96,97,98,99,100
62	0.032014574731521125	73,31,37,62,61,24
63	0.027583165644933447	68
64	0.07918359926005628	39,79,28,31,99,98,93,55
65	0.06219766049122118	1,2,3,4,5,6,7,8,9,10,11,12,13,14,15,16,17,18,19,20,21,22,23,24,25,26,27,28,29,30,31,32,33,34,35,36,37,38,39,40,41,42,43,44,45,46,47,48,49,50,51,52,53,54,55,56,57,58,59,60,61,62,63,64,65,66,67,68,69,70,71,72,73,74,75,76,77,78,79,80,81,82,83,84,85,86,87,88,89,90,91,92,93,94,95,96,97,98,99,100
66	0.04216112227908199	1,2,3,4,5,6,7,8,9,10,11,12,13,14,15,16,17,18,19,20,21,22,23,24,25,26,27,28,29,30,31,32,33,34,35,36,37,38,39,40,41,42,43,44,45,46,47,48,49,50,51,52,53,54,55,56,57,58,59,60,61,62,63,64,65,66,67,68,69,70,71,72,73,74,75,76,77,78,79,80,81,82,83,84,85,86,87,88,89,90,91,92,93,94,95,96,97,98,99,100
67	0.023841286428153075	75,60,99,28,54,26
68	0.047424440930731435	34,31,69,1,80,29,43,60
69	0.036291202002636726	58
7	0.04198685149733337	8,92,97
70	0.03303482423865875	94
71	0.037884733916128226	64,18,43,80
72	0.06780295785463648	81,13,58
73	0.03670411479459735	91,64
74	0.04017146593898165	89
75	0.08911366149515426	45,44,28,41,70,24,83,78,84
76	0.09611078640022076	1,2,3,4,5,6,7,8,9,10,11,12,13,14,15,16,17,18,19,20,21,22,23,24,25,26,27,28,29,30,31,32,33,34,35,36,37,38,39,40,41,42,43,44,45,46,47,48,49,50,51,52,53,54,55,56,57,58,59,60,61,62,63,64,65,66,67,68,69,70,71,72,73,74,75,76,77,78,79,80,81,82,83,84,85,86,87,88,89,90,91,92,93,94,95,96,97,98,99,100
77	0.08713253827002299	87,11,54,77,69,63,58
78	0.03286752012290717	50,93,58,87,57,42,11
79	0.036931208178448686	38,51,58,30,96,69,11,82
8	0.1447262339995524	25,51,9,32,72
80	0.09877345741239171	44,76,92,45,46,59,97,96,94
81	0.05666012675165865	32,46,93,23,5
82	0.07706741496196899	46,6,89
83	0.036016285246107255	10
84	0.08101664560695579	1,2,3,4,5,6,7,8,9,10,11,12,13,14,15,16,17,18,19,20,21,22,23,24,25,26,27,28,29,30,31,32,33,34,35,36,37,38,39,40,41,42,43,44,45,46,47,48,49,50,51,52,53,54,55,56,57,58,59,60,61,62,63,64,65,66,67,68,69,70,71,72,73,74,75,76,77,78,79,80,81,82,83,84,85,86,87,88,89,90,91,92,93,94,95,96,97,98,99,100
85	0.03538363018288005	86,22
86	0.06423643576041538	21,65,24,58,68,83,7
87	0.08962512787323582	44,9,19,26,4,65,12
88	0.1072331325944857	1,2,3,4,5,6,7,8,9,10,11,12,13,14,15,16,17,18,19,20,21,22,23,24,25,26,27,28,29,30,31,32,33,34,35,36,37,38,39,40,41,42,43,44,45,46,47,48,49,50,51,52,53,54,55,56,57,58,59,60,61,62,63,64,65,66,67,68,69,70,71,72,73,74,75,76,77,78,79,80,81,82,83,84,85,86,87,88,89,90,91,92,93,94,95,96,97,98,99,100
89	0.12622332872689315	10,77,18,55
9	0.07087790312749817	13,34,87,86,97,6
90	0.035028921337645305	11,82,14
91	0.0783461101386111	39,29,5
92	0.043726226123827636	9,28,94,34,37,54,48,25,73
93	0.05742200461996718	34
94	0.09301114020473872	49
95	0.04963078335895599	72,98,22,87,85,8
96	0.04060174683278906	99,97,23,1,80,81,32
97	0.0709551563635301	62,38,33,59,14,95,7,16,25
98	0.06956213796396049	22,16,97,64,74,87,94
99	0.05425275926241625	47,84,7,54,33,87,27
