1	0.09964513847400291	98,86
10	0.42369600899404586	53,27,77,97,40
100	0.0447277359679373	69,55,31,17,6,66,15,87
11	0.3495357438685628	8,4
12	0.4342668847503142	18,33
13	0.2633563164711819	77,44,82,23,28
14	0.14014961880523885	47,29,35,34,8,22
15	0.25647525288556994	76
16	0.32286226267529844	79,24,88,3,76,59
17	0.09971524129233943	33,38,21,54,12,58,8
18	0.5409878043049711	19,53,84,26,70,8,90,59,75
19	0.15544749003590672	1,2,3,4,5,6,7,8,9,10,11,12,13,14,15,16,17,18,19,20,21,22,23,24,25,26,27,28,29,30,31,32,33,34,35,36,37,38,39,40,41,42,43,44,45,46,47,48,49,50,51,52,53,54,55,56,57,58,59,60,61,62,63,64,65,66,67,68,69,70,71,72,73,74,75,76,77,78,79,80,81,82,83,84,85,86,87,88,89,90,91,92,93,94,95,96,97,98,99,100
2	0.22031236847186342	54,4,57,34,36
20	0.2879963624307571	2,51,72,36,44
21	0.12663897488630266	78,47,11,83,80,25
22	0.3100616690422778	64,88,12
23	0.2474135538853913	92,8,54,4,89,66
24	0.24226301132828143	7,31,32,42,16,89,35
25	0.4757943452539632	8,75,39
26	0.497898211085732	36,5
27	0.28134651088705004	74,5,32,41
28	0.23657786428122124	99,52,43
29	0.30879871038882634	91,18,8,34,37,38,80
3	0.43477695888571366	54,39,75,16,11,73,65
30	0.0999635437861784	1,2,3,4,5,6,7,8,9,10,11,12,13,14,15,16,17,18,19,20,21,22,23,24,25,26,27,28,29,30,31,32,33,34,35,36,37,38,39,40,41,42,43,44,45,46,47,48,49,50,51,52,53,54,55,56,57,58,59,60,61,62,63,64,65,66,67,68,69,70,71,72,73,74,75,76,77,78,79,80,81,82,83,84,85,86,87,88,89,90,91,92,93,94,95,96,97,98,99,100
31	0.2420538232058626	88,40,53,13,57,9,41,93
32	1.035926513262155	71,8,95,48,55,94,81,34
33	0.3790916240172465	93,44,42,43,31,17
34	0.6979050700200224	54,88,59,91,12
35	0.18231517764157548	21,65,25,54,56,11,73,4
36	0.3726864583463668	1,2,3,4,5,6,7,8,9,10,11,12,13,14,15,16,17,18,19,20,21,22,23,24,25,26,27,28,29,30,31,32,33,34,35,36,37,38,39,40,41,42,43,44,45,46,47,48,49,50,51,52,53,54,55,56,57,58,59,60,61,62,63,64,65,66,67,68,69,70,71,72,73,74,75,76,77,78,79,80,81,82,83,84,85,86,87,88,89,90,91,92,93,94,95,96,97,98,99,100
37	0.13318156665209363	27,26,54,32,36,8
38	0.17513497854642507	55,72,86,39,75
39	0.4881715638547604	50
4	0.41299559081089465	32
40	0.32432947900040837	75,84
41	0.6337396453165628	15,89,61
42	0.1549606799354685	4,93,76,86
43	0.250570376201648	80,82
44	0.36227737509792923	64,98,50,16
45	0.1544362852686582	1,2,3,4,5,6,7,8,9,10,11,12,13,14,15,16,17,18,19,20,21,22,23,24,25,26,27,28,29,30,31,32,33,34,35,36,37,38,39,40,41,42,43,44,45,46,47,48,49,50,51,52,53,54,55,56,57,58,59,60,61,62,63,64,65,66,67,68,69,70,71,72,73,74,75,76,77,78,79,80,81,82,83,84,85,86,87,88,89,90,91,92,93,94,95,96,97,98,99,100
46	0.28988653179955914	30,20,25,59,91,11,62,67,26
47	0.2465731402944101	88
48	0.4017996596796232	41
49	0.6976972341811205	58,89,59,94,41,51,87,85,29
5	0.5239851344738534	27,20,87,49,25
50	0.616648535545129	80,49,48,47,32
51	0.3608167519698209	54,84,82
52	0.12577792124794793	15,72,24,76
53	0.20223169473917613	8,23,9
54	0.6423063049209965	2,22,59,40,90,95,55,48,77
55	0.5771501093261278	80,91,20,65,66
56	0.09828323089274844	43,66,76,77,38,39,40,67,59
57	0.14456593743806123	1,2,3,4,5,6,7,8,9,10,11,12,13,14,15,16,17,18,19,20,21,22,23,24,25,26,27,28,29,30,31,32,33,34,35,36,37,38,39,40,41,42,43,44,45,46,47,48,49,50,51,52,53,54,55,56,57,58,59,60,61,62,63,64,65,66,67,68,69,70,71,72,73,74,75,76,77,78,79,80,81,82,83,84,85,86,87,88,89,90,91,92,93,94,95,96,97,98,99,100
58	0.58779102245806	98,99,40,55,35,2,96,12,3
59	0.594876733785775	3,26
6	0.24534875686557106	74,71,40,56,98,79,22,48,78
60	0.0819552020332538	77,15,96,61,59,25,4,35
61	0.24219679045449855	1,2,3,4,5,6,7,8,9,10,11,12,13,14,15,16,17,18,19,20,21,22,23,24,25,26,27,28,29,30,31,32,33,34,35,36,37,38,39,40,41,42,43,44,45,46,47,48,49,50,51,52,53,54,55,56,57,58,59,60,61,62,63,64,65,66,67,68,69,70,71,72,73,74,75,76,77,78,79,80,81,82,83,84,85,86,87,88,89,90,91,92,93,94,95,96,97,98,99,100
62	0.14417568961468918	73,31,37,62,61,24
63	0.11514922682459525	68
64	0.4098999761123592	39,79,28,31,99,98,93,55
65	0.3426651513069072	1,2,3,4,5,6,7,8,9,10,11,12,13,14,15,16,17,18,19,20,21,22,23,24,25,26,27,28,29,30,31,32,33,34,35,36,37,38,39,40,41,42,43,44,45,46,47,48,49,50,51,52,53,54,55,56,57,58,59,60,61,62,63,64,65,66,67,68,69,70,71,72,73,74,75,76,77,78,79,80,81,82,83,84,85,86,87,88,89,90,91,92,93,94,95,96,97,98,99,100
66	0.20714971123577994	1,2,3,4,5,6,7,8,9,10,11,12,13,14,15,16,17,18,19,20,21,22,23,24,25,26,27,28,29,30,31,32,33,34,35,36,37,38,39,40,41,42,43,44,45,46,47,48,49,50,51,52,53,54,55,56,57,58,59,60,61,62,63,64,65,66,67,68,69,70,71,72,73,74,75,76,77,78,79,80,81,82,83,84,85,86,87,88,89,90,91,92,93,94,95,96,97,98,99,100
67	0.08839356107632941	75,60,99,28,54,26
68	0.18531748524568367	34,31,69,1,80,29,43,60
69	0.16588166521824732	58
7	0.21460643828454887	8,92,97
70	0.14263870529296666	94
71	0.1994152633435768	64,18,43,80
72	0.36288233121745955	81,13,58
73	0.16932367716666483	91,64
74	0.19627676274827133	89
75	0.521898581840081	45,44,28,41,70,24,83,78,84
76	0.510022037569442	1,2,3,4,5,6,7,8,9,10,11,12,13,14,15,16,17,18,19,20,21,22,23,24,25,26,27,28,29,30,31,32,33,34,35,36,37,38,39,40,41,42,43,44,45,46,47,48,49,50,51,52,53,54,55,56,57,58,59,60,61,62,63,64,65,66,67,68,69,70,71,72,73,74,75,76,77,78,79,80,81,82,83,84,85,86,87,88,89,90,91,92,93,94,95,96,97,98,99,100
77	0.5087661965967896	87,11,54,77,69,63,58
78	0.14962718054505053	50,93,58,87,57,42,11
79	0.17931216886051757	38,51,58,30,96,69,11,82
8	0.8443365839972727	25,51,9,32,72
80	0.5688195918928673	44,76,92,45,46,59,97,96,94
81	0.3203377781364265	32,46,93,23,5
82	0.40921437976246394	46,6,89
83	0.1644601328034385	10
84	0.46976697566652115	1,2,3,4,5,6,7,8,9,10,11,12,13,14,15,16,17,18,19,20,21,22,23,24,25,26,27,28,29,30,31,32,33,34,35,36,37,38,39,40,41,42,43,44,45,46,47,48,49,50,51,52,53,54,55,56,57,58,59,60,61,62,63,64,65,66,67,68,69,70,71,72,73,74,75,76,77,78,79,80,81,82,83,84,85,86,87,88,89,90,91,92,93,94,95,96,97,98,99,100
85	0.16830210186483613	86,22
86	0.29953442200150265	21,65,24,58,68,83,7
87	0.5238798683342093	44,9,19,26,4,65,12
88	0.6113730604494416	1,2,3,4,5,6,7,8,9,10,11,12,13,14,15,16,17,18,19,20,21,22,23,24,25,26,27,28,29,30,31,32,33,34,35,36,37,38,39,40,41,42,43,44,45,46,47,48,49,50,51,52,53,54,55,56,57,58,59,60,61,62,63,64,65,66,67,68,69,70,71,72,73,74,75,76,77,78,79,80,81,82,83,84,85,86,87,88,89,90,91,92,93,94,95,96,97,98,99,100
89	0.6881230087341792	10,77,18,55
9	0.40161776846794967	13,34,87,86,97,6
90	0.15761455491272172	11,82,14
91	0.4546486045547132	39,29,5
92	0.221028010948143	9,28,94,34,37,54,48,25,73
93	0.299708168069629	34
94	0.529253752833892	49
95	0.2791234950529114	72,98,22,87,85,8
96	0.2048727671126082	99,97,23,1,80,81,32
97	0.41040268801747454	62,38,33,59,14,95,7,16,25
98	0.3837875404155487	22,16,97,64,74,87,94
99	0.29107477178191477	47,84,7,54,33,87,27
