1	0.026148582658284385	98,86
10	0.07361896492988511	53,27,77,97,40
100	0.017964693997600735	69,55,31,17,6,66,15,87
11	0.06423699051107304	8,4
12	0.07647471546516273	18,33
13	0.049904795547397574	77,44,82,23,28
14	0.032806216918866725	47,29,35,34,8,22
15	0.05698884174533376	76
16	0.059313552969369215	79,24,88,3,76,59
17	0.02714428998711872	33,38,21,54,12,58,8
18	0.08936964147537113	19,53,84,26,70,8,90,59,75
19	0.035503431028022794	1,2,3,4,5,6,7,8,9,10,11,12,13,14,15,16,17,18,19,20,21,22,23,24,25,26,27,28,29,30,31,32,33,34,35,36,37,38,39,40,41,42,43,44,45,46,47,48,49,50,51,52,53,54,55,56,57,58,59,60,61,62,63,64,65,66,67,68,69,70,71,72,73,74,75,76,77,78,79,80,81,82,83,84,85,86,87,88,89,90,91,92,93,94,95,96,97,98,99,100
2	0.0447943713138217	54,4,57,34,36
20	0.053065076170824343	2,51,72,36,44
21	0.030604949377772445	78,47,11,83,80,25
22	0.06402632107186047	64,88,12
23	0.04967568053086497	92,8,54,4,89,66
24	0.04989389614120934	7,31,32,42,16,89,35
25	0.0809665401812763	8,75,39
26	0.08789118462468191	36,5
27	0.05463336479032852	74,5,32,41
28	0.04711046032565351	99,52,43
29	0.05890101370747018	91,18,8,34,37,38,80
3	0.07541031729876868	54,39,75,16,11,73,65
30	0.02541703647879777	1,2,3,4,5,6,7,8,9,10,11,12,13,14,15,16,17,18,19,20,21,22,23,24,25,26,27,28,29,30,31,32,33,34,35,36,37,38,39,40,41,42,43,44,45,46,47,48,49,50,51,52,53,54,55,56,57,58,59,60,61,62,63,64,65,66,67,68,69,70,71,72,73,74,75,76,77,78,79,80,81,82,83,84,85,86,87,88,89,90,91,92,93,94,95,96,97,98,99,100
31	0.04881050454352048	88,40,53,13,57,9,41,93
32	0.16052592075627742	71,8,95,48,55,94,81,34
33	0.06392795065218364	93,44,42,43,31,17
34	0.1174584753811061	54,88,59,91,12
35	0.03805653970248409	21,65,25,54,56,11,73,4
36	0.07326190399419241	1,2,3,4,5,6,7,8,9,10,11,12,13,14,15,16,17,18,19,20,21,22,23,24,25,26,27,28,29,30,31,32,33,34,35,36,37,38,39,40,41,42,43,44,45,46,47,48,49,50,51,52,53,54,55,56,57,58,59,60,61,62,63,64,65,66,67,68,69,70,71,72,73,74,75,76,77,78,79,80,81,82,83,84,85,86,87,88,89,90,91,92,93,94,95,96,97,98,99,100
37	0.03128261029016469	27,26,54,32,36,8
38	0.03771187178154358	55,72,86,39,75
39	0.08526969298919596	50
4	0.08020016348355603	32
40	0.05880896234487437	75,84
41	0.11003653690690027	15,89,61
42	0.034571116658034744	4,93,76,86
43	0.05213221177977498	80,82
44	0.06898972042425928	64,98,50,16
45	0.03392517092350062	1,2,3,4,5,6,7,8,9,10,11,12,13,14,15,16,17,18,19,20,21,22,23,24,25,26,27,28,29,30,31,32,33,34,35,36,37,38,39,40,41,42,43,44,45,46,47,48,49,50,51,52,53,54,55,56,57,58,59,60,61,62,63,64,65,66,67,68,69,70,71,72,73,74,75,76,77,78,79,80,81,82,83,84,85,86,87,88,89,90,91,92,93,94,95,96,97,98,99,100
46	0.05626411519710022	30,20,25,59,91,11,62,67,26
47	0.04853287733483551	88
48	0.06865869331122496	41
49	0.12890992063314133	58,89,59,94,41,51,87,85,29
5	0.09563615004013301	27,20,87,49,25
50	0.10659649727987153	80,49,48,47,32
51	0.06456531865117622	54,84,82
52	0.030351245257676622	15,72,24,76
53	0.041606766821317545	8,23,9
54	0.1102346196522786	2,22,59,40,90,95,55,48,77
55	0.09428218232099929	80,91,20,65,66
56	0.024874185526892207	43,66,76,77,38,39,40,67,59
57	0.03225724317981696	1,2,3,4,5,6,7,8,9,10,11,12,13,14,15,16,17,18,19,20,21,22,23,24,25,26,27,28,29,30,31,32,33,34,35,36,37,38,39,40,41,42,43,44,45,46,47,48,49,50,51,52,53,54,55,56,57,58,59,60,61,62,63,64,65,66,67,68,69,70,71,72,73,74,75,76,77,78,79,80,81,82,83,84,85,86,87,88,89,90,91,92,93,94,95,96,97,98,99,100
58	0.10479437758602331	98,99,40,55,35,2,96,12,3
59	0.0979880855684228	3,26
6	0.04925245763685557	74,71,40,56,98,79,22,48,78
60	0.02459572878707662	77,15,96,61,59,25,4,35
61	0.05379103615143952	1,2,3,4,5,6,7,8,9,10,11,12,13,14,15,16,17,18,19,20,21,22,23,24,25,26,27,28,29,30,31,32,33,34,35,36,37,38,39,40,41,42,43,44,45,46,47,48,49,50,51,52,53,54,55,56,57,58,59,60,61,62,63,64,65,66,67,68,69,70,71,72,73,74,75,76,77,78,79,80,81,82,83,84,85,86,87,88,89,90,91,92,93,94,95,96,97,98,99,100
62	0.03201599592268968	73,31,37,62,61,24
63	0.027584324503997316	68
64	0.07918821456123389	39,79,28,31,99,98,93,55
65	0.062201483799265295	1,2,3,4,5,6,7,8,9,10,11,12,13,14,15,16,17,18,19,20,21,22,23,24,25,26,27,28,29,30,31,32,33,34,35,36,37,38,39,40,41,42,43,44,45,46,47,48,49,50,51,52,53,54,55,56,57,58,59,60,61,62,63,64,65,66,67,68,69,70,71,72,73,74,75,76,77,78,79,80,81,82,83,84,85,86,87,88,89,90,91,92,93,94,95,96,97,98,99,100
66	0.04216330514970994	1,2,3,4,5,6,7,8,9,10,11,12,13,14,15,16,17,18,19,20,21,22,23,24,25,26,27,28,29,30,31,32,33,34,35,36,37,38,39,40,41,42,43,44,45,46,47,48,49,50,51,52,53,54,55,56,57,58,59,60,61,62,63,64,65,66,67,68,69,70,71,72,73,74,75,76,77,78,79,80,81,82,83,84,85,86,87,88,89,90,91,92,93,94,95,96,97,98,99,100
67	0.02384211010332731	75,60,99,28,54,26
68	0.04742643094424058	34,31,69,1,80,29,43,60
69	0.03629288459096016	58
7	0.041988923841079995	8,92,97
70	0.03303645237964499	94
71	0.03788672550468858	64,18,43,80
72	0.06780697913005283	81,13,58
73	0.0367058838666407	91,64
74	0.04017346284045614	89
75	0.08911922732552523	45,44,28,41,70,24,83,78,84
76	0.0961165185113473	1,2,3,4,5,6,7,8,9,10,11,12,13,14,15,16,17,18,19,20,21,22,23,24,25,26,27,28,29,30,31,32,33,34,35,36,37,38,39,40,41,42,43,44,45,46,47,48,49,50,51,52,53,54,55,56,57,58,59,60,61,62,63,64,65,66,67,68,69,70,71,72,73,74,75,76,77,78,79,80,81,82,83,84,85,86,87,88,89,90,91,92,93,94,95,96,97,98,99,100
77	0.08713805468343523	87,11,54,77,69,63,58
78	0.03286900024744159	50,93,58,87,57,42,11
79	0.036933037199011115	38,51,58,30,96,69,11,82
8	0.14473551723327632	25,51,9,32,72
80	0.09877954275983372	44,76,92,45,46,59,97,96,94
81	0.05666346227582699	32,46,93,23,5
82	0.07707185494094768	46,6,89
83	0.036017934874747574	10
84	0.08102172205931947	1,2,3,4,5,6,7,8,9,10,11,12,13,14,15,16,17,18,19,20,21,22,23,24,25,26,27,28,29,30,31,32,33,34,35,36,37,38,39,40,41,42,43,44,45,46,47,48,49,50,51,52,53,54,55,56,57,58,59,60,61,62,63,64,65,66,67,68,69,70,71,72,73,74,75,76,77,78,79,80,81,82,83,84,85,86,87,88,89,90,91,92,93,94,95,96,97,98,99,100
85	0.03538547219206198	86,22
86	0.06423965824149756	21,65,24,58,68,83,7
87	0.08963097802941347	44,9,19,26,4,65,12
88	0.10723971153553065	1,2,3,4,5,6,7,8,9,10,11,12,13,14,15,16,17,18,19,20,21,22,23,24,25,26,27,28,29,30,31,32,33,34,35,36,37,38,39,40,41,42,43,44,45,46,47,48,49,50,51,52,53,54,55,56,57,58,59,60,61,62,63,64,65,66,67,68,69,70,71,72,73,74,75,76,77,78,79,80,81,82,83,84,85,86,87,88,89,90,91,92,93,94,95,96,97,98,99,100
89	0.12623144826387278	10,77,18,55
9	0.07088222618756607	13,34,87,86,97,6
90	0.03503070789296743	11,82,14
91	0.07835090571544982	39,29,5
92	0.043728395538220236	9,28,94,34,37,54,48,25,73
93	0.05742515962061946	34
94	0.09301693314237089	49
95	0.049633719568911466	72,98,22,87,85,8
96	0.04060380735841432	99,97,23,1,80,81,32
97	0.07095928404970225	62,38,33,59,14,95,7,16,25
98	0.06956609311662744	22,16,97,64,74,87,94
99	0.05425565984161497	47,84,7,54,33,87,27
