1	0.026148007351277466	98,86
10	0.07361641526195407	53,27,77,97,40
100	0.017964460579366848	69,55,31,17,6,66,15,87
11	0.06423468040395044	8,4
12	0.07647174347632936	18,33
13	0.04990307014497082	77,44,82,23,28
14	0.032805319914108	47,29,35,34,8,22
15	0.056986762948523464	76
16	0.059311322814633194	79,24,88,3,76,59
17	0.027143633602493403	33,38,21,54,12,58,8
18	0.08936602170598637	19,53,84,26,70,8,90,59,75
19	0.03550226931783515	1,2,3,4,5,6,7,8,9,10,11,12,13,14,15,16,17,18,19,20,21,22,23,24,25,26,27,28,29,30,31,32,33,34,35,36,37,38,39,40,41,42,43,44,45,46,47,48,49,50,51,52,53,54,55,56,57,58,59,60,61,62,63,64,65,66,67,68,69,70,71,72,73,74,75,76,77,78,79,80,81,82,83,84,85,86,87,88,89,90,91,92,93,94,95,96,97,98,99,100
2	0.044792808385670686	54,4,57,34,36
20	0.0530630465768504	2,51,72,36,44
21	0.030604193795412057	78,47,11,83,80,25
22	0.06402402253386037	64,88,12
23	0.04967405006515564	92,8,54,4,89,66
24	0.0498922737187381	7,31,32,42,16,89,35
25	0.08096335539400748	8,75,39
26	0.08788752686191727	36,5
27	0.0546314253559548	74,5,32,41
28	0.04710889120733862	99,52,43
29	0.05889884986138338	91,18,8,34,37,38,80
3	0.07540723195094697	54,39,75,16,11,73,65
30	0.02541643573420823	1,2,3,4,5,6,7,8,9,10,11,12,13,14,15,16,17,18,19,20,21,22,23,24,25,26,27,28,29,30,31,32,33,34,35,36,37,38,39,40,41,42,43,44,45,46,47,48,49,50,51,52,53,54,55,56,57,58,59,60,61,62,63,64,65,66,67,68,69,70,71,72,73,74,75,76,77,78,79,80,81,82,83,84,85,86,87,88,89,90,91,92,93,94,95,96,97,98,99,100
31	0.048808947522974974	88,40,53,13,57,9,41,93
32	0.16051922319799156	71,8,95,48,55,94,81,34
33	0.06392558791751043	93,44,42,43,31,17
34	0.11745388560350542	54,88,59,91,12
35	0.03805543088462361	21,65,25,54,56,11,73,4
36	0.07325898262619254	1,2,3,4,5,6,7,8,9,10,11,12,13,14,15,16,17,18,19,20,21,22,23,24,25,26,27,28,29,30,31,32,33,34,35,36,37,38,39,40,41,42,43,44,45,46,47,48,49,50,51,52,53,54,55,56,57,58,59,60,61,62,63,64,65,66,67,68,69,70,71,72,73,74,75,76,77,78,79,80,81,82,83,84,85,86,87,88,89,90,91,92,93,94,95,96,97,98,99,100
37	0.031281766906412614	27,26,54,32,36,8
38	0.037710741165180424	55,72,86,39,75
39	0.08526629997279994	50
4	0.08019721840940654	32
40	0.05880685600542761	75,84
41	0.11003183430537206	15,89,61
42	0.03457012457077555	4,93,76,86
43	0.05213052983935618	80,82
44	0.0689870011884075	64,98,50,16
45	0.03392412257139664	1,2,3,4,5,6,7,8,9,10,11,12,13,14,15,16,17,18,19,20,21,22,23,24,25,26,27,28,29,30,31,32,33,34,35,36,37,38,39,40,41,42,43,44,45,46,47,48,49,50,51,52,53,54,55,56,57,58,59,60,61,62,63,64,65,66,67,68,69,70,71,72,73,74,75,76,77,78,79,80,81,82,83,84,85,86,87,88,89,90,91,92,93,94,95,96,97,98,99,100
46	0.05626210454734985	30,20,25,59,91,11,62,67,26
47	0.04853121977111066	88
48	0.06865591098022758	41
49	0.12890435802259925	58,89,59,94,41,51,87,85,29
5	0.09563217666981338	27,20,87,49,25
50	0.10659205793100433	80,49,48,47,32
51	0.06456274856820474	54,84,82
52	0.030350488800004433	15,72,24,76
53	0.041605426645330956	8,23,9
54	0.11023021847260245	2,22,59,40,90,95,55,48,77
55	0.09427829184025775	80,91,20,65,66
56	0.024873630416429877	43,66,76,77,38,39,40,67,59
57	0.03225636944311032	1,2,3,4,5,6,7,8,9,10,11,12,13,14,15,16,17,18,19,20,21,22,23,24,25,26,27,28,29,30,31,32,33,34,35,36,37,38,39,40,41,42,43,44,45,46,47,48,49,50,51,52,53,54,55,56,57,58,59,60,61,62,63,64,65,66,67,68,69,70,71,72,73,74,75,76,77,78,79,80,81,82,83,84,85,86,87,88,89,90,91,92,93,94,95,96,97,98,99,100
58	0.10479046644559833	98,99,40,55,35,2,96,12,3
59	0.09798399423647576	3,26
6	0.04925080982689259	74,71,40,56,98,79,22,48,78
60	0.02459525236278545	77,15,96,61,59,25,4,35
61	0.05378902653992227	1,2,3,4,5,6,7,8,9,10,11,12,13,14,15,16,17,18,19,20,21,22,23,24,25,26,27,28,29,30,31,32,33,34,35,36,37,38,39,40,41,42,43,44,45,46,47,48,49,50,51,52,53,54,55,56,57,58,59,60,61,62,63,64,65,66,67,68,69,70,71,72,73,74,75,76,77,78,79,80,81,82,83,84,85,86,87,88,89,90,91,92,93,94,95,96,97,98,99,100
62	0.03201510128426431	73,31,37,62,61,24
63	0.027583595003370605	68
64	0.07918530923373852	39,79,28,31,99,98,93,55
65	0.062199077030658786	1,2,3,4,5,6,7,8,9,10,11,12,13,14,15,16,17,18,19,20,21,22,23,24,25,26,27,28,29,30,31,32,33,34,35,36,37,38,39,40,41,42,43,44,45,46,47,48,49,50,51,52,53,54,55,56,57,58,59,60,61,62,63,64,65,66,67,68,69,70,71,72,73,74,75,76,77,78,79,80,81,82,83,84,85,86,87,88,89,90,91,92,93,94,95,96,97,98,99,100
66	0.04216193103482336	1,2,3,4,5,6,7,8,9,10,11,12,13,14,15,16,17,18,19,20,21,22,23,24,25,26,27,28,29,30,31,32,33,34,35,36,37,38,39,40,41,42,43,44,45,46,47,48,49,50,51,52,53,54,55,56,57,58,59,60,61,62,63,64,65,66,67,68,69,70,71,72,73,74,75,76,77,78,79,80,81,82,83,84,85,86,87,88,89,90,91,92,93,94,95,96,97,98,99,100
67	0.02384159160062535	75,60,99,28,54,26
68	0.04742517823271826	34,31,69,1,80,29,43,60
69	0.036291825403286085	58
7	0.04198761930275515	8,92,97
70	0.03303542746651547	94
71	0.03788547180167308	64,18,43,80
72	0.06780444774118266	81,13,58
73	0.03670477023755107	91,64
74	0.04017220579296647	89
75	0.08911572364084921	45,44,28,41,70,24,83,78,84
76	0.09611291015310124	1,2,3,4,5,6,7,8,9,10,11,12,13,14,15,16,17,18,19,20,21,22,23,24,25,26,27,28,29,30,31,32,33,34,35,36,37,38,39,40,41,42,43,44,45,46,47,48,49,50,51,52,53,54,55,56,57,58,59,60,61,62,63,64,65,66,67,68,69,70,71,72,73,74,75,76,77,78,79,80,81,82,83,84,85,86,87,88,89,90,91,92,93,94,95,96,97,98,99,100
77	0.08713458210668551	87,11,54,77,69,63,58
78	0.0328680685105211	50,93,58,87,57,42,11
79	0.03693188583238842	38,51,58,30,96,69,11,82
8	0.14472967344689142	25,51,9,32,72
80	0.09877571203967883	44,76,92,45,46,59,97,96,94
81	0.05666136256668457	32,46,93,23,5
82	0.07706905997860196	46,6,89
83	0.036016896435161205	10
84	0.0810185264376117	1,2,3,4,5,6,7,8,9,10,11,12,13,14,15,16,17,18,19,20,21,22,23,24,25,26,27,28,29,30,31,32,33,34,35,36,37,38,39,40,41,42,43,44,45,46,47,48,49,50,51,52,53,54,55,56,57,58,59,60,61,62,63,64,65,66,67,68,69,70,71,72,73,74,75,76,77,78,79,80,81,82,83,84,85,86,87,88,89,90,91,92,93,94,95,96,97,98,99,100
85	0.03538431264911625	86,22
86	0.06423762969286531	21,65,24,58,68,83,7
87	0.08962729536192526	44,9,19,26,4,65,12
88	0.10723557009869422	1,2,3,4,5,6,7,8,9,10,11,12,13,14,15,16,17,18,19,20,21,22,23,24,25,26,27,28,29,30,31,32,33,34,35,36,37,38,39,40,41,42,43,44,45,46,47,48,49,50,51,52,53,54,55,56,57,58,59,60,61,62,63,64,65,66,67,68,69,70,71,72,73,74,75,76,77,78,79,80,81,82,83,84,85,86,87,88,89,90,91,92,93,94,95,96,97,98,99,100
89	0.1262263370234296	10,77,18,55
9	0.07087950482555827	13,34,87,86,97,6
90	0.035029583258171224	11,82,14
91	0.07834788690460533	39,29,5
92	0.04372702989402043	9,28,94,34,37,54,48,25,73
93	0.05742317355085064	34
94	0.09301328649390012	49
95	0.0496318712276684	72,98,22,87,85,8
96	0.040602510259585105	99,97,23,1,80,81,32
97	0.07095668567536727	62,38,33,59,14,95,7,16,25
98	0.06956360335196217	22,16,97,64,74,87,94
99	0.054253833929897785	47,84,7,54,33,87,27
