1	0.03318607495190571	98,86
10	0.10480808636504736	53,27,77,97,40
100	0.0208199999238943	69,55,31,17,6,66,15,87
11	0.09249559533713286	8,4
12	0.11282993818106192	18,33
13	0.07101084812183836	77,44,82,23,28
14	0.04377892359126183	47,29,35,34,8,22
15	0.0824179425818771	76
16	0.08659414508492809	79,24,88,3,76,59
17	0.03517359384285393	33,38,21,54,12,58,8
18	0.1336487775677743	19,53,84,26,70,8,90,59,75
19	0.04971416649899778	1,2,3,4,5,6,7,8,9,10,11,12,13,14,15,16,17,18,19,20,21,22,23,24,25,26,27,28,29,30,31,32,33,34,35,36,37,38,39,40,41,42,43,44,45,46,47,48,49,50,51,52,53,54,55,56,57,58,59,60,61,62,63,64,65,66,67,68,69,70,71,72,73,74,75,76,77,78,79,80,81,82,83,84,85,86,87,88,89,90,91,92,93,94,95,96,97,98,99,100
2	0.06391303674741211	54,4,57,34,36
20	0.07789219211963654	2,51,72,36,44
21	0.03984768650447334	78,47,11,83,80,25
22	0.0921433840825317	64,88,12
23	0.06962059927442572	92,8,54,4,89,66
24	0.06974030860141145	7,31,32,42,16,89,35
25	0.11992472385196601	8,75,39
26	0.13263500902525413	36,5
27	0.07835755218835681	74,5,32,41
28	0.06630486690730328	99,52,43
29	0.08537042127624353	91,18,8,34,37,38,80
3	0.11315200625660028	54,39,75,16,11,73,65
30	0.03276568679362986	1,2,3,4,5,6,7,8,9,10,11,12,13,14,15,16,17,18,19,20,21,22,23,24,25,26,27,28,29,30,31,32,33,34,35,36,37,38,39,40,41,42,43,44,45,46,47,48,49,50,51,52,53,54,55,56,57,58,59,60,61,62,63,64,65,66,67,68,69,70,71,72,73,74,75,76,77,78,79,80,81,82,83,84,85,86,87,88,89,90,91,92,93,94,95,96,97,98,99,100
31	0.06785691812612639	88,40,53,13,57,9,41,93
32	0.2424546544964989	71,8,95,48,55,94,81,34
33	0.09283023057669562	93,44,42,43,31,17
34	0.17360312883084977	54,88,59,91,12
35	0.051620241478813486	21,65,25,54,56,11,73,4
36	0.10899785315582541	1,2,3,4,5,6,7,8,9,10,11,12,13,14,15,16,17,18,19,20,21,22,23,24,25,26,27,28,29,30,31,32,33,34,35,36,37,38,39,40,41,42,43,44,45,46,47,48,49,50,51,52,53,54,55,56,57,58,59,60,61,62,63,64,65,66,67,68,69,70,71,72,73,74,75,76,77,78,79,80,81,82,83,84,85,86,87,88,89,90,91,92,93,94,95,96,97,98,99,100
37	0.04159938564434999	27,26,54,32,36,8
38	0.051542239315860106	55,72,86,39,75
39	0.12677507912506536	50
4	0.11622597631151925	32
40	0.08457489538485911	75,84
41	0.16756148556217818	15,89,61
42	0.046706942610078704	4,93,76,86
43	0.07270673485422563	80,82
44	0.10225305547714432	64,98,50,16
45	0.04674918764728464	1,2,3,4,5,6,7,8,9,10,11,12,13,14,15,16,17,18,19,20,21,22,23,24,25,26,27,28,29,30,31,32,33,34,35,36,37,38,39,40,41,42,43,44,45,46,47,48,49,50,51,52,53,54,55,56,57,58,59,60,61,62,63,64,65,66,67,68,69,70,71,72,73,74,75,76,77,78,79,80,81,82,83,84,85,86,87,88,89,90,91,92,93,94,95,96,97,98,99,100
46	0.08085961438875926	30,20,25,59,91,11,62,67,26
47	0.06880921089198425	88
48	0.10269378151165291	41
49	0.19695501934892204	58,89,59,94,41,51,87,85,29
5	0.14424086541423248	27,20,87,49,25
50	0.16090105417338368	80,49,48,47,32
51	0.09600414462656343	54,84,82
52	0.03960466121002047	15,72,24,76
53	0.05800055205625759	8,23,9
54	0.16407245927544775	2,22,59,40,90,95,55,48,77
55	0.1418727947992019	80,91,20,65,66
56	0.03166462342010818	43,66,76,77,38,39,40,67,59
57	0.04294529442044771	1,2,3,4,5,6,7,8,9,10,11,12,13,14,15,16,17,18,19,20,21,22,23,24,25,26,27,28,29,30,31,32,33,34,35,36,37,38,39,40,41,42,43,44,45,46,47,48,49,50,51,52,53,54,55,56,57,58,59,60,61,62,63,64,65,66,67,68,69,70,71,72,73,74,75,76,77,78,79,80,81,82,83,84,85,86,87,88,89,90,91,92,93,94,95,96,97,98,99,100
58	0.15263774240423353	98,99,40,55,35,2,96,12,3
59	0.14803574292801444	3,26
6	0.0694094239367828	74,71,40,56,98,79,22,48,78
60	0.030423622630822267	77,15,96,61,59,25,4,35
61	0.07837381517397181	1,2,3,4,5,6,7,8,9,10,11,12,13,14,15,16,17,18,19,20,21,22,23,24,25,26,27,28,29,30,31,32,33,34,35,36,37,38,39,40,41,42,43,44,45,46,47,48,49,50,51,52,53,54,55,56,57,58,59,60,61,62,63,64,65,66,67,68,69,70,71,72,73,74,75,76,77,78,79,80,81,82,83,84,85,86,87,88,89,90,91,92,93,94,95,96,97,98,99,100
62	0.04295975262576669	73,31,37,62,61,24
63	0.03650799461904034	68
64	0.11472788572632281	39,79,28,31,99,98,93,55
65	0.0916425634509722	1,2,3,4,5,6,7,8,9,10,11,12,13,14,15,16,17,18,19,20,21,22,23,24,25,26,27,28,29,30,31,32,33,34,35,36,37,38,39,40,41,42,43,44,45,46,47,48,49,50,51,52,53,54,55,56,57,58,59,60,61,62,63,64,65,66,67,68,69,70,71,72,73,74,75,76,77,78,79,80,81,82,83,84,85,86,87,88,89,90,91,92,93,94,95,96,97,98,99,100
66	0.05897227548761536	1,2,3,4,5,6,7,8,9,10,11,12,13,14,15,16,17,18,19,20,21,22,23,24,25,26,27,28,29,30,31,32,33,34,35,36,37,38,39,40,41,42,43,44,45,46,47,48,49,50,51,52,53,54,55,56,57,58,59,60,61,62,63,64,65,66,67,68,69,70,71,72,73,74,75,76,77,78,79,80,81,82,83,84,85,86,87,88,89,90,91,92,93,94,95,96,97,98,99,100
67	0.03018473254481327	75,60,99,28,54,26
68	0.06275036300728012	34,31,69,1,80,29,43,60
69	0.04924946846037748	58
7	0.05794684352860136	8,92,97
70	0.04557377022081409	94
71	0.05322267700825649	64,18,43,80
72	0.09877250526562438	81,13,58
73	0.05032849256498264	91,64
74	0.05555044442781536	89
75	0.13197845167745825	45,44,28,41,70,24,83,78,84
76	0.14025596481225086	1,2,3,4,5,6,7,8,9,10,11,12,13,14,15,16,17,18,19,20,21,22,23,24,25,26,27,28,29,30,31,32,33,34,35,36,37,38,39,40,41,42,43,44,45,46,47,48,49,50,51,52,53,54,55,56,57,58,59,60,61,62,63,64,65,66,67,68,69,70,71,72,73,74,75,76,77,78,79,80,81,82,83,84,85,86,87,88,89,90,91,92,93,94,95,96,97,98,99,100
77	0.12961668681988245	87,11,54,77,69,63,58
78	0.044266523102576144	50,93,58,87,57,42,11
79	0.05101723011487367	38,51,58,30,96,69,11,82
8	0.21622002893223577	25,51,9,32,72
80	0.14563926630095267	44,76,92,45,46,59,97,96,94
81	0.08234821686129201	32,46,93,23,5
82	0.11126144364031453	46,6,89
83	0.04872072395420897	10
84	0.12011242756297277	1,2,3,4,5,6,7,8,9,10,11,12,13,14,15,16,17,18,19,20,21,22,23,24,25,26,27,28,29,30,31,32,33,34,35,36,37,38,39,40,41,42,43,44,45,46,47,48,49,50,51,52,53,54,55,56,57,58,59,60,61,62,63,64,65,66,67,68,69,70,71,72,73,74,75,76,77,78,79,80,81,82,83,84,85,86,87,88,89,90,91,92,93,94,95,96,97,98,99,100
85	0.049569714581277166	86,22
86	0.08905398729255597	21,65,24,58,68,83,7
87	0.1346794739609224	44,9,19,26,4,65,12
88	0.15790010906123197	1,2,3,4,5,6,7,8,9,10,11,12,13,14,15,16,17,18,19,20,21,22,23,24,25,26,27,28,29,30,31,32,33,34,35,36,37,38,39,40,41,42,43,44,45,46,47,48,49,50,51,52,53,54,55,56,57,58,59,60,61,62,63,64,65,66,67,68,69,70,71,72,73,74,75,76,77,78,79,80,81,82,83,84,85,86,87,88,89,90,91,92,93,94,95,96,97,98,99,100
89	0.18875505580312132	10,77,18,55
9	0.10417159894636908	13,34,87,86,97,6
90	0.04878789912891575	11,82,14
91	0.1152788081155591	39,29,5
92	0.06043370270854171	9,28,94,34,37,54,48,25,73
93	0.08172000029076973	34
94	0.13762485362382382	49
95	0.07224365168784548	72,98,22,87,85,8
96	0.056470658838975556	99,97,23,1,80,81,32
97	0.10274405740571646	62,38,33,59,14,95,7,16,25
98	0.1000223652993191	22,16,97,64,74,87,94
99	0.07659128321603441	47,84,7,54,33,87,27
