1	0.02614791068112607	98,86
10	0.07361598683542367	53,27,77,97,40
100	0.01796442135756747	69,55,31,17,6,66,15,87
11	0.06423429223137025	8,4
12	0.07647124408625239	18,33
13	0.049902780221657166	77,44,82,23,28
14	0.03280516918834804	47,29,35,34,8,22
15	0.05698641364354375	76
16	0.05931094807663527	79,24,88,3,76,59
17	0.02714352330868446	33,38,21,54,12,58,8
18	0.08936541346786267	19,53,84,26,70,8,90,59,75
19	0.035502074113016924	1,2,3,4,5,6,7,8,9,10,11,12,13,14,15,16,17,18,19,20,21,22,23,24,25,26,27,28,29,30,31,32,33,34,35,36,37,38,39,40,41,42,43,44,45,46,47,48,49,50,51,52,53,54,55,56,57,58,59,60,61,62,63,64,65,66,67,68,69,70,71,72,73,74,75,76,77,78,79,80,81,82,83,84,85,86,87,88,89,90,91,92,93,94,95,96,97,98,99,100
2	0.044792545763280976	54,4,57,34,36
20	0.05306270553953577	2,51,72,36,44
21	0.030604066833180954	78,47,11,83,80,25
22	0.06402363630526628	64,88,12
23	0.049673776094275625	92,8,54,4,89,66
24	0.04989200109938177	7,31,32,42,16,89,35
25	0.080962820246923	8,75,39
26	0.0878869122396791	36,5
27	0.05463109946836388	74,5,32,41
28	0.047108627544801523	99,52,43
29	0.05889848626537936	91,18,8,34,37,38,80
3	0.07540671351290004	54,39,75,16,11,73,65
30	0.025416334789721676	1,2,3,4,5,6,7,8,9,10,11,12,13,14,15,16,17,18,19,20,21,22,23,24,25,26,27,28,29,30,31,32,33,34,35,36,37,38,39,40,41,42,43,44,45,46,47,48,49,50,51,52,53,54,55,56,57,58,59,60,61,62,63,64,65,66,67,68,69,70,71,72,73,74,75,76,77,78,79,80,81,82,83,84,85,86,87,88,89,90,91,92,93,94,95,96,97,98,99,100
31	0.048808685893253705	88,40,53,13,57,9,41,93
32	0.16051809779196366	71,8,95,48,55,94,81,34
33	0.06392519090180261	93,44,42,43,31,17
34	0.11745311437268394	54,88,59,91,12
35	0.038055244567424006	21,65,25,54,56,11,73,4
36	0.07325849174204993	1,2,3,4,5,6,7,8,9,10,11,12,13,14,15,16,17,18,19,20,21,22,23,24,25,26,27,28,29,30,31,32,33,34,35,36,37,38,39,40,41,42,43,44,45,46,47,48,49,50,51,52,53,54,55,56,57,58,59,60,61,62,63,64,65,66,67,68,69,70,71,72,73,74,75,76,77,78,79,80,81,82,83,84,85,86,87,88,89,90,91,92,93,94,95,96,97,98,99,100
37	0.031281625190712974	27,26,54,32,36,8
38	0.03771055118512859	55,72,86,39,75
39	0.08526572983649927	50
4	0.08019672354186541	32
40	0.058806502072395746	75,84
41	0.11003104411648819	15,89,61
42	0.034569957868085706	4,93,76,86
43	0.05213024721906305	80,82
44	0.06898654426899178	64,98,50,16
45	0.03392394641439631	1,2,3,4,5,6,7,8,9,10,11,12,13,14,15,16,17,18,19,20,21,22,23,24,25,26,27,28,29,30,31,32,33,34,35,36,37,38,39,40,41,42,43,44,45,46,47,48,49,50,51,52,53,54,55,56,57,58,59,60,61,62,63,64,65,66,67,68,69,70,71,72,73,74,75,76,77,78,79,80,81,82,83,84,85,86,87,88,89,90,91,92,93,94,95,96,97,98,99,100
46	0.056261766693276406	30,20,25,59,91,11,62,67,26
47	0.04853094124688915	88
48	0.0686554434587903	41
49	0.128903423324435	58,89,59,94,41,51,87,85,29
5	0.09563150901531635	27,20,87,49,25
50	0.10659131197706685	80,49,48,47,32
51	0.06456231671128841	54,84,82
52	0.03035036169069269	15,72,24,76
53	0.0416052014524966	8,23,9
54	0.11022947893232136	2,22,59,40,90,95,55,48,77
55	0.09427763811388598	80,91,20,65,66
56	0.024873537139950032	43,66,76,77,38,39,40,67,59
57	0.032256222627134346	1,2,3,4,5,6,7,8,9,10,11,12,13,14,15,16,17,18,19,20,21,22,23,24,25,26,27,28,29,30,31,32,33,34,35,36,37,38,39,40,41,42,43,44,45,46,47,48,49,50,51,52,53,54,55,56,57,58,59,60,61,62,63,64,65,66,67,68,69,70,71,72,73,74,75,76,77,78,79,80,81,82,83,84,85,86,87,88,89,90,91,92,93,94,95,96,97,98,99,100
58	0.10478980924773273	98,99,40,55,35,2,96,12,3
59	0.09798330676061685	3,26
6	0.049250532941617985	74,71,40,56,98,79,22,48,78
60	0.024595172308122804	77,15,96,61,59,25,4,35
61	0.0537886888603055	1,2,3,4,5,6,7,8,9,10,11,12,13,14,15,16,17,18,19,20,21,22,23,24,25,26,27,28,29,30,31,32,33,34,35,36,37,38,39,40,41,42,43,44,45,46,47,48,49,50,51,52,53,54,55,56,57,58,59,60,61,62,63,64,65,66,67,68,69,70,71,72,73,74,75,76,77,78,79,80,81,82,83,84,85,86,87,88,89,90,91,92,93,94,95,96,97,98,99,100
62	0.032014950956124756	73,31,37,62,61,24
63	0.027583472423712826	68
64	0.07918482104491854	39,79,28,31,99,98,93,55
65	0.062198672615828524	1,2,3,4,5,6,7,8,9,10,11,12,13,14,15,16,17,18,19,20,21,22,23,24,25,26,27,28,29,30,31,32,33,34,35,36,37,38,39,40,41,42,43,44,45,46,47,48,49,50,51,52,53,54,55,56,57,58,59,60,61,62,63,64,65,66,67,68,69,70,71,72,73,74,75,76,77,78,79,80,81,82,83,84,85,86,87,88,89,90,91,92,93,94,95,96,97,98,99,100
66	0.042161700139158056	1,2,3,4,5,6,7,8,9,10,11,12,13,14,15,16,17,18,19,20,21,22,23,24,25,26,27,28,29,30,31,32,33,34,35,36,37,38,39,40,41,42,43,44,45,46,47,48,49,50,51,52,53,54,55,56,57,58,59,60,61,62,63,64,65,66,67,68,69,70,71,72,73,74,75,76,77,78,79,80,81,82,83,84,85,86,87,88,89,90,91,92,93,94,95,96,97,98,99,100
67	0.023841504475431163	75,60,99,28,54,26
68	0.04742496773673774	34,31,69,1,80,29,43,60
69	0.03629164742556016	58
7	0.04198740009819854	8,92,97
70	0.033035255248019604	94
71	0.037885261139089695	64,18,43,80
72	0.06780402238612462	81,13,58
73	0.03670458311190964	91,64
74	0.040171994568403466	89
75	0.08911513490870446	45,44,28,41,70,24,83,78,84
76	0.09611230383241726	1,2,3,4,5,6,7,8,9,10,11,12,13,14,15,16,17,18,19,20,21,22,23,24,25,26,27,28,29,30,31,32,33,34,35,36,37,38,39,40,41,42,43,44,45,46,47,48,49,50,51,52,53,54,55,56,57,58,59,60,61,62,63,64,65,66,67,68,69,70,71,72,73,74,75,76,77,78,79,80,81,82,83,84,85,86,87,88,89,90,91,92,93,94,95,96,97,98,99,100
77	0.08713399860167673	87,11,54,77,69,63,58
78	0.032867911948636606	50,93,58,87,57,42,11
79	0.03693169236562305	38,51,58,30,96,69,11,82
8	0.14472869150210757	25,51,9,32,72
80	0.09877506835501504	44,76,92,45,46,59,97,96,94
81	0.0566610097477579	32,46,93,23,5
82	0.07706859033469035	46,6,89
83	0.03601672194378388	10
84	0.08101798946999166	1,2,3,4,5,6,7,8,9,10,11,12,13,14,15,16,17,18,19,20,21,22,23,24,25,26,27,28,29,30,31,32,33,34,35,36,37,38,39,40,41,42,43,44,45,46,47,48,49,50,51,52,53,54,55,56,57,58,59,60,61,62,63,64,65,66,67,68,69,70,71,72,73,74,75,76,77,78,79,80,81,82,83,84,85,86,87,88,89,90,91,92,93,94,95,96,97,98,99,100
85	0.03538411780846463	86,22
86	0.06423728883120182	21,65,24,58,68,83,7
87	0.08962667655488948	44,9,19,26,4,65,12
88	0.10723487420359622	1,2,3,4,5,6,7,8,9,10,11,12,13,14,15,16,17,18,19,20,21,22,23,24,25,26,27,28,29,30,31,32,33,34,35,36,37,38,39,40,41,42,43,44,45,46,47,48,49,50,51,52,53,54,55,56,57,58,59,60,61,62,63,64,65,66,67,68,69,70,71,72,73,74,75,76,77,78,79,80,81,82,83,84,85,86,87,88,89,90,91,92,93,94,95,96,97,98,99,100
89	0.1262254781700148	10,77,18,55
9	0.07087904754887968	13,34,87,86,97,6
90	0.035029394283215755	11,82,14
91	0.07834737964691882	39,29,5
92	0.04372680042170397	9,28,94,34,37,54,48,25,73
93	0.05742283982700767	34
94	0.09301267373922213	49
95	0.049631560646664415	72,98,22,87,85,8
96	0.04060229230510397	99,97,23,1,80,81,32
97	0.07095624906458846	62,38,33,59,14,95,7,16,25
98	0.06956318499111443	22,16,97,64,74,87,94
99	0.05425352711777834	47,84,7,54,33,87,27
