1	0.03047012678106342	98,86
10	0.09277134351720148	53,27,77,97,40
100	0.019718065750736653	69,55,31,17,6,66,15,87
11	0.08158986323561593	8,4
12	0.09879944660876924	18,33
13	0.06286553884557941	77,44,82,23,28
14	0.03954426167767344	47,29,35,34,8,22
15	0.0726041751932813	76
16	0.07606584551225723	79,24,88,3,76,59
17	0.03207486402657905	33,38,21,54,12,58,8
18	0.11656032462048667	19,53,84,26,70,8,90,59,75
19	0.044229867682146984	1,2,3,4,5,6,7,8,9,10,11,12,13,14,15,16,17,18,19,20,21,22,23,24,25,26,27,28,29,30,31,32,33,34,35,36,37,38,39,40,41,42,43,44,45,46,47,48,49,50,51,52,53,54,55,56,57,58,59,60,61,62,63,64,65,66,67,68,69,70,71,72,73,74,75,76,77,78,79,80,81,82,83,84,85,86,87,88,89,90,91,92,93,94,95,96,97,98,99,100
2	0.056534644228674144	54,4,57,34,36
20	0.06831081662835654	2,51,72,36,44
21	0.036280669523088574	78,47,11,83,80,25
22	0.08129228932663797	64,88,12
23	0.061923269147108675	92,8,54,4,89,66
24	0.06208107513878493	7,31,32,42,16,89,35
25	0.10488976141123421	8,75,39
26	0.1153672702027271	36,5
27	0.06920185445582618	74,5,32,41
28	0.05889722990684397	99,52,43
29	0.0751552198557997	91,18,8,34,37,38,80
3	0.09858658407307147	54,39,75,16,11,73,65
30	0.029929661219982872	1,2,3,4,5,6,7,8,9,10,11,12,13,14,15,16,17,18,19,20,21,22,23,24,25,26,27,28,29,30,31,32,33,34,35,36,37,38,39,40,41,42,43,44,45,46,47,48,49,50,51,52,53,54,55,56,57,58,59,60,61,62,63,64,65,66,67,68,69,70,71,72,73,74,75,76,77,78,79,80,81,82,83,84,85,86,87,88,89,90,91,92,93,94,95,96,97,98,99,100
31	0.060506402222320135	88,40,53,13,57,9,41,93
32	0.21083606526824408	71,8,95,48,55,94,81,34
33	0.08167615432282162	93,44,42,43,31,17
34	0.15193560671812875	54,88,59,91,12
35	0.046385666372430384	21,65,25,54,56,11,73,4
36	0.09520639160419585	1,2,3,4,5,6,7,8,9,10,11,12,13,14,15,16,17,18,19,20,21,22,23,24,25,26,27,28,29,30,31,32,33,34,35,36,37,38,39,40,41,42,43,44,45,46,47,48,49,50,51,52,53,54,55,56,57,58,59,60,61,62,63,64,65,66,67,68,69,70,71,72,73,74,75,76,77,78,79,80,81,82,83,84,85,86,87,88,89,90,91,92,93,94,95,96,97,98,99,100
37	0.037617868489499176	27,26,54,32,36,8
38	0.04620474042727486	55,72,86,39,75
39	0.11075707726275136	50
4	0.10232273295114681	32
40	0.07463119124856571	75,84
41	0.14536114282422088	15,89,61
42	0.04202339376229075	4,93,76,86
43	0.0647664713898913	80,82
44	0.08941584520151366	64,98,50,16
45	0.04180009736706028	1,2,3,4,5,6,7,8,9,10,11,12,13,14,15,16,17,18,19,20,21,22,23,24,25,26,27,28,29,30,31,32,33,34,35,36,37,38,39,40,41,42,43,44,45,46,47,48,49,50,51,52,53,54,55,56,57,58,59,60,61,62,63,64,65,66,67,68,69,70,71,72,73,74,75,76,77,78,79,80,81,82,83,84,85,86,87,88,89,90,91,92,93,94,95,96,97,98,99,100
46	0.07136754178370353	30,20,25,59,91,11,62,67,26
47	0.06098402809066358	88
48	0.08955878154563277	41
49	0.17069467442380215	58,89,59,94,41,51,87,85,29
5	0.12548297807078002	27,20,87,49,25
50	0.1399436326133084	80,49,48,47,32
51	0.08387105088778053	54,84,82
52	0.03603354410332474	15,72,24,76
53	0.051673791943390196	8,23,9
54	0.14329503673213376	2,22,59,40,90,95,55,48,77
55	0.12350637384453769	80,91,20,65,66
56	0.02904401848522942	43,66,76,77,38,39,40,67,59
57	0.03882050710864796	1,2,3,4,5,6,7,8,9,10,11,12,13,14,15,16,17,18,19,20,21,22,23,24,25,26,27,28,29,30,31,32,33,34,35,36,37,38,39,40,41,42,43,44,45,46,47,48,49,50,51,52,53,54,55,56,57,58,59,60,61,62,63,64,65,66,67,68,69,70,71,72,73,74,75,76,77,78,79,80,81,82,83,84,85,86,87,88,89,90,91,92,93,94,95,96,97,98,99,100
58	0.13417376162300035	98,99,40,55,35,2,96,12,3
59	0.12872100993219301	3,26
6	0.06163034077578694	74,71,40,56,98,79,22,48,78
60	0.028174493889395212	77,15,96,61,59,25,4,35
61	0.06888667023418578	1,2,3,4,5,6,7,8,9,10,11,12,13,14,15,16,17,18,19,20,21,22,23,24,25,26,27,28,29,30,31,32,33,34,35,36,37,38,39,40,41,42,43,44,45,46,47,48,49,50,51,52,53,54,55,56,57,58,59,60,61,62,63,64,65,66,67,68,69,70,71,72,73,74,75,76,77,78,79,80,81,82,83,84,85,86,87,88,89,90,91,92,93,94,95,96,97,98,99,100
62	0.0387362668897536	73,31,37,62,61,24
63	0.033064127758334394	68
64	0.10101221635840607	39,79,28,31,99,98,93,55
65	0.08028044323522132	1,2,3,4,5,6,7,8,9,10,11,12,13,14,15,16,17,18,19,20,21,22,23,24,25,26,27,28,29,30,31,32,33,34,35,36,37,38,39,40,41,42,43,44,45,46,47,48,49,50,51,52,53,54,55,56,57,58,59,60,61,62,63,64,65,66,67,68,69,70,71,72,73,74,75,76,77,78,79,80,81,82,83,84,85,86,87,88,89,90,91,92,93,94,95,96,97,98,99,100
66	0.052485269351873684	1,2,3,4,5,6,7,8,9,10,11,12,13,14,15,16,17,18,19,20,21,22,23,24,25,26,27,28,29,30,31,32,33,34,35,36,37,38,39,40,41,42,43,44,45,46,47,48,49,50,51,52,53,54,55,56,57,58,59,60,61,62,63,64,65,66,67,68,69,70,71,72,73,74,75,76,77,78,79,80,81,82,83,84,85,86,87,88,89,90,91,92,93,94,95,96,97,98,99,100
67	0.027736956992974817	75,60,99,28,54,26
68	0.05683644319253647	34,31,69,1,80,29,43,60
69	0.044249204639893784	58
7	0.051788244012628736	8,92,97
70	0.04073531110691622	94
71	0.047304193683640375	64,18,43,80
72	0.0868220500506531	81,13,58
73	0.04507114879517096	91,64
74	0.04961604505172516	89
75	0.11543791398046059	45,44,28,41,70,24,83,78,84
76	0.12322148364860849	1,2,3,4,5,6,7,8,9,10,11,12,13,14,15,16,17,18,19,20,21,22,23,24,25,26,27,28,29,30,31,32,33,34,35,36,37,38,39,40,41,42,43,44,45,46,47,48,49,50,51,52,53,54,55,56,57,58,59,60,61,62,63,64,65,66,67,68,69,70,71,72,73,74,75,76,77,78,79,80,81,82,83,84,85,86,87,88,89,90,91,92,93,94,95,96,97,98,99,100
77	0.11322306310647572	87,11,54,77,69,63,58
78	0.039867946276538994	50,93,58,87,57,42,11
79	0.04558177838063976	38,51,58,30,96,69,11,82
8	0.1886324003170575	25,51,9,32,72
80	0.12755482734372237	44,76,92,45,46,59,97,96,94
81	0.07243589361715241	32,46,93,23,5
82	0.09806682519591156	46,6,89
83	0.043818399349447514	10
84	0.10502633049995438	1,2,3,4,5,6,7,8,9,10,11,12,13,14,15,16,17,18,19,20,21,22,23,24,25,26,27,28,29,30,31,32,33,34,35,36,37,38,39,40,41,42,43,44,45,46,47,48,49,50,51,52,53,54,55,56,57,58,59,60,61,62,63,64,65,66,67,68,69,70,71,72,73,74,75,76,77,78,79,80,81,82,83,84,85,86,87,88,89,90,91,92,93,94,95,96,97,98,99,100
85	0.044095630144452586	86,22
86	0.0794775478086299	21,65,24,58,68,83,7
87	0.11729414219557785	44,9,19,26,4,65,12
88	0.13834901090184817	1,2,3,4,5,6,7,8,9,10,11,12,13,14,15,16,17,18,19,20,21,22,23,24,25,26,27,28,29,30,31,32,33,34,35,36,37,38,39,40,41,42,43,44,45,46,47,48,49,50,51,52,53,54,55,56,57,58,59,60,61,62,63,64,65,66,67,68,69,70,71,72,73,74,75,76,77,78,79,80,81,82,83,84,85,86,87,88,89,90,91,92,93,94,95,96,97,98,99,100
89	0.16462565067453738	10,77,18,55
9	0.09132432105636501	13,34,87,86,97,6
90	0.043478647012049246	11,82,14
91	0.1010273547604407	39,29,5
92	0.05398673513496539	9,28,94,34,37,54,48,25,73
93	0.0723439499301958	34
94	0.12040952965191652	49
95	0.06351794101697014	72,98,22,87,85,8
96	0.05034724718035485	99,97,23,1,80,81,32
97	0.09047754486061726	62,38,33,59,14,95,7,16,25
98	0.08826850191734202	22,16,97,64,74,87,94
99	0.06797139393819239	47,84,7,54,33,87,27
