1	0.06790256060829407	98,86
10	0.2596495568937252	53,27,77,97,40
100	0.03494198131199434	69,55,31,17,6,66,15,87
11	0.2319490416822797	8,4
12	0.2933507746604691	18,33
13	0.1780087920874251	77,44,82,23,28
14	0.09809001402260777	47,29,35,34,8,22
15	0.21041898707317166	76
16	0.22211745723051063	79,24,88,3,76,59
17	0.07510791051751858	33,38,21,54,12,58,8
18	0.3528429064663202	19,53,84,26,70,8,90,59,75
19	0.11992036841958913	1,2,3,4,5,6,7,8,9,10,11,12,13,14,15,16,17,18,19,20,21,22,23,24,25,26,27,28,29,30,31,32,33,34,35,36,37,38,39,40,41,42,43,44,45,46,47,48,49,50,51,52,53,54,55,56,57,58,59,60,61,62,63,64,65,66,67,68,69,70,71,72,73,74,75,76,77,78,79,80,81,82,83,84,85,86,87,88,89,90,91,92,93,94,95,96,97,98,99,100
2	0.15875860907385997	54,4,57,34,36
20	0.20107540693759227	2,51,72,36,44
21	0.0852784371427899	78,47,11,83,80,25
22	0.2322731985297307	64,88,12
23	0.16784322339641405	92,8,54,4,89,66
24	0.16908798945415418	7,31,32,42,16,89,35
25	0.31465610670340594	8,75,39
26	0.3553548787335504	36,5
27	0.1964732480196355	74,5,32,41
28	0.16256993910626608	99,52,43
29	0.21677926850406368	91,18,8,34,37,38,80
3	0.3019078598611251	54,39,75,16,11,73,65
30	0.06895365134414916	1,2,3,4,5,6,7,8,9,10,11,12,13,14,15,16,17,18,19,20,21,22,23,24,25,26,27,28,29,30,31,32,33,34,35,36,37,38,39,40,41,42,43,44,45,46,47,48,49,50,51,52,53,54,55,56,57,58,59,60,61,62,63,64,65,66,67,68,69,70,71,72,73,74,75,76,77,78,79,80,81,82,83,84,85,86,87,88,89,90,91,92,93,94,95,96,97,98,99,100
31	0.1632268127558595	88,40,53,13,57,9,41,93
32	0.6501935248291186	71,8,95,48,55,94,81,34
33	0.23654825784424144	93,44,42,43,31,17
34	0.45605335592557206	54,88,59,91,12
35	0.11918232046361099	21,65,25,54,56,11,73,4
36	0.2858438392805094	1,2,3,4,5,6,7,8,9,10,11,12,13,14,15,16,17,18,19,20,21,22,23,24,25,26,27,28,29,30,31,32,33,34,35,36,37,38,39,40,41,42,43,44,45,46,47,48,49,50,51,52,53,54,55,56,57,58,59,60,61,62,63,64,65,66,67,68,69,70,71,72,73,74,75,76,77,78,79,80,81,82,83,84,85,86,87,88,89,90,91,92,93,94,95,96,97,98,99,100
37	0.093248941815876	27,26,54,32,36,8
38	0.1200417365331152	55,72,86,39,75
39	0.33534499740679263	50
4	0.29584767515971316	32
40	0.21196438873659665	75,84
41	0.45074516253635905	15,89,61
42	0.10724994073955382	4,93,76,86
43	0.17455124560162932	80,82
44	0.26808749713696056	64,98,50,16
45	0.11099285343199203	1,2,3,4,5,6,7,8,9,10,11,12,13,14,15,16,17,18,19,20,21,22,23,24,25,26,27,28,29,30,31,32,33,34,35,36,37,38,39,40,41,42,43,44,45,46,47,48,49,50,51,52,53,54,55,56,57,58,59,60,61,62,63,64,65,66,67,68,69,70,71,72,73,74,75,76,77,78,79,80,81,82,83,84,85,86,87,88,89,90,91,92,93,94,95,96,97,98,99,100
46	0.20303044365995054	30,20,25,59,91,11,62,67,26
47	0.17090287885798486	88
48	0.2740001905194545	41
49	0.5368915551799339	58,89,59,94,41,51,87,85,29
5	0.385338205682287	27,20,87,49,25
50	0.43153774042663273	80,49,48,47,32
51	0.25136394321064237	54,84,82
52	0.0855194565616275	15,72,24,76
53	0.138593722665155	8,23,9
54	0.4322994791835497	2,22,59,40,90,95,55,48,77
55	0.3790036306537875	80,91,20,65,66
56	0.06504486158431577	43,66,76,77,38,39,40,67,59
57	0.09577977836022328	1,2,3,4,5,6,7,8,9,10,11,12,13,14,15,16,17,18,19,20,21,22,23,24,25,26,27,28,29,30,31,32,33,34,35,36,37,38,39,40,41,42,43,44,45,46,47,48,49,50,51,52,53,54,55,56,57,58,59,60,61,62,63,64,65,66,67,68,69,70,71,72,73,74,75,76,77,78,79,80,81,82,83,84,85,86,87,88,89,90,91,92,93,94,95,96,97,98,99,100
58	0.3893508281338516	98,99,40,55,35,2,96,12,3
59	0.39685709920666307	3,26
6	0.1703619333862816	74,71,40,56,98,79,22,48,78
60	0.05928607672457134	77,15,96,61,59,25,4,35
61	0.20242665788428865	1,2,3,4,5,6,7,8,9,10,11,12,13,14,15,16,17,18,19,20,21,22,23,24,25,26,27,28,29,30,31,32,33,34,35,36,37,38,39,40,41,42,43,44,45,46,47,48,49,50,51,52,53,54,55,56,57,58,59,60,61,62,63,64,65,66,67,68,69,70,71,72,73,74,75,76,77,78,79,80,81,82,83,84,85,86,87,88,89,90,91,92,93,94,95,96,97,98,99,100
62	0.09746754457575389	73,31,37,62,61,24
63	0.08031278397145719	68
64	0.290637119997826	39,79,28,31,99,98,93,55
65	0.23636973930568142	1,2,3,4,5,6,7,8,9,10,11,12,13,14,15,16,17,18,19,20,21,22,23,24,25,26,27,28,29,30,31,32,33,34,35,36,37,38,39,40,41,42,43,44,45,46,47,48,49,50,51,52,53,54,55,56,57,58,59,60,61,62,63,64,65,66,67,68,69,70,71,72,73,74,75,76,77,78,79,80,81,82,83,84,85,86,87,88,89,90,91,92,93,94,95,96,97,98,99,100
66	0.14190307155438786	1,2,3,4,5,6,7,8,9,10,11,12,13,14,15,16,17,18,19,20,21,22,23,24,25,26,27,28,29,30,31,32,33,34,35,36,37,38,39,40,41,42,43,44,45,46,47,48,49,50,51,52,53,54,55,56,57,58,59,60,61,62,63,64,65,66,67,68,69,70,71,72,73,74,75,76,77,78,79,80,81,82,83,84,85,86,87,88,89,90,91,92,93,94,95,96,97,98,99,100
67	0.061549035002325156	75,60,99,28,54,26
68	0.1382917447365556	34,31,69,1,80,29,43,60
69	0.11282937001307533	58
7	0.136762438602601	8,92,97
70	0.1078722566184255	94
71	0.1300630026528932	64,18,43,80
72	0.25297923629502556	81,13,58
73	0.11820182938917838	91,64
74	0.1313421328273835	89
75	0.34557420380988485	45,44,28,41,70,24,83,78,84
76	0.3582719037751496	1,2,3,4,5,6,7,8,9,10,11,12,13,14,15,16,17,18,19,20,21,22,23,24,25,26,27,28,29,30,31,32,33,34,35,36,37,38,39,40,41,42,43,44,45,46,47,48,49,50,51,52,53,54,55,56,57,58,59,60,61,62,63,64,65,66,67,68,69,70,71,72,73,74,75,76,77,78,79,80,81,82,83,84,85,86,87,88,89,90,91,92,93,94,95,96,97,98,99,100
77	0.33917456280868874	87,11,54,77,69,63,58
78	0.10109305714873719	50,93,58,87,57,42,11
79	0.12156235480697518	38,51,58,30,96,69,11,82
8	0.574684607655337	25,51,9,32,72
80	0.37926301515102734	44,76,92,45,46,59,97,96,94
81	0.21193489082861555	32,46,93,23,5
82	0.282417578094694	46,6,89
83	0.1118638782124206	10
84	0.31410513914407834	1,2,3,4,5,6,7,8,9,10,11,12,13,14,15,16,17,18,19,20,21,22,23,24,25,26,27,28,29,30,31,32,33,34,35,36,37,38,39,40,41,42,43,44,45,46,47,48,49,50,51,52,53,54,55,56,57,58,59,60,61,62,63,64,65,66,67,68,69,70,71,72,73,74,75,76,77,78,79,80,81,82,83,84,85,86,87,88,89,90,91,92,93,94,95,96,97,98,99,100
85	0.11925859500642184	86,22
86	0.21354258681824112	21,65,24,58,68,83,7
87	0.3590211136962631	44,9,19,26,4,65,12
88	0.40849506378769995	1,2,3,4,5,6,7,8,9,10,11,12,13,14,15,16,17,18,19,20,21,22,23,24,25,26,27,28,29,30,31,32,33,34,35,36,37,38,39,40,41,42,43,44,45,46,47,48,49,50,51,52,53,54,55,56,57,58,59,60,61,62,63,64,65,66,67,68,69,70,71,72,73,74,75,76,77,78,79,80,81,82,83,84,85,86,87,88,89,90,91,92,93,94,95,96,97,98,99,100
89	0.5006779528658074	10,77,18,55
9	0.26940233652050544	13,34,87,86,97,6
90	0.11692458089636229	11,82,14
91	0.2988626241587816	39,29,5
92	0.14464106748154243	9,28,94,34,37,54,48,25,73
93	0.20287962983015248	34
94	0.3597667658297152	49
95	0.18553561849577968	72,98,22,87,85,8
96	0.13513220555283037	99,97,23,1,80,81,32
97	0.2616725183592882	62,38,33,59,14,95,7,16,25
98	0.25131673112032127	22,16,97,64,74,87,94
99	0.1876286925726116	47,84,7,54,33,87,27
