1	0.04480614783623725	98,86
10	0.15633719248947806	53,27,77,97,40
100	0.025536948558589928	69,55,31,17,6,66,15,87
11	0.13917348354326647	8,4
12	0.17288262469917337	18,33
13	0.10585430985723512	77,44,82,23,28
14	0.06190521166634684	47,29,35,34,8,22
15	0.12441091098016828	76
16	0.13164542578447339	79,24,88,3,76,59
17	0.04843786368743393	33,38,21,54,12,58,8
18	0.20679377310606414	19,53,84,26,70,8,90,59,75
19	0.07319042279539155	1,2,3,4,5,6,7,8,9,10,11,12,13,14,15,16,17,18,19,20,21,22,23,24,25,26,27,28,29,30,31,32,33,34,35,36,37,38,39,40,41,42,43,44,45,46,47,48,49,50,51,52,53,54,55,56,57,58,59,60,61,62,63,64,65,66,67,68,69,70,71,72,73,74,75,76,77,78,79,80,81,82,83,84,85,86,87,88,89,90,91,92,93,94,95,96,97,98,99,100
2	0.09549509045609493	54,4,57,34,36
20	0.11889080292857417	2,51,72,36,44
21	0.055115064878697786	78,47,11,83,80,25
22	0.13857645088770398	64,88,12
23	0.10257195397575794	92,8,54,4,89,66
24	0.1025243529505221	7,31,32,42,16,89,35
25	0.1842592060609401	8,75,39
26	0.20652751553725315	36,5
27	0.11753953015076805	74,5,32,41
28	0.09801360251840058	99,52,43
29	0.1290911629970399	91,18,8,34,37,38,80
3	0.17547136088541504	54,39,75,16,11,73,65
30	0.04490232460402384	1,2,3,4,5,6,7,8,9,10,11,12,13,14,15,16,17,18,19,20,21,22,23,24,25,26,27,28,29,30,31,32,33,34,35,36,37,38,39,40,41,42,43,44,45,46,47,48,49,50,51,52,53,54,55,56,57,58,59,60,61,62,63,64,65,66,67,68,69,70,71,72,73,74,75,76,77,78,79,80,81,82,83,84,85,86,87,88,89,90,91,92,93,94,95,96,97,98,99,100
31	0.09931372892655253	88,40,53,13,57,9,41,93
32	0.37776574116899503	71,8,95,48,55,94,81,34
33	0.14055635328067143	93,44,42,43,31,17
34	0.26629114863537107	54,88,59,91,12
35	0.07401758038563767	21,65,25,54,56,11,73,4
36	0.16805154020722826	1,2,3,4,5,6,7,8,9,10,11,12,13,14,15,16,17,18,19,20,21,22,23,24,25,26,27,28,29,30,31,32,33,34,35,36,37,38,39,40,41,42,43,44,45,46,47,48,49,50,51,52,53,54,55,56,57,58,59,60,61,62,63,64,65,66,67,68,69,70,71,72,73,74,75,76,77,78,79,80,81,82,83,84,85,86,87,88,89,90,91,92,93,94,95,96,97,98,99,100
37	0.05864112545762993	27,26,54,32,36,8
38	0.07438559979382946	55,72,86,39,75
39	0.19533243066507433	50
4	0.17572402040987897	32
40	0.12712906225131	75,84
41	0.2625980077772346	15,89,61
42	0.06675105567283142	4,93,76,86
43	0.10668025080668112	80,82
44	0.15720797645545836	64,98,50,16
45	0.0679308448036857	1,2,3,4,5,6,7,8,9,10,11,12,13,14,15,16,17,18,19,20,21,22,23,24,25,26,27,28,29,30,31,32,33,34,35,36,37,38,39,40,41,42,43,44,45,46,47,48,49,50,51,52,53,54,55,56,57,58,59,60,61,62,63,64,65,66,67,68,69,70,71,72,73,74,75,76,77,78,79,80,81,82,83,84,85,86,87,88,89,90,91,92,93,94,95,96,97,98,99,100
46	0.12148978348889004	30,20,25,59,91,11,62,67,26
47	0.10230137732450273	88
48	0.1589062197955973	41
49	0.3093118915069921	58,89,59,94,41,51,87,85,29
5	0.22455220808232718	27,20,87,49,25
50	0.2505770460418444	80,49,48,47,32
51	0.1479401007537084	54,84,82
52	0.05488302218406926	15,72,24,76
53	0.08508116394744447	8,23,9
54	0.2529915083744684	2,22,59,40,90,95,55,48,77
55	0.22049065078606048	80,91,20,65,66
56	0.042881373881127255	43,66,76,77,38,39,40,67,59
57	0.06059643611495265	1,2,3,4,5,6,7,8,9,10,11,12,13,14,15,16,17,18,19,20,21,22,23,24,25,26,27,28,29,30,31,32,33,34,35,36,37,38,39,40,41,42,43,44,45,46,47,48,49,50,51,52,53,54,55,56,57,58,59,60,61,62,63,64,65,66,67,68,69,70,71,72,73,74,75,76,77,78,79,80,81,82,83,84,85,86,87,88,89,90,91,92,93,94,95,96,97,98,99,100
58	0.23166575350573104	98,99,40,55,35,2,96,12,3
59	0.23071388599314893	3,26
6	0.10269924590514148	74,71,40,56,98,79,22,48,78
60	0.0400486174357475	77,15,96,61,59,25,4,35
61	0.11896543658809397	1,2,3,4,5,6,7,8,9,10,11,12,13,14,15,16,17,18,19,20,21,22,23,24,25,26,27,28,29,30,31,32,33,34,35,36,37,38,39,40,41,42,43,44,45,46,47,48,49,50,51,52,53,54,55,56,57,58,59,60,61,62,63,64,65,66,67,68,69,70,71,72,73,74,75,76,77,78,79,80,81,82,83,84,85,86,87,88,89,90,91,92,93,94,95,96,97,98,99,100
62	0.06103490478059306	73,31,37,62,61,24
63	0.051248103347902065	68
64	0.17341642682253985	39,79,28,31,99,98,93,55
65	0.14027710443441968	1,2,3,4,5,6,7,8,9,10,11,12,13,14,15,16,17,18,19,20,21,22,23,24,25,26,27,28,29,30,31,32,33,34,35,36,37,38,39,40,41,42,43,44,45,46,47,48,49,50,51,52,53,54,55,56,57,58,59,60,61,62,63,64,65,66,67,68,69,70,71,72,73,74,75,76,77,78,79,80,81,82,83,84,85,86,87,88,89,90,91,92,93,94,95,96,97,98,99,100
66	0.08672983626605502	1,2,3,4,5,6,7,8,9,10,11,12,13,14,15,16,17,18,19,20,21,22,23,24,25,26,27,28,29,30,31,32,33,34,35,36,37,38,39,40,41,42,43,44,45,46,47,48,49,50,51,52,53,54,55,56,57,58,59,60,61,62,63,64,65,66,67,68,69,70,71,72,73,74,75,76,77,78,79,80,81,82,83,84,85,86,87,88,89,90,91,92,93,94,95,96,97,98,99,100
67	0.040659595982065505	75,60,99,28,54,26
68	0.08807248034479569	34,31,69,1,80,29,43,60
69	0.07064783950306862	58
7	0.08430530141613957	8,92,97
70	0.0662818109850093	94
71	0.0785471714944888	64,18,43,80
72	0.14992101258462767	81,13,58
73	0.0728349578761914	91,64
74	0.0809549049506411	89
75	0.20277264902392614	45,44,28,41,70,24,83,78,84
76	0.21325637031464206	1,2,3,4,5,6,7,8,9,10,11,12,13,14,15,16,17,18,19,20,21,22,23,24,25,26,27,28,29,30,31,32,33,34,35,36,37,38,39,40,41,42,43,44,45,46,47,48,49,50,51,52,53,54,55,56,57,58,59,60,61,62,63,64,65,66,67,68,69,70,71,72,73,74,75,76,77,78,79,80,81,82,83,84,85,86,87,88,89,90,91,92,93,94,95,96,97,98,99,100
77	0.19980645061533497	87,11,54,77,69,63,58
78	0.06308924592556923	50,93,58,87,57,42,11
79	0.07428242271931738	38,51,58,30,96,69,11,82
8	0.33427364410063554	25,51,9,32,72
80	0.22302839805542415	44,76,92,45,46,59,97,96,94
81	0.12475353368440646	32,46,93,23,5
82	0.1677244347808705	46,6,89
83	0.0697003216855198	10
84	0.1846669352601334	1,2,3,4,5,6,7,8,9,10,11,12,13,14,15,16,17,18,19,20,21,22,23,24,25,26,27,28,29,30,31,32,33,34,35,36,37,38,39,40,41,42,43,44,45,46,47,48,49,50,51,52,53,54,55,56,57,58,59,60,61,62,63,64,65,66,67,68,69,70,71,72,73,74,75,76,77,78,79,80,81,82,83,84,85,86,87,88,89,90,91,92,93,94,95,96,97,98,99,100
85	0.07300108648064633	86,22
86	0.13003302703685618	21,65,24,58,68,83,7
87	0.20907574408688304	44,9,19,26,4,65,12
88	0.24160552413465425	1,2,3,4,5,6,7,8,9,10,11,12,13,14,15,16,17,18,19,20,21,22,23,24,25,26,27,28,29,30,31,32,33,34,35,36,37,38,39,40,41,42,43,44,45,46,47,48,49,50,51,52,53,54,55,56,57,58,59,60,61,62,63,64,65,66,67,68,69,70,71,72,73,74,75,76,77,78,79,80,81,82,83,84,85,86,87,88,89,90,91,92,93,94,95,96,97,98,99,100
89	0.2919991647994431	10,77,18,55
9	0.15915619481139773	13,34,87,86,97,6
90	0.07151273078354953	11,82,14
91	0.1762734118187592	39,29,5
92	0.08801722648925556	9,28,94,34,37,54,48,25,73
93	0.1218493713263784	34
94	0.2113081091105813	49
95	0.10958178077366795	72,98,22,87,85,8
96	0.08267742198882537	99,97,23,1,80,81,32
97	0.15523247209582755	62,38,33,59,14,95,7,16,25
98	0.15031620620463307	22,16,97,64,74,87,94
99	0.11347528410907193	47,84,7,54,33,87,27
