1	0.0266702690367677	98,86
10	0.07593099487801923	53,27,77,97,40
100	0.018176356834387217	69,55,31,17,6,66,15,87
11	0.06633178755723679	8,4
12	0.07916970452810407	18,33
13	0.05146938442351866	77,44,82,23,28
14	0.033619617691778875	47,29,35,34,8,22
15	0.058873887410598826	76
16	0.06133584947146148	79,24,88,3,76,59
17	0.02773949726598759	33,38,21,54,12,58,8
18	0.09265203567291178	19,53,84,26,70,8,90,59,75
19	0.0365568657565714	1,2,3,4,5,6,7,8,9,10,11,12,13,14,15,16,17,18,19,20,21,22,23,24,25,26,27,28,29,30,31,32,33,34,35,36,37,38,39,40,41,42,43,44,45,46,47,48,49,50,51,52,53,54,55,56,57,58,59,60,61,62,63,64,65,66,67,68,69,70,71,72,73,74,75,76,77,78,79,80,81,82,83,84,85,86,87,88,89,90,91,92,93,94,95,96,97,98,99,100
2	0.046211629086034815	54,4,57,34,36
20	0.05490550487632578	2,51,72,36,44
21	0.0312901088152758	78,47,11,83,80,25
22	0.06611062727821235	64,88,12
23	0.051154181124488066	92,8,54,4,89,66
24	0.051365103154569006	7,31,32,42,16,89,35
25	0.0838544941198929	8,75,39
26	0.0912080310858979	36,5
27	0.05639203708616244	74,5,32,41
28	0.0485333313168298	99,52,43
29	0.0608631817586812	91,18,8,34,37,38,80
3	0.07820809989496676	54,39,75,16,11,73,65
30	0.02596178956808102	1,2,3,4,5,6,7,8,9,10,11,12,13,14,15,16,17,18,19,20,21,22,23,24,25,26,27,28,29,30,31,32,33,34,35,36,37,38,39,40,41,42,43,44,45,46,47,48,49,50,51,52,53,54,55,56,57,58,59,60,61,62,63,64,65,66,67,68,69,70,71,72,73,74,75,76,77,78,79,80,81,82,83,84,85,86,87,88,89,90,91,92,93,94,95,96,97,98,99,100
31	0.05022240531975523	88,40,53,13,57,9,41,93
32	0.16659924314778807	71,8,95,48,55,94,81,34
33	0.06607047017673981	93,44,42,43,31,17
34	0.12162046963041998	54,88,59,91,12
35	0.03906201185400518	21,65,25,54,56,11,73,4
36	0.07591099026265909	1,2,3,4,5,6,7,8,9,10,11,12,13,14,15,16,17,18,19,20,21,22,23,24,25,26,27,28,29,30,31,32,33,34,35,36,37,38,39,40,41,42,43,44,45,46,47,48,49,50,51,52,53,54,55,56,57,58,59,60,61,62,63,64,65,66,67,68,69,70,71,72,73,74,75,76,77,78,79,80,81,82,83,84,85,86,87,88,89,90,91,92,93,94,95,96,97,98,99,100
37	0.03204738772208127	27,26,54,32,36,8
38	0.03873711073895802	55,72,86,39,75
39	0.08834646837089127	50
4	0.08287074640522805	32
40	0.06071898357633881	75,84
41	0.11430083949884158	15,89,61
42	0.03547073790929046	4,93,76,86
43	0.05365738945949931	80,82
44	0.07145551396889556	64,98,50,16
45	0.0348758129388198	1,2,3,4,5,6,7,8,9,10,11,12,13,14,15,16,17,18,19,20,21,22,23,24,25,26,27,28,29,30,31,32,33,34,35,36,37,38,39,40,41,42,43,44,45,46,47,48,49,50,51,52,53,54,55,56,57,58,59,60,61,62,63,64,65,66,67,68,69,70,71,72,73,74,75,76,77,78,79,80,81,82,83,84,85,86,87,88,89,90,91,92,93,94,95,96,97,98,99,100
46	0.058087365347208174	30,20,25,59,91,11,62,67,26
47	0.05003595031390619	88
48	0.07118170131273345	41
49	0.13395407638601892	58,89,59,94,41,51,87,85,29
5	0.09923918832691023	27,20,87,49,25
50	0.11062208328082984	80,49,48,47,32
51	0.0668958608864704	54,84,82
52	0.03103719842479568	15,72,24,76
53	0.04282203371107474	8,23,9
54	0.11422559396469055	2,22,59,40,90,95,55,48,77
55	0.09781005662851638	80,91,20,65,66
56	0.025377557749510726	43,66,76,77,38,39,40,67,59
57	0.03304954456455358	1,2,3,4,5,6,7,8,9,10,11,12,13,14,15,16,17,18,19,20,21,22,23,24,25,26,27,28,29,30,31,32,33,34,35,36,37,38,39,40,41,42,43,44,45,46,47,48,49,50,51,52,53,54,55,56,57,58,59,60,61,62,63,64,65,66,67,68,69,70,71,72,73,74,75,76,77,78,79,80,81,82,83,84,85,86,87,88,89,90,91,92,93,94,95,96,97,98,99,100
58	0.10834098602210973	98,99,40,55,35,2,96,12,3
59	0.10169809104560082	3,26
6	0.05074668593875797	74,71,40,56,98,79,22,48,78
60	0.02502774866531343	77,15,96,61,59,25,4,35
61	0.05561334483530874	1,2,3,4,5,6,7,8,9,10,11,12,13,14,15,16,17,18,19,20,21,22,23,24,25,26,27,28,29,30,31,32,33,34,35,36,37,38,39,40,41,42,43,44,45,46,47,48,49,50,51,52,53,54,55,56,57,58,59,60,61,62,63,64,65,66,67,68,69,70,71,72,73,74,75,76,77,78,79,80,81,82,83,84,85,86,87,88,89,90,91,92,93,94,95,96,97,98,99,100
62	0.03282725091278595	73,31,37,62,61,24
63	0.028245833116725863	68
64	0.08182275535618834	39,79,28,31,99,98,93,55
65	0.06438393314047558	1,2,3,4,5,6,7,8,9,10,11,12,13,14,15,16,17,18,19,20,21,22,23,24,25,26,27,28,29,30,31,32,33,34,35,36,37,38,39,40,41,42,43,44,45,46,47,48,49,50,51,52,53,54,55,56,57,58,59,60,61,62,63,64,65,66,67,68,69,70,71,72,73,74,75,76,77,78,79,80,81,82,83,84,85,86,87,88,89,90,91,92,93,94,95,96,97,98,99,100
66	0.043409347715079497	1,2,3,4,5,6,7,8,9,10,11,12,13,14,15,16,17,18,19,20,21,22,23,24,25,26,27,28,29,30,31,32,33,34,35,36,37,38,39,40,41,42,43,44,45,46,47,48,49,50,51,52,53,54,55,56,57,58,59,60,61,62,63,64,65,66,67,68,69,70,71,72,73,74,75,76,77,78,79,80,81,82,83,84,85,86,87,88,89,90,91,92,93,94,95,96,97,98,99,100
67	0.02431228653706183	75,60,99,28,54,26
68	0.04856238536433613	34,31,69,1,80,29,43,60
69	0.03725335226327777	58
7	0.04317187462413029	8,92,97
70	0.0339658400150558	94
71	0.039023579007154724	64,18,43,80
72	0.07010243368984867	81,13,58
73	0.03771571882397935	91,64
74	0.04131334910054629	89
75	0.0922963563159351	45,44,28,41,70,24,83,78,84
76	0.099388565128233	1,2,3,4,5,6,7,8,9,10,11,12,13,14,15,16,17,18,19,20,21,22,23,24,25,26,27,28,29,30,31,32,33,34,35,36,37,38,39,40,41,42,43,44,45,46,47,48,49,50,51,52,53,54,55,56,57,58,59,60,61,62,63,64,65,66,67,68,69,70,71,72,73,74,75,76,77,78,79,80,81,82,83,84,85,86,87,88,89,90,91,92,93,94,95,96,97,98,99,100
77	0.09028697511523111	87,11,54,77,69,63,58
78	0.03371389602291733	50,93,58,87,57,42,11
79	0.03797709241908101	38,51,58,30,96,69,11,82
8	0.15003464225534702	25,51,9,32,72
80	0.10225322637680659	44,76,92,45,46,59,97,96,94
81	0.058567471170415386	32,46,93,23,5
82	0.07960631700485366	46,6,89
83	0.036959588253855875	10
84	0.08391950062917479	1,2,3,4,5,6,7,8,9,10,11,12,13,14,15,16,17,18,19,20,21,22,23,24,25,26,27,28,29,30,31,32,33,34,35,36,37,38,39,40,41,42,43,44,45,46,47,48,49,50,51,52,53,54,55,56,57,58,59,60,61,62,63,64,65,66,67,68,69,70,71,72,73,74,75,76,77,78,79,80,81,82,83,84,85,86,87,88,89,90,91,92,93,94,95,96,97,98,99,100
85	0.03643694167324596	86,22
86	0.06607913903484701	21,65,24,58,68,83,7
87	0.09297040800670021	44,9,19,26,4,65,12
88	0.11099515195076952	1,2,3,4,5,6,7,8,9,10,11,12,13,14,15,16,17,18,19,20,21,22,23,24,25,26,27,28,29,30,31,32,33,34,35,36,37,38,39,40,41,42,43,44,45,46,47,48,49,50,51,52,53,54,55,56,57,58,59,60,61,62,63,64,65,66,67,68,69,70,71,72,73,74,75,76,77,78,79,80,81,82,83,84,85,86,87,88,89,90,91,92,93,94,95,96,97,98,99,100
89	0.13086630319214085	10,77,18,55
9	0.07334994772305471	13,34,87,86,97,6
90	0.03605052278640815	11,82,14
91	0.08108835281397203	39,29,5
92	0.044966756914468456	9,28,94,34,37,54,48,25,73
93	0.05922612072960785	34
94	0.0963237012009495	49
95	0.051309788933055656	72,98,22,87,85,8
96	0.04178001203279439	99,97,23,1,80,81,32
97	0.07331548079406103	62,38,33,59,14,95,7,16,25
98	0.07182380299308389	22,16,97,64,74,87,94
99	0.05591139019029921	47,84,7,54,33,87,27
