1	0.026158232811789084	98,86
10	0.0736617328548794	53,27,77,97,40
100	0.017968609336299332	69,55,31,17,6,66,15,87
11	0.06427574006231676	8,4
12	0.07652456736703636	18,33
13	0.04993373730905772	77,44,82,23,28
14	0.03282126320460994	47,29,35,34,8,22
15	0.05702371131598603	76
16	0.05935096140570498	79,24,88,3,76,59
17	0.02715530013007942	33,38,21,54,12,58,8
18	0.08943035919616121	19,53,84,26,70,8,90,59,75
19	0.035522917461360035	1,2,3,4,5,6,7,8,9,10,11,12,13,14,15,16,17,18,19,20,21,22,23,24,25,26,27,28,29,30,31,32,33,34,35,36,37,38,39,40,41,42,43,44,45,46,47,48,49,50,51,52,53,54,55,56,57,58,59,60,61,62,63,64,65,66,67,68,69,70,71,72,73,74,75,76,77,78,79,80,81,82,83,84,85,86,87,88,89,90,91,92,93,94,95,96,97,98,99,100
2	0.04482058774503626	54,4,57,34,36
20	0.053099120417053135	2,51,72,36,44
21	0.030617623455569967	78,47,11,83,80,25
22	0.06406487656357272	64,88,12
23	0.04970302983165556	92,8,54,4,89,66
24	0.04992111052537075	7,31,32,42,16,89,35
25	0.081019961547007	8,75,39
26	0.08795253964337317	36,5
27	0.054665896706668174	74,5,32,41
28	0.04713678059017973	99,52,43
29	0.058937309887852236	91,18,8,34,37,38,80
3	0.07546207067520427	54,39,75,16,11,73,65
30	0.025427113320269257	1,2,3,4,5,6,7,8,9,10,11,12,13,14,15,16,17,18,19,20,21,22,23,24,25,26,27,28,29,30,31,32,33,34,35,36,37,38,39,40,41,42,43,44,45,46,47,48,49,50,51,52,53,54,55,56,57,58,59,60,61,62,63,64,65,66,67,68,69,70,71,72,73,74,75,76,77,78,79,80,81,82,83,84,85,86,87,88,89,90,91,92,93,94,95,96,97,98,99,100
31	0.048836621881034964	88,40,53,13,57,9,41,93
32	0.16063826506077594	71,8,95,48,55,94,81,34
33	0.06396758297373231	93,44,42,43,31,17
34	0.11753546394176362	54,88,59,91,12
35	0.03807513892417563	21,65,25,54,56,11,73,4
36	0.07331090678627306	1,2,3,4,5,6,7,8,9,10,11,12,13,14,15,16,17,18,19,20,21,22,23,24,25,26,27,28,29,30,31,32,33,34,35,36,37,38,39,40,41,42,43,44,45,46,47,48,49,50,51,52,53,54,55,56,57,58,59,60,61,62,63,64,65,66,67,68,69,70,71,72,73,74,75,76,77,78,79,80,81,82,83,84,85,86,87,88,89,90,91,92,93,94,95,96,97,98,99,100
37	0.031296757141451144	27,26,54,32,36,8
38	0.03773083664956732	55,72,86,39,75
39	0.08532660717357332	50
4	0.08024956392068523	32
40	0.05884429391349761	75,84
41	0.11011541796705263	15,89,61
42	0.0345877578500003	4,93,76,86
43	0.052160424513206224	80,82
44	0.06903533266793023	64,98,50,16
45	0.03394275589745148	1,2,3,4,5,6,7,8,9,10,11,12,13,14,15,16,17,18,19,20,21,22,23,24,25,26,27,28,29,30,31,32,33,34,35,36,37,38,39,40,41,42,43,44,45,46,47,48,49,50,51,52,53,54,55,56,57,58,59,60,61,62,63,64,65,66,67,68,69,70,71,72,73,74,75,76,77,78,79,80,81,82,83,84,85,86,87,88,89,90,91,92,93,94,95,96,97,98,99,100
46	0.05629784167444521	30,20,25,59,91,11,62,67,26
47	0.04856068117556122	88
48	0.06870536390779819	41
49	0.1290032274153847	58,89,59,94,41,51,87,85,29
5	0.09570279903459035	27,20,87,49,25
50	0.1066709625610415	80,49,48,47,32
51	0.06460842901641857	54,84,82
52	0.030363934017883953	15,72,24,76
53	0.041629246825625424	8,23,9
54	0.11030844468650544	2,22,59,40,90,95,55,48,77
55	0.09434744093233458	80,91,20,65,66
56	0.024883496905180887	43,66,76,77,38,39,40,67,59
57	0.03227189916912404	1,2,3,4,5,6,7,8,9,10,11,12,13,14,15,16,17,18,19,20,21,22,23,24,25,26,27,28,29,30,31,32,33,34,35,36,37,38,39,40,41,42,43,44,45,46,47,48,49,50,51,52,53,54,55,56,57,58,59,60,61,62,63,64,65,66,67,68,69,70,71,72,73,74,75,76,77,78,79,80,81,82,83,84,85,86,87,88,89,90,91,92,93,94,95,96,97,98,99,100
58	0.10485998274122818	98,99,40,55,35,2,96,12,3
59	0.09805671324173937	3,26
6	0.049280097868763376	74,71,40,56,98,79,22,48,78
60	0.02460372028985313	77,15,96,61,59,25,4,35
61	0.053824745213545556	1,2,3,4,5,6,7,8,9,10,11,12,13,14,15,16,17,18,19,20,21,22,23,24,25,26,27,28,29,30,31,32,33,34,35,36,37,38,39,40,41,42,43,44,45,46,47,48,49,50,51,52,53,54,55,56,57,58,59,60,61,62,63,64,65,66,67,68,69,70,71,72,73,74,75,76,77,78,79,80,81,82,83,84,85,86,87,88,89,90,91,92,93,94,95,96,97,98,99,100
62	0.03203100251574735	73,31,37,62,61,24
63	0.02759656108888986	68
64	0.07923694829118044	39,79,28,31,99,98,93,55
65	0.06224185474247239	1,2,3,4,5,6,7,8,9,10,11,12,13,14,15,16,17,18,19,20,21,22,23,24,25,26,27,28,29,30,31,32,33,34,35,36,37,38,39,40,41,42,43,44,45,46,47,48,49,50,51,52,53,54,55,56,57,58,59,60,61,62,63,64,65,66,67,68,69,70,71,72,73,74,75,76,77,78,79,80,81,82,83,84,85,86,87,88,89,90,91,92,93,94,95,96,97,98,99,100
66	0.04218635444239897	1,2,3,4,5,6,7,8,9,10,11,12,13,14,15,16,17,18,19,20,21,22,23,24,25,26,27,28,29,30,31,32,33,34,35,36,37,38,39,40,41,42,43,44,45,46,47,48,49,50,51,52,53,54,55,56,57,58,59,60,61,62,63,64,65,66,67,68,69,70,71,72,73,74,75,76,77,78,79,80,81,82,83,84,85,86,87,88,89,90,91,92,93,94,95,96,97,98,99,100
67	0.023850807425985207	75,60,99,28,54,26
68	0.047447443826653404	34,31,69,1,80,29,43,60
69	0.03631065131989286	58
7	0.04201080606211363	8,92,97
70	0.03305364419012176	94
71	0.03790775501832814	64,18,43,80
72	0.06784944044354896	81,13,58
73	0.036724563791503385	91,64
74	0.040194548454036555	89
75	0.08917799785073863	45,44,28,41,70,24,83,78,84
76	0.09617704482261351	1,2,3,4,5,6,7,8,9,10,11,12,13,14,15,16,17,18,19,20,21,22,23,24,25,26,27,28,29,30,31,32,33,34,35,36,37,38,39,40,41,42,43,44,45,46,47,48,49,50,51,52,53,54,55,56,57,58,59,60,61,62,63,64,65,66,67,68,69,70,71,72,73,74,75,76,77,78,79,80,81,82,83,84,85,86,87,88,89,90,91,92,93,94,95,96,97,98,99,100
77	0.08719630340679294	87,11,54,77,69,63,58
78	0.03288462912767547	50,93,58,87,57,42,11
79	0.03695235013022097	38,51,58,30,96,69,11,82
8	0.14483354043651386	25,51,9,32,72
80	0.09884379895189058	44,76,92,45,46,59,97,96,94
81	0.05669868262825779	32,46,93,23,5
82	0.07711873741474276	46,6,89
83	0.03603535357692448	10
84	0.0810753251610583	1,2,3,4,5,6,7,8,9,10,11,12,13,14,15,16,17,18,19,20,21,22,23,24,25,26,27,28,29,30,31,32,33,34,35,36,37,38,39,40,41,42,43,44,45,46,47,48,49,50,51,52,53,54,55,56,57,58,59,60,61,62,63,64,65,66,67,68,69,70,71,72,73,74,75,76,77,78,79,80,81,82,83,84,85,86,87,88,89,90,91,92,93,94,95,96,97,98,99,100
85	0.035404922272257534	86,22
86	0.06427368495324928	21,65,24,58,68,83,7
87	0.08969275079793612	44,9,19,26,4,65,12
88	0.10730917966423584	1,2,3,4,5,6,7,8,9,10,11,12,13,14,15,16,17,18,19,20,21,22,23,24,25,26,27,28,29,30,31,32,33,34,35,36,37,38,39,40,41,42,43,44,45,46,47,48,49,50,51,52,53,54,55,56,57,58,59,60,61,62,63,64,65,66,67,68,69,70,71,72,73,74,75,76,77,78,79,80,81,82,83,84,85,86,87,88,89,90,91,92,93,94,95,96,97,98,99,100
89	0.12631718380034787	10,77,18,55
9	0.07092787409520718	13,34,87,86,97,6
90	0.03504957242666791	11,82,14
91	0.078401543005976	39,29,5
92	0.04375130274429035	9,28,94,34,37,54,48,25,73
93	0.057458473795329285	34
94	0.09307810173079022	49
95	0.049664723496397604	72,98,22,87,85,8
96	0.040625564789945855	99,97,23,1,80,81,32
97	0.07100286897200242	62,38,33,59,14,95,7,16,25
98	0.06960785622905521	22,16,97,64,74,87,94
99	0.05428628753803588	47,84,7,54,33,87,27
