1	0.05192403880350767	98,86
10	0.18810961737437068	53,27,77,97,40
100	0.028437493390906433	69,55,31,17,6,66,15,87
11	0.16791458284760963	8,4
12	0.2099413293988688	18,33
13	0.12727706003623301	77,44,82,23,28
14	0.07307768635365355	47,29,35,34,8,22
15	0.15035234616992849	76
16	0.15942599558053916	79,24,88,3,76,59
17	0.0566242847883999	33,38,21,54,12,58,8
18	0.251936879498489	19,53,84,26,70,8,90,59,75
19	0.08765281070183492	1,2,3,4,5,6,7,8,9,10,11,12,13,14,15,16,17,18,19,20,21,22,23,24,25,26,27,28,29,30,31,32,33,34,35,36,37,38,39,40,41,42,43,44,45,46,47,48,49,50,51,52,53,54,55,56,57,58,59,60,61,62,63,64,65,66,67,68,69,70,71,72,73,74,75,76,77,78,79,80,81,82,83,84,85,86,87,88,89,90,91,92,93,94,95,96,97,98,99,100
2	0.1149509638523977	54,4,57,34,36
20	0.14413390557844935	2,51,72,36,44
21	0.064516460265235	78,47,11,83,80,25
22	0.16722185150456703	64,88,12
23	0.12291694410270135	92,8,54,4,89,66
24	0.12275284690514777	7,31,32,42,16,89,35
25	0.2239359952745452	8,75,39
26	0.25210317863029663	36,5
27	0.14165305685563137	74,5,32,41
28	0.11759318705070143	99,52,43
29	0.15606913916559184	91,18,8,34,37,38,80
3	0.2139044513393131	54,39,75,16,11,73,65
30	0.05237837213786274	1,2,3,4,5,6,7,8,9,10,11,12,13,14,15,16,17,18,19,20,21,22,23,24,25,26,27,28,29,30,31,32,33,34,35,36,37,38,39,40,41,42,43,44,45,46,47,48,49,50,51,52,53,54,55,56,57,58,59,60,61,62,63,64,65,66,67,68,69,70,71,72,73,74,75,76,77,78,79,80,81,82,83,84,85,86,87,88,89,90,91,92,93,94,95,96,97,98,99,100
31	0.11869706038308671	88,40,53,13,57,9,41,93
32	0.4611251917944876	71,8,95,48,55,94,81,34
33	0.16992158878587316	93,44,42,43,31,17
34	0.3233562588058906	54,88,59,91,12
35	0.08778957803341718	21,65,25,54,56,11,73,4
36	0.2045044067536392	1,2,3,4,5,6,7,8,9,10,11,12,13,14,15,16,17,18,19,20,21,22,23,24,25,26,27,28,29,30,31,32,33,34,35,36,37,38,39,40,41,42,43,44,45,46,47,48,49,50,51,52,53,54,55,56,57,58,59,60,61,62,63,64,65,66,67,68,69,70,71,72,73,74,75,76,77,78,79,80,81,82,83,84,85,86,87,88,89,90,91,92,93,94,95,96,97,98,99,100
37	0.06916188434316062	27,26,54,32,36,8
38	0.08848681430794474	55,72,86,39,75
39	0.2375983261735627	50
4	0.2123699199938409	32
40	0.15330165317375988	75,84
41	0.3215475894351746	15,89,61
42	0.07911989812312285	4,93,76,86
43	0.12764012814886225	80,82
44	0.19115239497193529	64,98,50,16
45	0.08101061529022852	1,2,3,4,5,6,7,8,9,10,11,12,13,14,15,16,17,18,19,20,21,22,23,24,25,26,27,28,29,30,31,32,33,34,35,36,37,38,39,40,41,42,43,44,45,46,47,48,49,50,51,52,53,54,55,56,57,58,59,60,61,62,63,64,65,66,67,68,69,70,71,72,73,74,75,76,77,78,79,80,81,82,83,84,85,86,87,88,89,90,91,92,93,94,95,96,97,98,99,100
46	0.14663631779934794	30,20,25,59,91,11,62,67,26
47	0.12294089942955355	88
48	0.19353908277495444	41
49	0.3786063545973626	58,89,59,94,41,51,87,85,29
5	0.27419154553379504	27,20,87,49,25
50	0.306061790654709	80,49,48,47,32
51	0.18002879850918332	54,84,82
52	0.06429301037505496	15,72,24,76
53	0.10171571407031142	8,23,9
54	0.30777869577494227	2,22,59,40,90,95,55,48,77
55	0.2689626286379704	80,91,20,65,66
56	0.049777179014361	43,66,76,77,38,39,40,67,59
57	0.07145883473702812	1,2,3,4,5,6,7,8,9,10,11,12,13,14,15,16,17,18,19,20,21,22,23,24,25,26,27,28,29,30,31,32,33,34,35,36,37,38,39,40,41,42,43,44,45,46,47,48,49,50,51,52,53,54,55,56,57,58,59,60,61,62,63,64,65,66,67,68,69,70,71,72,73,74,75,76,77,78,79,80,81,82,83,84,85,86,87,88,89,90,91,92,93,94,95,96,97,98,99,100
58	0.28032976421832523	98,99,40,55,35,2,96,12,3
59	0.281755179520498	3,26
6	0.1232313298285973	74,71,40,56,98,79,22,48,78
60	0.04595475651933566	77,15,96,61,59,25,4,35
61	0.14403300067676478	1,2,3,4,5,6,7,8,9,10,11,12,13,14,15,16,17,18,19,20,21,22,23,24,25,26,27,28,29,30,31,32,33,34,35,36,37,38,39,40,41,42,43,44,45,46,47,48,49,50,51,52,53,54,55,56,57,58,59,60,61,62,63,64,65,66,67,68,69,70,71,72,73,74,75,76,77,78,79,80,81,82,83,84,85,86,87,88,89,90,91,92,93,94,95,96,97,98,99,100
62	0.0721728318929825	73,31,37,62,61,24
63	0.060299143924770045	68
64	0.20960480107971532	39,79,28,31,99,98,93,55
65	0.17024714282317194	1,2,3,4,5,6,7,8,9,10,11,12,13,14,15,16,17,18,19,20,21,22,23,24,25,26,27,28,29,30,31,32,33,34,35,36,37,38,39,40,41,42,43,44,45,46,47,48,49,50,51,52,53,54,55,56,57,58,59,60,61,62,63,64,65,66,67,68,69,70,71,72,73,74,75,76,77,78,79,80,81,82,83,84,85,86,87,88,89,90,91,92,93,94,95,96,97,98,99,100
66	0.10380900349421254	1,2,3,4,5,6,7,8,9,10,11,12,13,14,15,16,17,18,19,20,21,22,23,24,25,26,27,28,29,30,31,32,33,34,35,36,37,38,39,40,41,42,43,44,45,46,47,48,49,50,51,52,53,54,55,56,57,58,59,60,61,62,63,64,65,66,67,68,69,70,71,72,73,74,75,76,77,78,79,80,81,82,83,84,85,86,87,88,89,90,91,92,93,94,95,96,97,98,99,100
67	0.047103556149669934	75,60,99,28,54,26
68	0.10368821804043435	34,31,69,1,80,29,43,60
69	0.0837853821085433	58
7	0.10056083091096889	8,92,97
70	0.07903541020385194	94
71	0.0941075897812408	64,18,43,80
72	0.18150509507094023	81,13,58
73	0.08672180574077999	91,64
74	0.09660477151742757	89
75	0.24636073811048464	45,44,28,41,70,24,83,78,84
76	0.25860193485543537	1,2,3,4,5,6,7,8,9,10,11,12,13,14,15,16,17,18,19,20,21,22,23,24,25,26,27,28,29,30,31,32,33,34,35,36,37,38,39,40,41,42,43,44,45,46,47,48,49,50,51,52,53,54,55,56,57,58,59,60,61,62,63,64,65,66,67,68,69,70,71,72,73,74,75,76,77,78,79,80,81,82,83,84,85,86,87,88,89,90,91,92,93,94,95,96,97,98,99,100
77	0.24308775970134106	87,11,54,77,69,63,58
78	0.07467485278506163	50,93,58,87,57,42,11
79	0.08861508225571169	38,51,58,30,96,69,11,82
8	0.40693835742443923	25,51,9,32,72
80	0.270733343361071	44,76,92,45,46,59,97,96,94
81	0.15081633262511943	32,46,93,23,5
82	0.2025343597470496	46,6,89
83	0.08262521261393771	10
84	0.2243996820556435	1,2,3,4,5,6,7,8,9,10,11,12,13,14,15,16,17,18,19,20,21,22,23,24,25,26,27,28,29,30,31,32,33,34,35,36,37,38,39,40,41,42,43,44,45,46,47,48,49,50,51,52,53,54,55,56,57,58,59,60,61,62,63,64,65,66,67,68,69,70,71,72,73,74,75,76,77,78,79,80,81,82,83,84,85,86,87,88,89,90,91,92,93,94,95,96,97,98,99,100
85	0.08749122996431653	86,22
86	0.15523582917502168	21,65,24,58,68,83,7
87	0.254942247017541	44,9,19,26,4,65,12
88	0.29346286332979477	1,2,3,4,5,6,7,8,9,10,11,12,13,14,15,16,17,18,19,20,21,22,23,24,25,26,27,28,29,30,31,32,33,34,35,36,37,38,39,40,41,42,43,44,45,46,47,48,49,50,51,52,53,54,55,56,57,58,59,60,61,62,63,64,65,66,67,68,69,70,71,72,73,74,75,76,77,78,79,80,81,82,83,84,85,86,87,88,89,90,91,92,93,94,95,96,97,98,99,100
89	0.3557604467555086	10,77,18,55
9	0.19308570446580217	13,34,87,86,97,6
90	0.08551180354359816	11,82,14
91	0.21385165102228518	39,29,5
92	0.10501673746773303	9,28,94,34,37,54,48,25,73
93	0.14663646656066961	34
94	0.2567334471681934	49
95	0.13256465849343996	72,98,22,87,85,8
96	0.09883676541892895	99,97,23,1,80,81,32
97	0.18750420082593233	62,38,33,59,14,95,7,16,25
98	0.18127924122489283	22,16,97,64,74,87,94
99	0.13618725911684615	47,84,7,54,33,87,27
