1	0.07540103261599858	98,86
10	0.28999703062817056	53,27,77,97,40
100	0.03760463202215374	69,55,31,17,6,66,15,87
11	0.2637070298933669	8,4
12	0.3324857780223709	18,33
13	0.1987316931124317	77,44,82,23,28
14	0.11167891608170369	47,29,35,34,8,22
15	0.23312366961927564	76
16	0.25396324039141166	79,24,88,3,76,59
17	0.0838109193688648	33,38,21,54,12,58,8
18	0.39699192979226106	19,53,84,26,70,8,90,59,75
19	0.1331946193550392	1,2,3,4,5,6,7,8,9,10,11,12,13,14,15,16,17,18,19,20,21,22,23,24,25,26,27,28,29,30,31,32,33,34,35,36,37,38,39,40,41,42,43,44,45,46,47,48,49,50,51,52,53,54,55,56,57,58,59,60,61,62,63,64,65,66,67,68,69,70,71,72,73,74,75,76,77,78,79,80,81,82,83,84,85,86,87,88,89,90,91,92,93,94,95,96,97,98,99,100
2	0.17763358580118177	54,4,57,34,36
20	0.22626257519277473	2,51,72,36,44
21	0.0958037467366275	78,47,11,83,80,25
22	0.2591241502655099	64,88,12
23	0.19355600955631116	92,8,54,4,89,66
24	0.18999057835767405	7,31,32,42,16,89,35
25	0.35975939897219317	8,75,39
26	0.40165195518331276	36,5
27	0.21914184621553265	74,5,32,41
28	0.1819024013335469	99,52,43
29	0.2452538144598103	91,18,8,34,37,38,80
3	0.3403374008664755	54,39,75,16,11,73,65
30	0.07658921457930871	1,2,3,4,5,6,7,8,9,10,11,12,13,14,15,16,17,18,19,20,21,22,23,24,25,26,27,28,29,30,31,32,33,34,35,36,37,38,39,40,41,42,43,44,45,46,47,48,49,50,51,52,53,54,55,56,57,58,59,60,61,62,63,64,65,66,67,68,69,70,71,72,73,74,75,76,77,78,79,80,81,82,83,84,85,86,87,88,89,90,91,92,93,94,95,96,97,98,99,100
31	0.18219824835965817	88,40,53,13,57,9,41,93
32	0.7440015489714197	71,8,95,48,55,94,81,34
33	0.2679257741568331	93,44,42,43,31,17
34	0.5155408057848136	54,88,59,91,12
35	0.13206610362010254	21,65,25,54,56,11,73,4
36	0.3252386950820227	1,2,3,4,5,6,7,8,9,10,11,12,13,14,15,16,17,18,19,20,21,22,23,24,25,26,27,28,29,30,31,32,33,34,35,36,37,38,39,40,41,42,43,44,45,46,47,48,49,50,51,52,53,54,55,56,57,58,59,60,61,62,63,64,65,66,67,68,69,70,71,72,73,74,75,76,77,78,79,80,81,82,83,84,85,86,87,88,89,90,91,92,93,94,95,96,97,98,99,100
37	0.10349950338800849	27,26,54,32,36,8
38	0.13562100376422945	55,72,86,39,75
39	0.37776945538788054	50
4	0.33297137096635376	32
40	0.23839717078964892	75,84
41	0.5202414770050934	15,89,61
42	0.12055701595978996	4,93,76,86
43	0.19917600389644038	80,82
44	0.3021656398170614	64,98,50,16
45	0.12485719542025073	1,2,3,4,5,6,7,8,9,10,11,12,13,14,15,16,17,18,19,20,21,22,23,24,25,26,27,28,29,30,31,32,33,34,35,36,37,38,39,40,41,42,43,44,45,46,47,48,49,50,51,52,53,54,55,56,57,58,59,60,61,62,63,64,65,66,67,68,69,70,71,72,73,74,75,76,77,78,79,80,81,82,83,84,85,86,87,88,89,90,91,92,93,94,95,96,97,98,99,100
46	0.22839156007700268	30,20,25,59,91,11,62,67,26
47	0.18921460850387967	88
48	0.30564115682528364	41
49	0.5986181114270165	58,89,59,94,41,51,87,85,29
5	0.4424435422600142	27,20,87,49,25
50	0.4953740037845787	80,49,48,47,32
51	0.2870325937854979	54,84,82
52	0.09556821317349884	15,72,24,76
53	0.15476121890269126	8,23,9
54	0.48996668765566836	2,22,59,40,90,95,55,48,77
55	0.42263358490660596	80,91,20,65,66
56	0.07223774790465126	43,66,76,77,38,39,40,67,59
57	0.10737068539307802	1,2,3,4,5,6,7,8,9,10,11,12,13,14,15,16,17,18,19,20,21,22,23,24,25,26,27,28,29,30,31,32,33,34,35,36,37,38,39,40,41,42,43,44,45,46,47,48,49,50,51,52,53,54,55,56,57,58,59,60,61,62,63,64,65,66,67,68,69,70,71,72,73,74,75,76,77,78,79,80,81,82,83,84,85,86,87,88,89,90,91,92,93,94,95,96,97,98,99,100
58	0.4402308532994436	98,99,40,55,35,2,96,12,3
59	0.4515538693172811	3,26
6	0.1890695758065864	74,71,40,56,98,79,22,48,78
60	0.06490839050677848	77,15,96,61,59,25,4,35
61	0.22442181451497825	1,2,3,4,5,6,7,8,9,10,11,12,13,14,15,16,17,18,19,20,21,22,23,24,25,26,27,28,29,30,31,32,33,34,35,36,37,38,39,40,41,42,43,44,45,46,47,48,49,50,51,52,53,54,55,56,57,58,59,60,61,62,63,64,65,66,67,68,69,70,71,72,73,74,75,76,77,78,79,80,81,82,83,84,85,86,87,88,89,90,91,92,93,94,95,96,97,98,99,100
62	0.11072758773768909	73,31,37,62,61,24
63	0.09000951246846156	68
64	0.33210048681848836	39,79,28,31,99,98,93,55
65	0.26820344551416	1,2,3,4,5,6,7,8,9,10,11,12,13,14,15,16,17,18,19,20,21,22,23,24,25,26,27,28,29,30,31,32,33,34,35,36,37,38,39,40,41,42,43,44,45,46,47,48,49,50,51,52,53,54,55,56,57,58,59,60,61,62,63,64,65,66,67,68,69,70,71,72,73,74,75,76,77,78,79,80,81,82,83,84,85,86,87,88,89,90,91,92,93,94,95,96,97,98,99,100
66	0.16021612586208683	1,2,3,4,5,6,7,8,9,10,11,12,13,14,15,16,17,18,19,20,21,22,23,24,25,26,27,28,29,30,31,32,33,34,35,36,37,38,39,40,41,42,43,44,45,46,47,48,49,50,51,52,53,54,55,56,57,58,59,60,61,62,63,64,65,66,67,68,69,70,71,72,73,74,75,76,77,78,79,80,81,82,83,84,85,86,87,88,89,90,91,92,93,94,95,96,97,98,99,100
67	0.06827523233761477	75,60,99,28,54,26
68	0.15489397757298073	34,31,69,1,80,29,43,60
69	0.1265569271219471	58
7	0.1558742555671041	8,92,97
70	0.12114727353691072	94
71	0.143579438785469	64,18,43,80
72	0.289955069906552	81,13,58
73	0.13354431219516727	91,64
74	0.14776925026355178	89
75	0.3941185482422203	45,44,28,41,70,24,83,78,84
76	0.39801916124708187	1,2,3,4,5,6,7,8,9,10,11,12,13,14,15,16,17,18,19,20,21,22,23,24,25,26,27,28,29,30,31,32,33,34,35,36,37,38,39,40,41,42,43,44,45,46,47,48,49,50,51,52,53,54,55,56,57,58,59,60,61,62,63,64,65,66,67,68,69,70,71,72,73,74,75,76,77,78,79,80,81,82,83,84,85,86,87,88,89,90,91,92,93,94,95,96,97,98,99,100
77	0.38156045629059915	87,11,54,77,69,63,58
78	0.11349490001964774	50,93,58,87,57,42,11
79	0.13390183821738008	38,51,58,30,96,69,11,82
8	0.64893587551278	25,51,9,32,72
80	0.43003354311237724	44,76,92,45,46,59,97,96,94
81	0.23590608098819013	32,46,93,23,5
82	0.3171887629702567	46,6,89
83	0.12595914287270799	10
84	0.3579019673736434	1,2,3,4,5,6,7,8,9,10,11,12,13,14,15,16,17,18,19,20,21,22,23,24,25,26,27,28,29,30,31,32,33,34,35,36,37,38,39,40,41,42,43,44,45,46,47,48,49,50,51,52,53,54,55,56,57,58,59,60,61,62,63,64,65,66,67,68,69,70,71,72,73,74,75,76,77,78,79,80,81,82,83,84,85,86,87,88,89,90,91,92,93,94,95,96,97,98,99,100
85	0.13530209479438657	86,22
86	0.2357549938642148	21,65,24,58,68,83,7
87	0.405756392877715	44,9,19,26,4,65,12
88	0.4642201711870961	1,2,3,4,5,6,7,8,9,10,11,12,13,14,15,16,17,18,19,20,21,22,23,24,25,26,27,28,29,30,31,32,33,34,35,36,37,38,39,40,41,42,43,44,45,46,47,48,49,50,51,52,53,54,55,56,57,58,59,60,61,62,63,64,65,66,67,68,69,70,71,72,73,74,75,76,77,78,79,80,81,82,83,84,85,86,87,88,89,90,91,92,93,94,95,96,97,98,99,100
89	0.5620142043559688	10,77,18,55
9	0.31097160292019316	13,34,87,86,97,6
90	0.1311702564800468	11,82,14
91	0.339344002336206	39,29,5
92	0.16242069085178504	9,28,94,34,37,54,48,25,73
93	0.2298940857635958	34
94	0.40590657769453964	49
95	0.20870239773200963	72,98,22,87,85,8
96	0.15061371676963964	99,97,23,1,80,81,32
97	0.2940230222856825	62,38,33,59,14,95,7,16,25
98	0.28391949061567123	22,16,97,64,74,87,94
99	0.20982656198836078	47,84,7,54,33,87,27
