1	0.026186463353994945	98,86
10	0.07378684606795102	53,27,77,97,40
100	0.017980063261288926	69,55,31,17,6,66,15,87
11	0.06438909793183772	8,4
12	0.0766704040336966	18,33
13	0.05001840348806306	77,44,82,23,28
14	0.03286527958264044	47,29,35,34,8,22
15	0.05712571869706231	76
16	0.05946039598001687	79,24,88,3,76,59
17	0.027187509183064233	33,38,21,54,12,58,8
18	0.08960798271049934	19,53,84,26,70,8,90,59,75
19	0.03557992303940606	1,2,3,4,5,6,7,8,9,10,11,12,13,14,15,16,17,18,19,20,21,22,23,24,25,26,27,28,29,30,31,32,33,34,35,36,37,38,39,40,41,42,43,44,45,46,47,48,49,50,51,52,53,54,55,56,57,58,59,60,61,62,63,64,65,66,67,68,69,70,71,72,73,74,75,76,77,78,79,80,81,82,83,84,85,86,87,88,89,90,91,92,93,94,95,96,97,98,99,100
2	0.04489728124711666	54,4,57,34,36
20	0.05319871339550263	2,51,72,36,44
21	0.030654700180619887	78,47,11,83,80,25
22	0.06417766673167936	64,88,12
23	0.049783037428414806	92,8,54,4,89,66
24	0.050000723437258615	7,31,32,42,16,89,35
25	0.08117624031699958	8,75,39
26	0.08813202750787814	36,5
27	0.054761065517901726	74,5,32,41
28	0.0472137778460487	99,52,43
29	0.059043490670540065	91,18,8,34,37,38,80
3	0.07561346991222667	54,39,75,16,11,73,65
30	0.025456592094707832	1,2,3,4,5,6,7,8,9,10,11,12,13,14,15,16,17,18,19,20,21,22,23,24,25,26,27,28,29,30,31,32,33,34,35,36,37,38,39,40,41,42,43,44,45,46,47,48,49,50,51,52,53,54,55,56,57,58,59,60,61,62,63,64,65,66,67,68,69,70,71,72,73,74,75,76,77,78,79,80,81,82,83,84,85,86,87,88,89,90,91,92,93,94,95,96,97,98,99,100
31	0.04891302549457829	88,40,53,13,57,9,41,93
32	0.16096691689291392	71,8,95,48,55,94,81,34
33	0.0640835232979614	93,44,42,43,31,17
34	0.11776068614262827	54,88,59,91,12
35	0.03812954905482312	21,65,25,54,56,11,73,4
36	0.07345425946862809	1,2,3,4,5,6,7,8,9,10,11,12,13,14,15,16,17,18,19,20,21,22,23,24,25,26,27,28,29,30,31,32,33,34,35,36,37,38,39,40,41,42,43,44,45,46,47,48,49,50,51,52,53,54,55,56,57,58,59,60,61,62,63,64,65,66,67,68,69,70,71,72,73,74,75,76,77,78,79,80,81,82,83,84,85,86,87,88,89,90,91,92,93,94,95,96,97,98,99,100
37	0.03133814231549293	27,26,54,32,36,8
38	0.03778631644135631	55,72,86,39,75
39	0.08549310382913378	50
4	0.08039407987317078	32
40	0.05894765282263112	75,84
41	0.11034617648263359	15,89,61
42	0.03463643996390765	4,93,76,86
43	0.0522429579943042	80,82
44	0.06916876664589013	64,98,50,16
45	0.03399419894953002	1,2,3,4,5,6,7,8,9,10,11,12,13,14,15,16,17,18,19,20,21,22,23,24,25,26,27,28,29,30,31,32,33,34,35,36,37,38,39,40,41,42,43,44,45,46,47,48,49,50,51,52,53,54,55,56,57,58,59,60,61,62,63,64,65,66,67,68,69,70,71,72,73,74,75,76,77,78,79,80,81,82,83,84,85,86,87,88,89,90,91,92,93,94,95,96,97,98,99,100
46	0.05639650505235714	30,20,25,59,91,11,62,67,26
47	0.04864201848265269	88
48	0.06884189398948969	41
49	0.12927618691317197	58,89,59,94,41,51,87,85,29
5	0.09589777388655402	27,20,87,49,25
50	0.10688880316450092	80,49,48,47,32
51	0.06473454400359376	54,84,82
52	0.03040105369482987	15,72,24,76
53	0.04169500979095983	8,23,9
54	0.11052441231267578	2,22,59,40,90,95,55,48,77
55	0.0945383483599416	80,91,20,65,66
56	0.024910736394961573	43,66,76,77,38,39,40,67,59
57	0.032314773774642036	1,2,3,4,5,6,7,8,9,10,11,12,13,14,15,16,17,18,19,20,21,22,23,24,25,26,27,28,29,30,31,32,33,34,35,36,37,38,39,40,41,42,43,44,45,46,47,48,49,50,51,52,53,54,55,56,57,58,59,60,61,62,63,64,65,66,67,68,69,70,71,72,73,74,75,76,77,78,79,80,81,82,83,84,85,86,87,88,89,90,91,92,93,94,95,96,97,98,99,100
58	0.10505190394766606	98,99,40,55,35,2,96,12,3
59	0.09825747651738144	3,26
6	0.049360956554904765	74,71,40,56,98,79,22,48,78
60	0.024627098618116065	77,15,96,61,59,25,4,35
61	0.05392335764494793	1,2,3,4,5,6,7,8,9,10,11,12,13,14,15,16,17,18,19,20,21,22,23,24,25,26,27,28,29,30,31,32,33,34,35,36,37,38,39,40,41,42,43,44,45,46,47,48,49,50,51,52,53,54,55,56,57,58,59,60,61,62,63,64,65,66,67,68,69,70,71,72,73,74,75,76,77,78,79,80,81,82,83,84,85,86,87,88,89,90,91,92,93,94,95,96,97,98,99,100
62	0.03207490277686486	73,31,37,62,61,24
63	0.027632357972959758	68
64	0.0793795138596385	39,79,28,31,99,98,93,55
65	0.062359955829210806	1,2,3,4,5,6,7,8,9,10,11,12,13,14,15,16,17,18,19,20,21,22,23,24,25,26,27,28,29,30,31,32,33,34,35,36,37,38,39,40,41,42,43,44,45,46,47,48,49,50,51,52,53,54,55,56,57,58,59,60,61,62,63,64,65,66,67,68,69,70,71,72,73,74,75,76,77,78,79,80,81,82,83,84,85,86,87,88,89,90,91,92,93,94,95,96,97,98,99,100
66	0.04225378280296918	1,2,3,4,5,6,7,8,9,10,11,12,13,14,15,16,17,18,19,20,21,22,23,24,25,26,27,28,29,30,31,32,33,34,35,36,37,38,39,40,41,42,43,44,45,46,47,48,49,50,51,52,53,54,55,56,57,58,59,60,61,62,63,64,65,66,67,68,69,70,71,72,73,74,75,76,77,78,79,80,81,82,83,84,85,86,87,88,89,90,91,92,93,94,95,96,97,98,99,100
67	0.023876250558496206	75,60,99,28,54,26
68	0.04750891487615874	34,31,69,1,80,29,43,60
69	0.03636262607767783	58
7	0.04207482027330175	8,92,97
70	0.03310393708245998	94
71	0.037969274720795136	64,18,43,80
72	0.06797365669587949	81,13,58
73	0.03677921001106676	91,64
74	0.04025623227117252	89
75	0.08934992504253816	45,44,28,41,70,24,83,78,84
76	0.09635410838786489	1,2,3,4,5,6,7,8,9,10,11,12,13,14,15,16,17,18,19,20,21,22,23,24,25,26,27,28,29,30,31,32,33,34,35,36,37,38,39,40,41,42,43,44,45,46,47,48,49,50,51,52,53,54,55,56,57,58,59,60,61,62,63,64,65,66,67,68,69,70,71,72,73,74,75,76,77,78,79,80,81,82,83,84,85,86,87,88,89,90,91,92,93,94,95,96,97,98,99,100
77	0.08736670412035503	87,11,54,77,69,63,58
78	0.03293034982661126	50,93,58,87,57,42,11
79	0.037008848145446624	38,51,58,30,96,69,11,82
8	0.1451202973440388	25,51,9,32,72
80	0.09903177390389153	44,76,92,45,46,59,97,96,94
81	0.05680171618573623	32,46,93,23,5
82	0.07725588732168899	46,6,89
83	0.03608631021784596	10
84	0.08123213558125159	1,2,3,4,5,6,7,8,9,10,11,12,13,14,15,16,17,18,19,20,21,22,23,24,25,26,27,28,29,30,31,32,33,34,35,36,37,38,39,40,41,42,43,44,45,46,47,48,49,50,51,52,53,54,55,56,57,58,59,60,61,62,63,64,65,66,67,68,69,70,71,72,73,74,75,76,77,78,79,80,81,82,83,84,85,86,87,88,89,90,91,92,93,94,95,96,97,98,99,100
85	0.03546182150288636	86,22
86	0.0643732266363702	21,65,24,58,68,83,7
87	0.08987346074706819	44,9,19,26,4,65,12
88	0.10751240160660361	1,2,3,4,5,6,7,8,9,10,11,12,13,14,15,16,17,18,19,20,21,22,23,24,25,26,27,28,29,30,31,32,33,34,35,36,37,38,39,40,41,42,43,44,45,46,47,48,49,50,51,52,53,54,55,56,57,58,59,60,61,62,63,64,65,66,67,68,69,70,71,72,73,74,75,76,77,78,79,80,81,82,83,84,85,86,87,88,89,90,91,92,93,94,95,96,97,98,99,100
89	0.12656799438899002	10,77,18,55
9	0.07106141240448317	13,34,87,86,97,6
90	0.035104758700602895	11,82,14
91	0.0785496772472285	39,29,5
92	0.04381831544491374	9,28,94,34,37,54,48,25,73
93	0.057555931023832496	34
94	0.0932570442125033	49
95	0.049755422331708155	72,98,22,87,85,8
96	0.04068921394214252	99,97,23,1,80,81,32
97	0.0711303722275655	62,38,33,59,14,95,7,16,25
98	0.06973002996519997	22,16,97,64,74,87,94
99	0.0543758857476454	47,84,7,54,33,87,27
