1	0.026147672492676896	98,86
10	0.07361493122260634	53,27,77,97,40
100	0.017964324717814315	69,55,31,17,6,66,15,87
11	0.06423333580145311	8,4
12	0.07647001362425099	18,33
13	0.04990206587101781	77,44,82,23,28
14	0.03280479781068392	47,29,35,34,8,22
15	0.05698555298065867	76
16	0.05931002474858331	79,24,88,3,76,59
17	0.027143251552501968	33,38,21,54,12,58,8
18	0.08936391481193506	19,53,84,26,70,8,90,59,75
19	0.03550159314208373	1,2,3,4,5,6,7,8,9,10,11,12,13,14,15,16,17,18,19,20,21,22,23,24,25,26,27,28,29,30,31,32,33,34,35,36,37,38,39,40,41,42,43,44,45,46,47,48,49,50,51,52,53,54,55,56,57,58,59,60,61,62,63,64,65,66,67,68,69,70,71,72,73,74,75,76,77,78,79,80,81,82,83,84,85,86,87,88,89,90,91,92,93,94,95,96,97,98,99,100
2	0.04479189868019667	54,4,57,34,36
20	0.0530618652475955	2,51,72,36,44
21	0.0306037540071794	78,47,11,83,80,25
22	0.06402268466519409	64,88,12
23	0.04967310104930997	92,8,54,4,89,66
24	0.04989132938447534	7,31,32,42,16,89,35
25	0.0809615016821717	8,75,39
26	0.08788539785374277	36,5
27	0.05463029650427655	74,5,32,41
28	0.04710797789886727	99,52,43
29	0.05889759039041614	91,18,8,34,37,38,80
3	0.07540543611804136	54,39,75,16,11,73,65
30	0.025416086069611533	1,2,3,4,5,6,7,8,9,10,11,12,13,14,15,16,17,18,19,20,21,22,23,24,25,26,27,28,29,30,31,32,33,34,35,36,37,38,39,40,41,42,43,44,45,46,47,48,49,50,51,52,53,54,55,56,57,58,59,60,61,62,63,64,65,66,67,68,69,70,71,72,73,74,75,76,77,78,79,80,81,82,83,84,85,86,87,88,89,90,91,92,93,94,95,96,97,98,99,100
31	0.048808041256034634	88,40,53,13,57,9,41,93
32	0.16051532487071962	71,8,95,48,55,94,81,34
33	0.06392421268304141	93,44,42,43,31,17
34	0.11745121411422094	54,88,59,91,12
35	0.03805478549495761	21,65,25,54,56,11,73,4
36	0.07325728223807208	1,2,3,4,5,6,7,8,9,10,11,12,13,14,15,16,17,18,19,20,21,22,23,24,25,26,27,28,29,30,31,32,33,34,35,36,37,38,39,40,41,42,43,44,45,46,47,48,49,50,51,52,53,54,55,56,57,58,59,60,61,62,63,64,65,66,67,68,69,70,71,72,73,74,75,76,77,78,79,80,81,82,83,84,85,86,87,88,89,90,91,92,93,94,95,96,97,98,99,100
37	0.03128127601320332	27,26,54,32,36,8
38	0.0377100830876521	55,72,86,39,75
39	0.08526432506078185	50
4	0.08019550422307405	32
40	0.05880563000631587	75,84
41	0.11002909714669362	15,89,61
42	0.03456954712439083	4,93,76,86
43	0.052129550862552304	80,82
44	0.06898541845171045	64,98,50,16
45	0.03392351237594583	1,2,3,4,5,6,7,8,9,10,11,12,13,14,15,16,17,18,19,20,21,22,23,24,25,26,27,28,29,30,31,32,33,34,35,36,37,38,39,40,41,42,43,44,45,46,47,48,49,50,51,52,53,54,55,56,57,58,59,60,61,62,63,64,65,66,67,68,69,70,71,72,73,74,75,76,77,78,79,80,81,82,83,84,85,86,87,88,89,90,91,92,93,94,95,96,97,98,99,100
46	0.05626093424461837	30,20,25,59,91,11,62,67,26
47	0.04853025498281053	88
48	0.0686542915188741	41
49	0.1289011202939445	58,89,59,94,41,51,87,85,29
5	0.0956298639616267	27,20,87,49,25
50	0.10658947399906679	80,49,48,47,32
51	0.06456125264624164	54,84,82
52	0.03035004850229478	15,72,24,76
53	0.041604646593202295	8,23,9
54	0.11022765675711928	2,22,59,40,90,95,55,48,77
55	0.09427602737811673	80,91,20,65,66
56	0.024873307313268714	43,66,76,77,38,39,40,67,59
57	0.032255860882902776	1,2,3,4,5,6,7,8,9,10,11,12,13,14,15,16,17,18,19,20,21,22,23,24,25,26,27,28,29,30,31,32,33,34,35,36,37,38,39,40,41,42,43,44,45,46,47,48,49,50,51,52,53,54,55,56,57,58,59,60,61,62,63,64,65,66,67,68,69,70,71,72,73,74,75,76,77,78,79,80,81,82,83,84,85,86,87,88,89,90,91,92,93,94,95,96,97,98,99,100
58	0.10478818995844705	98,99,40,55,35,2,96,12,3
59	0.09798161286848658	3,26
6	0.049249850715789176	74,71,40,56,98,79,22,48,78
60	0.024594975059068484	77,15,96,61,59,25,4,35
61	0.053787856841496465	1,2,3,4,5,6,7,8,9,10,11,12,13,14,15,16,17,18,19,20,21,22,23,24,25,26,27,28,29,30,31,32,33,34,35,36,37,38,39,40,41,42,43,44,45,46,47,48,49,50,51,52,53,54,55,56,57,58,59,60,61,62,63,64,65,66,67,68,69,70,71,72,73,74,75,76,77,78,79,80,81,82,83,84,85,86,87,88,89,90,91,92,93,94,95,96,97,98,99,100
62	0.032014580558169324	73,31,37,62,61,24
63	0.0275831703960635	68
64	0.07918361818202602	39,79,28,31,99,98,93,55
65	0.06219767616615034	1,2,3,4,5,6,7,8,9,10,11,12,13,14,15,16,17,18,19,20,21,22,23,24,25,26,27,28,29,30,31,32,33,34,35,36,37,38,39,40,41,42,43,44,45,46,47,48,49,50,51,52,53,54,55,56,57,58,59,60,61,62,63,64,65,66,67,68,69,70,71,72,73,74,75,76,77,78,79,80,81,82,83,84,85,86,87,88,89,90,91,92,93,94,95,96,97,98,99,100
66	0.042161131228489704	1,2,3,4,5,6,7,8,9,10,11,12,13,14,15,16,17,18,19,20,21,22,23,24,25,26,27,28,29,30,31,32,33,34,35,36,37,38,39,40,41,42,43,44,45,46,47,48,49,50,51,52,53,54,55,56,57,58,59,60,61,62,63,64,65,66,67,68,69,70,71,72,73,74,75,76,77,78,79,80,81,82,83,84,85,86,87,88,89,90,91,92,93,94,95,96,97,98,99,100
67	0.023841289805084744	75,60,99,28,54,26
68	0.047424449089456935	34,31,69,1,80,29,43,60
69	0.03629120890096992	58
7	0.04198685999359919	8,92,97
70	0.0330348309137669	94
71	0.037884742081311165	64,18,43,80
72	0.06780297434119907	81,13,58
73	0.03670412204749947	91,64
74	0.04017147412594667	89
75	0.08911368431413612	45,44,28,41,70,24,83,78,84
76	0.09611080990092617	1,2,3,4,5,6,7,8,9,10,11,12,13,14,15,16,17,18,19,20,21,22,23,24,25,26,27,28,29,30,31,32,33,34,35,36,37,38,39,40,41,42,43,44,45,46,47,48,49,50,51,52,53,54,55,56,57,58,59,60,61,62,63,64,65,66,67,68,69,70,71,72,73,74,75,76,77,78,79,80,81,82,83,84,85,86,87,88,89,90,91,92,93,94,95,96,97,98,99,100
77	0.0871325608864035	87,11,54,77,69,63,58
78	0.0328675261911724	50,93,58,87,57,42,11
79	0.0369312156771298	38,51,58,30,96,69,11,82
8	0.14472627205927174	25,51,9,32,72
80	0.09877348236130748	44,76,92,45,46,59,97,96,94
81	0.05666014042675482	32,46,93,23,5
82	0.07706743316514679	46,6,89
83	0.036016292009311224	10
84	0.08101666641956895	1,2,3,4,5,6,7,8,9,10,11,12,13,14,15,16,17,18,19,20,21,22,23,24,25,26,27,28,29,30,31,32,33,34,35,36,37,38,39,40,41,42,43,44,45,46,47,48,49,50,51,52,53,54,55,56,57,58,59,60,61,62,63,64,65,66,67,68,69,70,71,72,73,74,75,76,77,78,79,80,81,82,83,84,85,86,87,88,89,90,91,92,93,94,95,96,97,98,99,100
85	0.03538363773481236	86,22
86	0.06423644897205362	21,65,24,58,68,83,7
87	0.08962515185790637	44,9,19,26,4,65,12
88	0.1072331595670534	1,2,3,4,5,6,7,8,9,10,11,12,13,14,15,16,17,18,19,20,21,22,23,24,25,26,27,28,29,30,31,32,33,34,35,36,37,38,39,40,41,42,43,44,45,46,47,48,49,50,51,52,53,54,55,56,57,58,59,60,61,62,63,64,65,66,67,68,69,70,71,72,73,74,75,76,77,78,79,80,81,82,83,84,85,86,87,88,89,90,91,92,93,94,95,96,97,98,99,100
89	0.1262233620156488	10,77,18,55
9	0.07087792085132781	13,34,87,86,97,6
90	0.03502892866222597	11,82,14
91	0.07834612979968116	39,29,5
92	0.04372623501806702	9,28,94,34,37,54,48,25,73
93	0.057422017554946865	34
94	0.0930111639548227	49
95	0.04963079539693006	72,98,22,87,85,8
96	0.04060175528060255	99,97,23,1,80,81,32
97	0.07095517328635917	62,38,33,59,14,95,7,16,25
98	0.06956215417943078	22,16,97,64,74,87,94
99	0.05425277115431014	47,84,7,54,33,87,27
