1	0.02714881567429099	98,86
10	0.07805183645220837	53,27,77,97,40
100	0.018370516664937615	69,55,31,17,6,66,15,87
11	0.06825335983699253	8,4
12	0.08164183723057565	18,33
13	0.0529045929619353	77,44,82,23,28
14	0.03436575602611208	47,29,35,34,8,22
15	0.06060305325119663	76
16	0.06319091648411969	79,24,88,3,76,59
17	0.02828548515109675	33,38,21,54,12,58,8
18	0.09566299929435773	19,53,84,26,70,8,90,59,75
19	0.03752318895089525	1,2,3,4,5,6,7,8,9,10,11,12,13,14,15,16,17,18,19,20,21,22,23,24,25,26,27,28,29,30,31,32,33,34,35,36,37,38,39,40,41,42,43,44,45,46,47,48,49,50,51,52,53,54,55,56,57,58,59,60,61,62,63,64,65,66,67,68,69,70,71,72,73,74,75,76,77,78,79,80,81,82,83,84,85,86,87,88,89,90,91,92,93,94,95,96,97,98,99,100
2	0.047511689755329566	54,4,57,34,36
20	0.056593743257817464	2,51,72,36,44
21	0.03191861045708647	78,47,11,83,80,25
22	0.06802257623446638	64,88,12
23	0.052510420273539256	92,8,54,4,89,66
24	0.052714651847169045	7,31,32,42,16,89,35
25	0.08650363487622617	8,75,39
26	0.09425059801019792	36,5
27	0.05800527972942204	74,5,32,41
28	0.049838541032417555	99,52,43
29	0.0626630925144414	91,18,8,34,37,38,80
3	0.08077452583141227	54,39,75,16,11,73,65
30	0.02646149546375916	1,2,3,4,5,6,7,8,9,10,11,12,13,14,15,16,17,18,19,20,21,22,23,24,25,26,27,28,29,30,31,32,33,34,35,36,37,38,39,40,41,42,43,44,45,46,47,48,49,50,51,52,53,54,55,56,57,58,59,60,61,62,63,64,65,66,67,68,69,70,71,72,73,74,75,76,77,78,79,80,81,82,83,84,85,86,87,88,89,90,91,92,93,94,95,96,97,98,99,100
31	0.0515175519779572	88,40,53,13,57,9,41,93
32	0.17217034512571275	71,8,95,48,55,94,81,34
33	0.06803581862330027	93,44,42,43,31,17
34	0.1254382966487747	54,88,59,91,12
35	0.0399843386332181	21,65,25,54,56,11,73,4
36	0.07834101600542971	1,2,3,4,5,6,7,8,9,10,11,12,13,14,15,16,17,18,19,20,21,22,23,24,25,26,27,28,29,30,31,32,33,34,35,36,37,38,39,40,41,42,43,44,45,46,47,48,49,50,51,52,53,54,55,56,57,58,59,60,61,62,63,64,65,66,67,68,69,70,71,72,73,74,75,76,77,78,79,80,81,82,83,84,85,86,87,88,89,90,91,92,93,94,95,96,97,98,99,100
37	0.032748923518187846	27,26,54,32,36,8
38	0.03967756975080779	55,72,86,39,75
39	0.09116881638677247	50
4	0.08532049117613225	32
40	0.06247105968027934	75,84
41	0.1182125146979217	15,89,61
42	0.036295966903511896	4,93,76,86
43	0.05505644582847975	80,82
44	0.07371740398692124	64,98,50,16
45	0.035747843642528254	1,2,3,4,5,6,7,8,9,10,11,12,13,14,15,16,17,18,19,20,21,22,23,24,25,26,27,28,29,30,31,32,33,34,35,36,37,38,39,40,41,42,43,44,45,46,47,48,49,50,51,52,53,54,55,56,57,58,59,60,61,62,63,64,65,66,67,68,69,70,71,72,73,74,75,76,77,78,79,80,81,82,83,84,85,86,87,88,89,90,91,92,93,94,95,96,97,98,99,100
46	0.05975984572143239	30,20,25,59,91,11,62,67,26
47	0.05141472988527107	88
48	0.07349607455799095	41
49	0.1385811164496446	58,89,59,94,41,51,87,85,29
5	0.10254428106539552	27,20,87,49,25
50	0.11431478204166258	80,49,48,47,32
51	0.06903368391295177	54,84,82
52	0.03166642815879673	15,72,24,76
53	0.0439368066993518	8,23,9
54	0.11788654318229605	2,22,59,40,90,95,55,48,77
55	0.10104620090839264	80,91,20,65,66
56	0.025839304681893903	43,66,76,77,38,39,40,67,59
57	0.03377632827837104	1,2,3,4,5,6,7,8,9,10,11,12,13,14,15,16,17,18,19,20,21,22,23,24,25,26,27,28,29,30,31,32,33,34,35,36,37,38,39,40,41,42,43,44,45,46,47,48,49,50,51,52,53,54,55,56,57,58,59,60,61,62,63,64,65,66,67,68,69,70,71,72,73,74,75,76,77,78,79,80,81,82,83,84,85,86,87,88,89,90,91,92,93,94,95,96,97,98,99,100
58	0.11159431525195612	98,99,40,55,35,2,96,12,3
59	0.10510130554863725	3,26
6	0.052117352221977734	74,71,40,56,98,79,22,48,78
60	0.02542404358217456	77,15,96,61,59,25,4,35
61	0.05728496159435622	1,2,3,4,5,6,7,8,9,10,11,12,13,14,15,16,17,18,19,20,21,22,23,24,25,26,27,28,29,30,31,32,33,34,35,36,37,38,39,40,41,42,43,44,45,46,47,48,49,50,51,52,53,54,55,56,57,58,59,60,61,62,63,64,65,66,67,68,69,70,71,72,73,74,75,76,77,78,79,80,81,82,83,84,85,86,87,88,89,90,91,92,93,94,95,96,97,98,99,100
62	0.033571420904652476	73,31,37,62,61,24
63	0.02885263968708044	68
64	0.08423943842565329	39,79,28,31,99,98,93,55
65	0.06638590949684565	1,2,3,4,5,6,7,8,9,10,11,12,13,14,15,16,17,18,19,20,21,22,23,24,25,26,27,28,29,30,31,32,33,34,35,36,37,38,39,40,41,42,43,44,45,46,47,48,49,50,51,52,53,54,55,56,57,58,59,60,61,62,63,64,65,66,67,68,69,70,71,72,73,74,75,76,77,78,79,80,81,82,83,84,85,86,87,88,89,90,91,92,93,94,95,96,97,98,99,100
66	0.04455235144994308	1,2,3,4,5,6,7,8,9,10,11,12,13,14,15,16,17,18,19,20,21,22,23,24,25,26,27,28,29,30,31,32,33,34,35,36,37,38,39,40,41,42,43,44,45,46,47,48,49,50,51,52,53,54,55,56,57,58,59,60,61,62,63,64,65,66,67,68,69,70,71,72,73,74,75,76,77,78,79,80,81,82,83,84,85,86,87,88,89,90,91,92,93,94,95,96,97,98,99,100
67	0.024743582734640668	75,60,99,28,54,26
68	0.04960440446251546	34,31,69,1,80,29,43,60
69	0.038134396111732215	58
7	0.04425700382011171	8,92,97
70	0.0348183739243256	94
71	0.040066422836697334	64,18,43,80
72	0.0722080705414534	81,13,58
73	0.03864204763819455	91,64
74	0.0423589749036659	89
75	0.09521075941477741	45,44,28,41,70,24,83,78,84
76	0.10239003684097525	1,2,3,4,5,6,7,8,9,10,11,12,13,14,15,16,17,18,19,20,21,22,23,24,25,26,27,28,29,30,31,32,33,34,35,36,37,38,39,40,41,42,43,44,45,46,47,48,49,50,51,52,53,54,55,56,57,58,59,60,61,62,63,64,65,66,67,68,69,70,71,72,73,74,75,76,77,78,79,80,81,82,83,84,85,86,87,88,89,90,91,92,93,94,95,96,97,98,99,100
77	0.09317550230047018	87,11,54,77,69,63,58
78	0.0344889249466164	50,93,58,87,57,42,11
79	0.03893481172392958	38,51,58,30,96,69,11,82
8	0.15489556745168812	25,51,9,32,72
80	0.10543966114898481	44,76,92,45,46,59,97,96,94
81	0.06031403211387988	32,46,93,23,5
82	0.08193119714261624	46,6,89
83	0.03782337361802239	10
84	0.08657765359003554	1,2,3,4,5,6,7,8,9,10,11,12,13,14,15,16,17,18,19,20,21,22,23,24,25,26,27,28,29,30,31,32,33,34,35,36,37,38,39,40,41,42,43,44,45,46,47,48,49,50,51,52,53,54,55,56,57,58,59,60,61,62,63,64,65,66,67,68,69,70,71,72,73,74,75,76,77,78,79,80,81,82,83,84,85,86,87,88,89,90,91,92,93,94,95,96,97,98,99,100
85	0.03740146213291255	86,22
86	0.06776650789184738	21,65,24,58,68,83,7
87	0.09603369095344043	44,9,19,26,4,65,12
88	0.11444004424394191	1,2,3,4,5,6,7,8,9,10,11,12,13,14,15,16,17,18,19,20,21,22,23,24,25,26,27,28,29,30,31,32,33,34,35,36,37,38,39,40,41,42,43,44,45,46,47,48,49,50,51,52,53,54,55,56,57,58,59,60,61,62,63,64,65,66,67,68,69,70,71,72,73,74,75,76,77,78,79,80,81,82,83,84,85,86,87,88,89,90,91,92,93,94,95,96,97,98,99,100
89	0.1351178886874079	10,77,18,55
9	0.07561360630064533	13,34,87,86,97,6
90	0.036986006265261086	11,82,14
91	0.08359943257232592	39,29,5
92	0.04610271464010933	9,28,94,34,37,54,48,25,73
93	0.0608781552089204	34
94	0.09935702314051334	49
95	0.052847259320650986	72,98,22,87,85,8
96	0.042858952973532614	99,97,23,1,80,81,32
97	0.07547683687911845	62,38,33,59,14,95,7,16,25
98	0.07389481637386562	22,16,97,64,74,87,94
99	0.05743020345413062	47,84,7,54,33,87,27
