1	0.026147708541838913	98,86
10	0.07361509098668226	53,27,77,97,40
100	0.01796433934397327	69,55,31,17,6,66,15,87
11	0.06423348055447181	8,4
12	0.07647019985126659	18,33
13	0.04990217398600837	77,44,82,23,28
14	0.0328048540176647	47,29,35,34,8,22
15	0.05698568323960234	76
16	0.059310164491726394	79,24,88,3,76,59
17	0.027143292682047432	33,38,21,54,12,58,8
18	0.0893641416293585	19,53,84,26,70,8,90,59,75
19	0.03550166593570221	1,2,3,4,5,6,7,8,9,10,11,12,13,14,15,16,17,18,19,20,21,22,23,24,25,26,27,28,29,30,31,32,33,34,35,36,37,38,39,40,41,42,43,44,45,46,47,48,49,50,51,52,53,54,55,56,57,58,59,60,61,62,63,64,65,66,67,68,69,70,71,72,73,74,75,76,77,78,79,80,81,82,83,84,85,86,87,88,89,90,91,92,93,94,95,96,97,98,99,100
2	0.0447919966144291	54,4,57,34,36
20	0.0530619924234531	2,51,72,36,44
21	0.030603801352528222	78,47,11,83,80,25
22	0.06402282869328302	64,88,12
23	0.04967320321549568	92,8,54,4,89,66
24	0.04989143104666581	7,31,32,42,16,89,35
25	0.08096170124329444	8,75,39
26	0.08788562705185947	36,5
27	0.054630418030667	74,5,32,41
28	0.047108076220979914	99,52,43
29	0.05889772597861031	91,18,8,34,37,38,80
3	0.0754056294482149	54,39,75,16,11,73,65
30	0.025416123712711264	1,2,3,4,5,6,7,8,9,10,11,12,13,14,15,16,17,18,19,20,21,22,23,24,25,26,27,28,29,30,31,32,33,34,35,36,37,38,39,40,41,42,43,44,45,46,47,48,49,50,51,52,53,54,55,56,57,58,59,60,61,62,63,64,65,66,67,68,69,70,71,72,73,74,75,76,77,78,79,80,81,82,83,84,85,86,87,88,89,90,91,92,93,94,95,96,97,98,99,100
31	0.04880813882009212	88,40,53,13,57,9,41,93
32	0.16051574454466908	71,8,95,48,55,94,81,34
33	0.06392436073374129	93,44,42,43,31,17
34	0.11745150171307572	54,88,59,91,12
35	0.038054854974303796	21,65,25,54,56,11,73,4
36	0.07325746529314887	1,2,3,4,5,6,7,8,9,10,11,12,13,14,15,16,17,18,19,20,21,22,23,24,25,26,27,28,29,30,31,32,33,34,35,36,37,38,39,40,41,42,43,44,45,46,47,48,49,50,51,52,53,54,55,56,57,58,59,60,61,62,63,64,65,66,67,68,69,70,71,72,73,74,75,76,77,78,79,80,81,82,83,84,85,86,87,88,89,90,91,92,93,94,95,96,97,98,99,100
37	0.0312813288602522	27,26,54,32,36,8
38	0.037710153932908566	55,72,86,39,75
39	0.08526453766969554	50
4	0.08019568876359567	32
40	0.05880576199110148	75,84
41	0.11002939181517904	15,89,61
42	0.03456960928931131	4,93,76,86
43	0.05212965625418134	80,82
44	0.06898558884103752	64,98,50,16
45	0.03392357806646305	1,2,3,4,5,6,7,8,9,10,11,12,13,14,15,16,17,18,19,20,21,22,23,24,25,26,27,28,29,30,31,32,33,34,35,36,37,38,39,40,41,42,43,44,45,46,47,48,49,50,51,52,53,54,55,56,57,58,59,60,61,62,63,64,65,66,67,68,69,70,71,72,73,74,75,76,77,78,79,80,81,82,83,84,85,86,87,88,89,90,91,92,93,94,95,96,97,98,99,100
46	0.05626106023341693	30,20,25,59,91,11,62,67,26
47	0.04853035884697792	88
48	0.0686544658617896	41
49	0.12890146885123	58,89,59,94,41,51,87,85,29
5	0.09563011293594594	27,20,87,49,25
50	0.106589752171946	80,49,48,47,32
51	0.06456141368953906	54,84,82
52	0.03035009590249129	15,72,24,76
53	0.04160473056961956	8,23,9
54	0.1102279325382888	2,22,59,40,90,95,55,48,77
55	0.09427627115851375	80,91,20,65,66
56	0.024873342096900324	43,66,76,77,38,39,40,67,59
57	0.03225591563189021	1,2,3,4,5,6,7,8,9,10,11,12,13,14,15,16,17,18,19,20,21,22,23,24,25,26,27,28,29,30,31,32,33,34,35,36,37,38,39,40,41,42,43,44,45,46,47,48,49,50,51,52,53,54,55,56,57,58,59,60,61,62,63,64,65,66,67,68,69,70,71,72,73,74,75,76,77,78,79,80,81,82,83,84,85,86,87,88,89,90,91,92,93,94,95,96,97,98,99,100
58	0.10478843503339508	98,99,40,55,35,2,96,12,3
59	0.09798186923436851	3,26
6	0.04924995396877864	74,71,40,56,98,79,22,48,78
60	0.024595004912166485	77,15,96,61,59,25,4,35
61	0.05378798276523857	1,2,3,4,5,6,7,8,9,10,11,12,13,14,15,16,17,18,19,20,21,22,23,24,25,26,27,28,29,30,31,32,33,34,35,36,37,38,39,40,41,42,43,44,45,46,47,48,49,50,51,52,53,54,55,56,57,58,59,60,61,62,63,64,65,66,67,68,69,70,71,72,73,74,75,76,77,78,79,80,81,82,83,84,85,86,87,88,89,90,91,92,93,94,95,96,97,98,99,100
62	0.03201463661687389	73,31,37,62,61,24
63	0.027583216107111626	68
64	0.07918380023199292	39,79,28,31,99,98,93,55
65	0.06219782697604902	1,2,3,4,5,6,7,8,9,10,11,12,13,14,15,16,17,18,19,20,21,22,23,24,25,26,27,28,29,30,31,32,33,34,35,36,37,38,39,40,41,42,43,44,45,46,47,48,49,50,51,52,53,54,55,56,57,58,59,60,61,62,63,64,65,66,67,68,69,70,71,72,73,74,75,76,77,78,79,80,81,82,83,84,85,86,87,88,89,90,91,92,93,94,95,96,97,98,99,100
66	0.0421612173315435	1,2,3,4,5,6,7,8,9,10,11,12,13,14,15,16,17,18,19,20,21,22,23,24,25,26,27,28,29,30,31,32,33,34,35,36,37,38,39,40,41,42,43,44,45,46,47,48,49,50,51,52,53,54,55,56,57,58,59,60,61,62,63,64,65,66,67,68,69,70,71,72,73,74,75,76,77,78,79,80,81,82,83,84,85,86,87,88,89,90,91,92,93,94,95,96,97,98,99,100
67	0.023841322294847055	75,60,99,28,54,26
68	0.04742452758528626	34,31,69,1,80,29,43,60
69	0.036291275270451964	58
7	0.041986941736934236	8,92,97
70	0.03303489513558066	94
71	0.037884820639268194	64,18,43,80
72	0.06780313295989551	81,13,58
73	0.036704191828320826	91,64
74	0.04017155289347091	89
75	0.08911390385760598	45,44,28,41,70,24,83,78,84
76	0.09611103600331923	1,2,3,4,5,6,7,8,9,10,11,12,13,14,15,16,17,18,19,20,21,22,23,24,25,26,27,28,29,30,31,32,33,34,35,36,37,38,39,40,41,42,43,44,45,46,47,48,49,50,51,52,53,54,55,56,57,58,59,60,61,62,63,64,65,66,67,68,69,70,71,72,73,74,75,76,77,78,79,80,81,82,83,84,85,86,87,88,89,90,91,92,93,94,95,96,97,98,99,100
77	0.08713277848062771	87,11,54,77,69,63,58
78	0.032867584574496074	50,93,58,87,57,42,11
79	0.036931287822612846	38,51,58,30,96,69,11,82
8	0.14472663823524326	25,51,9,32,72
80	0.098773722397062	44,76,92,45,46,59,97,96,94
81	0.056660271996080654	32,46,93,23,5
82	0.0770676082995519	46,6,89
83	0.03601635707870276	10
84	0.08101686665958564	1,2,3,4,5,6,7,8,9,10,11,12,13,14,15,16,17,18,19,20,21,22,23,24,25,26,27,28,29,30,31,32,33,34,35,36,37,38,39,40,41,42,43,44,45,46,47,48,49,50,51,52,53,54,55,56,57,58,59,60,61,62,63,64,65,66,67,68,69,70,71,72,73,74,75,76,77,78,79,80,81,82,83,84,85,86,87,88,89,90,91,92,93,94,95,96,97,98,99,100
85	0.035383710392629844	86,22
86	0.06423657608240933	21,65,24,58,68,83,7
87	0.08962538261657144	44,9,19,26,4,65,12
88	0.1072334190725447	1,2,3,4,5,6,7,8,9,10,11,12,13,14,15,16,17,18,19,20,21,22,23,24,25,26,27,28,29,30,31,32,33,34,35,36,37,38,39,40,41,42,43,44,45,46,47,48,49,50,51,52,53,54,55,56,57,58,59,60,61,62,63,64,65,66,67,68,69,70,71,72,73,74,75,76,77,78,79,80,81,82,83,84,85,86,87,88,89,90,91,92,93,94,95,96,97,98,99,100
89	0.12622368228975045	10,77,18,55
9	0.07087809137388139	13,34,87,86,97,6
90	0.03502899913267303	11,82,14
91	0.07834631896059857	39,29,5
92	0.04372632059034134	9,28,94,34,37,54,48,25,73
93	0.057422142003545604	34
94	0.09301139245650955	49
95	0.049630911215357655	72,98,22,87,85,8
96	0.04060183655777331	99,97,23,1,80,81,32
97	0.07095533610241432	62,38,33,59,14,95,7,16,25
98	0.0695623101899238	22,16,97,64,74,87,94
99	0.054252885567287065	47,84,7,54,33,87,27
