1	0.026148068826731454	98,86
10	0.073616687711258	53,27,77,97,40
100	0.0179644855216876	69,55,31,17,6,66,15,87
11	0.06423492725455789	8,4
12	0.07647206105348485	18,33
13	0.0499032545159175	77,44,82,23,28
14	0.03280541576514772	47,29,35,34,8,22
15	0.05698698508205585	76
16	0.05931156112178608	79,24,88,3,76,59
17	0.027143703741640577	33,38,21,54,12,58,8
18	0.08936640850288538	19,53,84,26,70,8,90,59,75
19	0.035502393454444524	1,2,3,4,5,6,7,8,9,10,11,12,13,14,15,16,17,18,19,20,21,22,23,24,25,26,27,28,29,30,31,32,33,34,35,36,37,38,39,40,41,42,43,44,45,46,47,48,49,50,51,52,53,54,55,56,57,58,59,60,61,62,63,64,65,66,67,68,69,70,71,72,73,74,75,76,77,78,79,80,81,82,83,84,85,86,87,88,89,90,91,92,93,94,95,96,97,98,99,100
2	0.044792975395139496	54,4,57,34,36
20	0.05306326345272617	2,51,72,36,44
21	0.030604274534509743	78,47,11,83,80,25
22	0.06402426814822863	64,88,12
23	0.049674224291470434	92,8,54,4,89,66
24	0.049892447085578384	7,31,32,42,16,89,35
25	0.08096369571011847	8,75,39
26	0.0878879177186665	36,5
27	0.05463163259766604	74,5,32,41
28	0.0471090588782684	99,52,43
29	0.058899081083007565	91,18,8,34,37,38,80
3	0.07540756164127883	54,39,75,16,11,73,65
30	0.025416499927840376	1,2,3,4,5,6,7,8,9,10,11,12,13,14,15,16,17,18,19,20,21,22,23,24,25,26,27,28,29,30,31,32,33,34,35,36,37,38,39,40,41,42,43,44,45,46,47,48,49,50,51,52,53,54,55,56,57,58,59,60,61,62,63,64,65,66,67,68,69,70,71,72,73,74,75,76,77,78,79,80,81,82,83,84,85,86,87,88,89,90,91,92,93,94,95,96,97,98,99,100
31	0.04880911390117609	88,40,53,13,57,9,41,93
32	0.16051993887750057	71,8,95,48,55,94,81,34
33	0.06392584039172844	93,44,42,43,31,17
34	0.11745437605235848	54,88,59,91,12
35	0.03805554936932924	21,65,25,54,56,11,73,4
36	0.07325929479416876	1,2,3,4,5,6,7,8,9,10,11,12,13,14,15,16,17,18,19,20,21,22,23,24,25,26,27,28,29,30,31,32,33,34,35,36,37,38,39,40,41,42,43,44,45,46,47,48,49,50,51,52,53,54,55,56,57,58,59,60,61,62,63,64,65,66,67,68,69,70,71,72,73,74,75,76,77,78,79,80,81,82,83,84,85,86,87,88,89,90,91,92,93,94,95,96,97,98,99,100
37	0.03128185702768425	27,26,54,32,36,8
38	0.037710861979203855	55,72,86,39,75
39	0.08526666253960484	50
4	0.08019753311054557	32
40	0.05880708108207743	75,84
41	0.11003233681022667	15,89,61
42	0.03457023058202506	4,93,76,86
43	0.052130709566092656	80,82
44	0.06898729175719336	64,98,50,16
45	0.03392423459492626	1,2,3,4,5,6,7,8,9,10,11,12,13,14,15,16,17,18,19,20,21,22,23,24,25,26,27,28,29,30,31,32,33,34,35,36,37,38,39,40,41,42,43,44,45,46,47,48,49,50,51,52,53,54,55,56,57,58,59,60,61,62,63,64,65,66,67,68,69,70,71,72,73,74,75,76,77,78,79,80,81,82,83,84,85,86,87,88,89,90,91,92,93,94,95,96,97,98,99,100
46	0.05626231939890689	30,20,25,59,91,11,62,67,26
47	0.048531396893032125	88
48	0.06865620829115748	41
49	0.12890495242524747	58,89,59,94,41,51,87,85,29
5	0.09563260125136952	27,20,87,49,25
50	0.10659253230552738	80,49,48,47,32
51	0.06456302319899414	54,84,82
52	0.03035056963263512	15,72,24,76
53	0.04160556985222086	8,23,9
54	0.11023068876848867	2,22,59,40,90,95,55,48,77
55	0.09427870756450052	80,91,20,65,66
56	0.02487368973374615	43,66,76,77,38,39,40,67,59
57	0.03225646280780094	1,2,3,4,5,6,7,8,9,10,11,12,13,14,15,16,17,18,19,20,21,22,23,24,25,26,27,28,29,30,31,32,33,34,35,36,37,38,39,40,41,42,43,44,45,46,47,48,49,50,51,52,53,54,55,56,57,58,59,60,61,62,63,64,65,66,67,68,69,70,71,72,73,74,75,76,77,78,79,80,81,82,83,84,85,86,87,88,89,90,91,92,93,94,95,96,97,98,99,100
58	0.10479088437746834	98,99,40,55,35,2,96,12,3
59	0.09798443142303152	3,26
6	0.049250985906558464	74,71,40,56,98,79,22,48,78
60	0.024595303271950884	77,15,96,61,59,25,4,35
61	0.05378924128053706	1,2,3,4,5,6,7,8,9,10,11,12,13,14,15,16,17,18,19,20,21,22,23,24,25,26,27,28,29,30,31,32,33,34,35,36,37,38,39,40,41,42,43,44,45,46,47,48,49,50,51,52,53,54,55,56,57,58,59,60,61,62,63,64,65,66,67,68,69,70,71,72,73,74,75,76,77,78,79,80,81,82,83,84,85,86,87,88,89,90,91,92,93,94,95,96,97,98,99,100
62	0.032015196882445265	73,31,37,62,61,24
63	0.02758367295545823	68
64	0.0791856196876781	39,79,28,31,99,98,93,55
65	0.0621993342102011	1,2,3,4,5,6,7,8,9,10,11,12,13,14,15,16,17,18,19,20,21,22,23,24,25,26,27,28,29,30,31,32,33,34,35,36,37,38,39,40,41,42,43,44,45,46,47,48,49,50,51,52,53,54,55,56,57,58,59,60,61,62,63,64,65,66,67,68,69,70,71,72,73,74,75,76,77,78,79,80,81,82,83,84,85,86,87,88,89,90,91,92,93,94,95,96,97,98,99,100
66	0.04216207786831481	1,2,3,4,5,6,7,8,9,10,11,12,13,14,15,16,17,18,19,20,21,22,23,24,25,26,27,28,29,30,31,32,33,34,35,36,37,38,39,40,41,42,43,44,45,46,47,48,49,50,51,52,53,54,55,56,57,58,59,60,61,62,63,64,65,66,67,68,69,70,71,72,73,74,75,76,77,78,79,80,81,82,83,84,85,86,87,88,89,90,91,92,93,94,95,96,97,98,99,100
67	0.02384164700615425	75,60,99,28,54,26
68	0.04742531209343717	34,31,69,1,80,29,43,60
69	0.03629193858466983	58
7	0.04198775870151929	8,92,97
70	0.03303553698543177	94
71	0.03788560576833977	64,18,43,80
72	0.067804718237245	81,13,58
73	0.03670488923636915	91,64
74	0.04017234011701291	89
75	0.08911609803331008	45,44,28,41,70,24,83,78,84
76	0.0961132957306427	1,2,3,4,5,6,7,8,9,10,11,12,13,14,15,16,17,18,19,20,21,22,23,24,25,26,27,28,29,30,31,32,33,34,35,36,37,38,39,40,41,42,43,44,45,46,47,48,49,50,51,52,53,54,55,56,57,58,59,60,61,62,63,64,65,66,67,68,69,70,71,72,73,74,75,76,77,78,79,80,81,82,83,84,85,86,87,88,89,90,91,92,93,94,95,96,97,98,99,100
77	0.08713495317505358	87,11,54,77,69,63,58
78	0.032868168072927764	50,93,58,87,57,42,11
79	0.036932008863717745	38,51,58,30,96,69,11,82
8	0.14473029789508465	25,51,9,32,72
80	0.09877612137809777	44,76,92,45,46,59,97,96,94
81	0.056661586934841426	32,46,93,23,5
82	0.07706935863927707	46,6,89
83	0.03601700739947112	10
84	0.08101886791145592	1,2,3,4,5,6,7,8,9,10,11,12,13,14,15,16,17,18,19,20,21,22,23,24,25,26,27,28,29,30,31,32,33,34,35,36,37,38,39,40,41,42,43,44,45,46,47,48,49,50,51,52,53,54,55,56,57,58,59,60,61,62,63,64,65,66,67,68,69,70,71,72,73,74,75,76,77,78,79,80,81,82,83,84,85,86,87,88,89,90,91,92,93,94,95,96,97,98,99,100
85	0.035384436554141134	86,22
86	0.06423784645703923	21,65,24,58,68,83,7
87	0.08962768887991306	44,9,19,26,4,65,12
88	0.1072360126392971	1,2,3,4,5,6,7,8,9,10,11,12,13,14,15,16,17,18,19,20,21,22,23,24,25,26,27,28,29,30,31,32,33,34,35,36,37,38,39,40,41,42,43,44,45,46,47,48,49,50,51,52,53,54,55,56,57,58,59,60,61,62,63,64,65,66,67,68,69,70,71,72,73,74,75,76,77,78,79,80,81,82,83,84,85,86,87,88,89,90,91,92,93,94,95,96,97,98,99,100
89	0.12622688319412265	10,77,18,55
9	0.07087979562153829	13,34,87,86,97,6
90	0.03502970343302367	11,82,14
91	0.0783482094850101	39,29,5
92	0.04372717582236156	9,28,94,34,37,54,48,25,73
93	0.05742338577587001	34
94	0.09301367616301169	49
95	0.049632068735461055	72,98,22,87,85,8
96	0.04060264886338869	99,97,23,1,80,81,32
97	0.07095696332928066	62,38,33,59,14,95,7,16,25
98	0.06956386940019602	22,16,97,64,74,87,94
99	0.05425402904094356	47,84,7,54,33,87,27
