1	0.02617569514308945	98,86
10	0.07373912309275646	53,27,77,97,40
100	0.017975694295256167	69,55,31,17,6,66,15,87
11	0.06434585889526881	8,4
12	0.07661477633895021	18,33
13	0.04998610856204132	77,44,82,23,28
14	0.03284849004886272	47,29,35,34,8,22
15	0.05708680917186308	76
16	0.05941865343862497	79,24,88,3,76,59
17	0.027175223415646887	33,38,21,54,12,58,8
18	0.08954023029362329	19,53,84,26,70,8,90,59,75
19	0.0355581789268519	1,2,3,4,5,6,7,8,9,10,11,12,13,14,15,16,17,18,19,20,21,22,23,24,25,26,27,28,29,30,31,32,33,34,35,36,37,38,39,40,41,42,43,44,45,46,47,48,49,50,51,52,53,54,55,56,57,58,59,60,61,62,63,64,65,66,67,68,69,70,71,72,73,74,75,76,77,78,79,80,81,82,83,84,85,86,87,88,89,90,91,92,93,94,95,96,97,98,99,100
2	0.04486802740567568	54,4,57,34,36
20	0.05316072481601201	2,51,72,36,44
21	0.03064055769649361	78,47,11,83,80,25
22	0.0641346442381905	64,88,12
23	0.049752519464230364	92,8,54,4,89,66
24	0.04997035602101284	7,31,32,42,16,89,35
25	0.08111662960378477	8,75,39
26	0.08806356395638582	36,5
27	0.054724764485370524	74,5,32,41
28	0.04718440814126955	99,52,43
29	0.05900298924999505	91,18,8,34,37,38,80
3	0.07555572043992463	54,39,75,16,11,73,65
30	0.025445347760182646	1,2,3,4,5,6,7,8,9,10,11,12,13,14,15,16,17,18,19,20,21,22,23,24,25,26,27,28,29,30,31,32,33,34,35,36,37,38,39,40,41,42,43,44,45,46,47,48,49,50,51,52,53,54,55,56,57,58,59,60,61,62,63,64,65,66,67,68,69,70,71,72,73,74,75,76,77,78,79,80,81,82,83,84,85,86,87,88,89,90,91,92,93,94,95,96,97,98,99,100
31	0.04888388222773711	88,40,53,13,57,9,41,93
32	0.16084155648654508	71,8,95,48,55,94,81,34
33	0.06403929921417842	93,44,42,43,31,17
34	0.11767477776220023	54,88,59,91,12
35	0.03810879494539314	21,65,25,54,56,11,73,4
36	0.07339957926070961	1,2,3,4,5,6,7,8,9,10,11,12,13,14,15,16,17,18,19,20,21,22,23,24,25,26,27,28,29,30,31,32,33,34,35,36,37,38,39,40,41,42,43,44,45,46,47,48,49,50,51,52,53,54,55,56,57,58,59,60,61,62,63,64,65,66,67,68,69,70,71,72,73,74,75,76,77,78,79,80,81,82,83,84,85,86,87,88,89,90,91,92,93,94,95,96,97,98,99,100
37	0.0313223564237735	27,26,54,32,36,8
38	0.037765154322165664	55,72,86,39,75
39	0.08542959562270044	50
4	0.08033895594943508	32
40	0.05890822777282529	75,84
41	0.11025815633955964	15,89,61
42	0.03461787073962364	4,93,76,86
43	0.05221147656101301	80,82
44	0.06911786981202296	64,98,50,16
45	0.03397457659759767	1,2,3,4,5,6,7,8,9,10,11,12,13,14,15,16,17,18,19,20,21,22,23,24,25,26,27,28,29,30,31,32,33,34,35,36,37,38,39,40,41,42,43,44,45,46,47,48,49,50,51,52,53,54,55,56,57,58,59,60,61,62,63,64,65,66,67,68,69,70,71,72,73,74,75,76,77,78,79,80,81,82,83,84,85,86,87,88,89,90,91,92,93,94,95,96,97,98,99,100
46	0.05635887105814417	30,20,25,59,91,11,62,67,26
47	0.04861099331597827	88
48	0.06878981618298217	41
49	0.12917206969787376	58,89,59,94,41,51,87,85,29
5	0.09582340300441146	27,20,87,49,25
50	0.10680571040826808	80,49,48,47,32
51	0.06468643891335696	54,84,82
52	0.030386894827204067	15,72,24,76
53	0.041669925275213446	8,23,9
54	0.1104420339817743	2,22,59,40,90,95,55,48,77
55	0.09446552894935759	80,91,20,65,66
56	0.024900346209439185	43,66,76,77,38,39,40,67,59
57	0.032298419756666	1,2,3,4,5,6,7,8,9,10,11,12,13,14,15,16,17,18,19,20,21,22,23,24,25,26,27,28,29,30,31,32,33,34,35,36,37,38,39,40,41,42,43,44,45,46,47,48,49,50,51,52,53,54,55,56,57,58,59,60,61,62,63,64,65,66,67,68,69,70,71,72,73,74,75,76,77,78,79,80,81,82,83,84,85,86,87,88,89,90,91,92,93,94,95,96,97,98,99,100
58	0.10497869784297667	98,99,40,55,35,2,96,12,3
59	0.0981808977085712	3,26
6	0.04933011395260677	74,71,40,56,98,79,22,48,78
60	0.02461818122759917	77,15,96,61,59,25,4,35
61	0.05388574308368655	1,2,3,4,5,6,7,8,9,10,11,12,13,14,15,16,17,18,19,20,21,22,23,24,25,26,27,28,29,30,31,32,33,34,35,36,37,38,39,40,41,42,43,44,45,46,47,48,49,50,51,52,53,54,55,56,57,58,59,60,61,62,63,64,65,66,67,68,69,70,71,72,73,74,75,76,77,78,79,80,81,82,83,84,85,86,87,88,89,90,91,92,93,94,95,96,97,98,99,100
62	0.032058157534528654	73,31,37,62,61,24
63	0.027618703669240997	68
64	0.07932513388713129	39,79,28,31,99,98,93,55
65	0.062314907547782336	1,2,3,4,5,6,7,8,9,10,11,12,13,14,15,16,17,18,19,20,21,22,23,24,25,26,27,28,29,30,31,32,33,34,35,36,37,38,39,40,41,42,43,44,45,46,47,48,49,50,51,52,53,54,55,56,57,58,59,60,61,62,63,64,65,66,67,68,69,70,71,72,73,74,75,76,77,78,79,80,81,82,83,84,85,86,87,88,89,90,91,92,93,94,95,96,97,98,99,100
66	0.04222806304164341	1,2,3,4,5,6,7,8,9,10,11,12,13,14,15,16,17,18,19,20,21,22,23,24,25,26,27,28,29,30,31,32,33,34,35,36,37,38,39,40,41,42,43,44,45,46,47,48,49,50,51,52,53,54,55,56,57,58,59,60,61,62,63,64,65,66,67,68,69,70,71,72,73,74,75,76,77,78,79,80,81,82,83,84,85,86,87,88,89,90,91,92,93,94,95,96,97,98,99,100
67	0.023866545572492855	75,60,99,28,54,26
68	0.04748546746162349	34,31,69,1,80,29,43,60
69	0.03634280091280819	58
7	0.042050402799418456	8,92,97
70	0.0330847534455395	94
71	0.03794580874815539	64,18,43,80
72	0.06792627585589307	81,13,58
73	0.03675836584827472	91,64
74	0.04023270369890733	89
75	0.08928434542142474	45,44,28,41,70,24,83,78,84
76	0.09628656955703399	1,2,3,4,5,6,7,8,9,10,11,12,13,14,15,16,17,18,19,20,21,22,23,24,25,26,27,28,29,30,31,32,33,34,35,36,37,38,39,40,41,42,43,44,45,46,47,48,49,50,51,52,53,54,55,56,57,58,59,60,61,62,63,64,65,66,67,68,69,70,71,72,73,74,75,76,77,78,79,80,81,82,83,84,85,86,87,88,89,90,91,92,93,94,95,96,97,98,99,100
77	0.08730170675655297	87,11,54,77,69,63,58
78	0.03291291019951175	50,93,58,87,57,42,11
79	0.0369872976368076	38,51,58,30,96,69,11,82
8	0.14501091726779655	25,51,9,32,72
80	0.09896007305190874	44,76,92,45,46,59,97,96,94
81	0.05676241523752274	32,46,93,23,5
82	0.07720357309007071	46,6,89
83	0.03606687340177361	10
84	0.0811723220762715	1,2,3,4,5,6,7,8,9,10,11,12,13,14,15,16,17,18,19,20,21,22,23,24,25,26,27,28,29,30,31,32,33,34,35,36,37,38,39,40,41,42,43,44,45,46,47,48,49,50,51,52,53,54,55,56,57,58,59,60,61,62,63,64,65,66,67,68,69,70,71,72,73,74,75,76,77,78,79,80,81,82,83,84,85,86,87,88,89,90,91,92,93,94,95,96,97,98,99,100
85	0.03544011795531353	86,22
86	0.06433525762288411	21,65,24,58,68,83,7
87	0.08980453104565525	44,9,19,26,4,65,12
88	0.10743488496806074	1,2,3,4,5,6,7,8,9,10,11,12,13,14,15,16,17,18,19,20,21,22,23,24,25,26,27,28,29,30,31,32,33,34,35,36,37,38,39,40,41,42,43,44,45,46,47,48,49,50,51,52,53,54,55,56,57,58,59,60,61,62,63,64,65,66,67,68,69,70,71,72,73,74,75,76,77,78,79,80,81,82,83,84,85,86,87,88,89,90,91,92,93,94,95,96,97,98,99,100
89	0.12647232561663216	10,77,18,55
9	0.07101047577465291	13,34,87,86,97,6
90	0.035083708540372634	11,82,14
91	0.07849317316946405	39,29,5
92	0.043792754232224396	9,28,94,34,37,54,48,25,73
93	0.057518757101237064	34
94	0.09318878869091293	49
95	0.04972082631933317	72,98,22,87,85,8
96	0.04066493571575168	99,97,23,1,80,81,32
97	0.07108173759855169	62,38,33,59,14,95,7,16,25
98	0.06968342821917874	22,16,97,64,74,87,94
99	0.05434170955610099	47,84,7,54,33,87,27
