1	0.026147955097141573	98,86
10	0.07361618368004574	53,27,77,97,40
100	0.01796443937839421	69,55,31,17,6,66,15,87
11	0.06423447058093412	8,4
12	0.07647147353574724	18,33
13	0.04990291342966614	77,44,82,23,28
14	0.032805238440724235	47,29,35,34,8,22
15	0.056986574135020916	76
16	0.05931112025355323	79,24,88,3,76,59
17	0.027143573984218298	33,38,21,54,12,58,8
18	0.0893656929286222	19,53,84,26,70,8,90,59,75
19	0.03550216380171718	1,2,3,4,5,6,7,8,9,10,11,12,13,14,15,16,17,18,19,20,21,22,23,24,25,26,27,28,29,30,31,32,33,34,35,36,37,38,39,40,41,42,43,44,45,46,47,48,49,50,51,52,53,54,55,56,57,58,59,60,61,62,63,64,65,66,67,68,69,70,71,72,73,74,75,76,77,78,79,80,81,82,83,84,85,86,87,88,89,90,91,92,93,94,95,96,97,98,99,100
2	0.04479266642762218	54,4,57,34,36
20	0.05306286223235601	2,51,72,36,44
21	0.03060412516717903	78,47,11,83,80,25
22	0.06402381376164734	64,88,12
23	0.049673901972788065	92,8,54,4,89,66
24	0.04989212635692386	7,31,32,42,16,89,35
25	0.08096306612531318	8,75,39
26	0.08788719463368043	36,5
27	0.05463124920050024	74,5,32,41
28	0.047108748687048285	99,52,43
29	0.05889865332300282	91,18,8,34,37,38,80
3	0.07540695171416484	54,39,75,16,11,73,65
30	0.025416381169620902	1,2,3,4,5,6,7,8,9,10,11,12,13,14,15,16,17,18,19,20,21,22,23,24,25,26,27,28,29,30,31,32,33,34,35,36,37,38,39,40,41,42,43,44,45,46,47,48,49,50,51,52,53,54,55,56,57,58,59,60,61,62,63,64,65,66,67,68,69,70,71,72,73,74,75,76,77,78,79,80,81,82,83,84,85,86,87,88,89,90,91,92,93,94,95,96,97,98,99,100
31	0.04880880610150401	88,40,53,13,57,9,41,93
32	0.1605186148704089	71,8,95,48,55,94,81,34
33	0.0639253733144251	93,44,42,43,31,17
34	0.11745346872198031	54,88,59,91,12
35	0.03805533017262382	21,65,25,54,56,11,73,4
36	0.07325871728341275	1,2,3,4,5,6,7,8,9,10,11,12,13,14,15,16,17,18,19,20,21,22,23,24,25,26,27,28,29,30,31,32,33,34,35,36,37,38,39,40,41,42,43,44,45,46,47,48,49,50,51,52,53,54,55,56,57,58,59,60,61,62,63,64,65,66,67,68,69,70,71,72,73,74,75,76,77,78,79,80,81,82,83,84,85,86,87,88,89,90,91,92,93,94,95,96,97,98,99,100
37	0.03128169030333173	27,26,54,32,36,8
38	0.037710638473260505	55,72,86,39,75
39	0.08526599179101581	50
4	0.08019695091343836	32
40	0.05880666469027524	75,84
41	0.11003140717624563	15,89,61
42	0.03457003446121348	4,93,76,86
43	0.052130377071630166	80,82
44	0.06898675420493953	64,98,50,16
45	0.03392402735139646	1,2,3,4,5,6,7,8,9,10,11,12,13,14,15,16,17,18,19,20,21,22,23,24,25,26,27,28,29,30,31,32,33,34,35,36,37,38,39,40,41,42,43,44,45,46,47,48,49,50,51,52,53,54,55,56,57,58,59,60,61,62,63,64,65,66,67,68,69,70,71,72,73,74,75,76,77,78,79,80,81,82,83,84,85,86,87,88,89,90,91,92,93,94,95,96,97,98,99,100
46	0.056261921923526366	30,20,25,59,91,11,62,67,26
47	0.04853106921747741	88
48	0.06865565826593716	41
49	0.12890385278034835	58,89,59,94,41,51,87,85,29
5	0.09563181577549065	27,20,87,49,25
50	0.10659165471265974	80,49,48,47,32
51	0.06456251513203373	54,84,82
52	0.030350420092268356	15,72,24,76
53	0.04160530491947454	8,23,9
54	0.11022981872109915	2,22,59,40,90,95,55,48,77
55	0.09427793847465138	80,91,20,65,66
56	0.02487357999671104	43,66,76,77,38,39,40,67,59
57	0.032256290083123314	1,2,3,4,5,6,7,8,9,10,11,12,13,14,15,16,17,18,19,20,21,22,23,24,25,26,27,28,29,30,31,32,33,34,35,36,37,38,39,40,41,42,43,44,45,46,47,48,49,50,51,52,53,54,55,56,57,58,59,60,61,62,63,64,65,66,67,68,69,70,71,72,73,74,75,76,77,78,79,80,81,82,83,84,85,86,87,88,89,90,91,92,93,94,95,96,97,98,99,100
58	0.10479011120350884	98,99,40,55,35,2,96,12,3
59	0.09798362262790336	3,26
6	0.049250660159176576	74,71,40,56,98,79,22,48,78
60	0.02459520908999483	77,15,96,61,59,25,4,35
61	0.05378884401039969	1,2,3,4,5,6,7,8,9,10,11,12,13,14,15,16,17,18,19,20,21,22,23,24,25,26,27,28,29,30,31,32,33,34,35,36,37,38,39,40,41,42,43,44,45,46,47,48,49,50,51,52,53,54,55,56,57,58,59,60,61,62,63,64,65,66,67,68,69,70,71,72,73,74,75,76,77,78,79,80,81,82,83,84,85,86,87,88,89,90,91,92,93,94,95,96,97,98,99,100
62	0.0320150200258105	73,31,37,62,61,24
63	0.027583528744096135	68
64	0.07918504534788989	39,79,28,31,99,98,93,55
65	0.06219885842804783	1,2,3,4,5,6,7,8,9,10,11,12,13,14,15,16,17,18,19,20,21,22,23,24,25,26,27,28,29,30,31,32,33,34,35,36,37,38,39,40,41,42,43,44,45,46,47,48,49,50,51,52,53,54,55,56,57,58,59,60,61,62,63,64,65,66,67,68,69,70,71,72,73,74,75,76,77,78,79,80,81,82,83,84,85,86,87,88,89,90,91,92,93,94,95,96,97,98,99,100
66	0.04216180622635563	1,2,3,4,5,6,7,8,9,10,11,12,13,14,15,16,17,18,19,20,21,22,23,24,25,26,27,28,29,30,31,32,33,34,35,36,37,38,39,40,41,42,43,44,45,46,47,48,49,50,51,52,53,54,55,56,57,58,59,60,61,62,63,64,65,66,67,68,69,70,71,72,73,74,75,76,77,78,79,80,81,82,83,84,85,86,87,88,89,90,91,92,93,94,95,96,97,98,99,100
67	0.02384154450592579	75,60,99,28,54,26
68	0.047425064451107155	34,31,69,1,80,29,43,60
69	0.03629172919910991	58
7	0.041987500813805624	8,92,97
70	0.033035334375436626	94
71	0.037885357930006386	64,18,43,80
72	0.06780421781952965	81,13,58
73	0.0367046690885557	91,64
74	0.04017209161752701	89
75	0.08911540540725746	45,44,28,41,70,24,83,78,84
76	0.09611258241219098	1,2,3,4,5,6,7,8,9,10,11,12,13,14,15,16,17,18,19,20,21,22,23,24,25,26,27,28,29,30,31,32,33,34,35,36,37,38,39,40,41,42,43,44,45,46,47,48,49,50,51,52,53,54,55,56,57,58,59,60,61,62,63,64,65,66,67,68,69,70,71,72,73,74,75,76,77,78,79,80,81,82,83,84,85,86,87,88,89,90,91,92,93,94,95,96,97,98,99,100
77	0.08713426669857266	87,11,54,77,69,63,58
78	0.03286798388247542	50,93,58,87,57,42,11
79	0.03693178125575849	38,51,58,30,96,69,11,82
8	0.14472914266592718	25,51,9,32,72
80	0.09877536410202273	44,76,92,45,46,59,97,96,94
81	0.05666117185375123	32,46,93,23,5
82	0.07706880611702811	46,6,89
83	0.036016802115497785	10
84	0.08101823618484415	1,2,3,4,5,6,7,8,9,10,11,12,13,14,15,16,17,18,19,20,21,22,23,24,25,26,27,28,29,30,31,32,33,34,35,36,37,38,39,40,41,42,43,44,45,46,47,48,49,50,51,52,53,54,55,56,57,58,59,60,61,62,63,64,65,66,67,68,69,70,71,72,73,74,75,76,77,78,79,80,81,82,83,84,85,86,87,88,89,90,91,92,93,94,95,96,97,98,99,100
85	0.0353842073298451	86,22
86	0.06423744544331747	21,65,24,58,68,83,7
87	0.08962696087163566	44,9,19,26,4,65,12
88	0.10723519393918181	1,2,3,4,5,6,7,8,9,10,11,12,13,14,15,16,17,18,19,20,21,22,23,24,25,26,27,28,29,30,31,32,33,34,35,36,37,38,39,40,41,42,43,44,45,46,47,48,49,50,51,52,53,54,55,56,57,58,59,60,61,62,63,64,65,66,67,68,69,70,71,72,73,74,75,76,77,78,79,80,81,82,83,84,85,86,87,88,89,90,91,92,93,94,95,96,97,98,99,100
89	0.12622587277834052	10,77,18,55
9	0.07087925764897522	13,34,87,86,97,6
90	0.03502948110954665	11,82,14
91	0.07834761271126126	39,29,5
92	0.043726905854930435	9,28,94,34,37,54,48,25,73
93	0.057422993159584164	34
94	0.09301295527515525	49
95	0.049631703346044616	72,98,22,87,85,8
96	0.040602392446352054	99,97,23,1,80,81,32
97	0.07095644966954089	62,38,33,59,14,95,7,16,25
98	0.06956337721096338	22,16,97,64,74,87,94
99	0.054253668085508897	47,84,7,54,33,87,27
