1	0.0344281628387572	98,86
10	0.11031249530562486	53,27,77,97,40
100	0.021323938395548116	69,55,31,17,6,66,15,87
11	0.09748296686013022	8,4
12	0.11924605850819724	18,33
13	0.07473620526126029	77,44,82,23,28
14	0.04571547139848828	47,29,35,34,8,22
15	0.08690588798962964	76
16	0.09140891965435584	79,24,88,3,76,59
17	0.0365906301519133	33,38,21,54,12,58,8
18	0.14146383942030105	19,53,84,26,70,8,90,59,75
19	0.05222219274171837	1,2,3,4,5,6,7,8,9,10,11,12,13,14,15,16,17,18,19,20,21,22,23,24,25,26,27,28,29,30,31,32,33,34,35,36,37,38,39,40,41,42,43,44,45,46,47,48,49,50,51,52,53,54,55,56,57,58,59,60,61,62,63,64,65,66,67,68,69,70,71,72,73,74,75,76,77,78,79,80,81,82,83,84,85,86,87,88,89,90,91,92,93,94,95,96,97,98,99,100
2	0.06728730875434077	54,4,57,34,36
20	0.08227422604977401	2,51,72,36,44
21	0.041478935582838286	78,47,11,83,80,25
22	0.09710598562112757	64,88,12
23	0.0731404830136647	92,8,54,4,89,66
24	0.07324310111259336	7,31,32,42,16,89,35
25	0.1268006233902253	8,75,39
26	0.1405322338474509	36,5
27	0.08254499833726942	74,5,32,41
28	0.06969246969763988	99,52,43
29	0.0900421223873488	91,18,8,34,37,38,80
3	0.11981352523223135	54,39,75,16,11,73,65
30	0.03406269573663046	1,2,3,4,5,6,7,8,9,10,11,12,13,14,15,16,17,18,19,20,21,22,23,24,25,26,27,28,29,30,31,32,33,34,35,36,37,38,39,40,41,42,43,44,45,46,47,48,49,50,51,52,53,54,55,56,57,58,59,60,61,62,63,64,65,66,67,68,69,70,71,72,73,74,75,76,77,78,79,80,81,82,83,84,85,86,87,88,89,90,91,92,93,94,95,96,97,98,99,100
31	0.07121839254003415	88,40,53,13,57,9,41,93
32	0.25691352086496333	71,8,95,48,55,94,81,34
33	0.09793157470691947	93,44,42,43,31,17
34	0.18351301494466948	54,88,59,91,12
35	0.05401419297650871	21,65,25,54,56,11,73,4
36	0.11530456306815375	1,2,3,4,5,6,7,8,9,10,11,12,13,14,15,16,17,18,19,20,21,22,23,24,25,26,27,28,29,30,31,32,33,34,35,36,37,38,39,40,41,42,43,44,45,46,47,48,49,50,51,52,53,54,55,56,57,58,59,60,61,62,63,64,65,66,67,68,69,70,71,72,73,74,75,76,77,78,79,80,81,82,83,84,85,86,87,88,89,90,91,92,93,94,95,96,97,98,99,100
37	0.04342018538869405	27,26,54,32,36,8
38	0.053983194036714255	55,72,86,39,75
39	0.1341003341465573	50
4	0.12258448819863105	32
40	0.08912261964479819	75,84
41	0.17771444106975232	15,89,61
42	0.04884872107716126	4,93,76,86
43	0.07633797460573086	80,82
44	0.10812363493637084	64,98,50,16
45	0.049012692058356774	1,2,3,4,5,6,7,8,9,10,11,12,13,14,15,16,17,18,19,20,21,22,23,24,25,26,27,28,29,30,31,32,33,34,35,36,37,38,39,40,41,42,43,44,45,46,47,48,49,50,51,52,53,54,55,56,57,58,59,60,61,62,63,64,65,66,67,68,69,70,71,72,73,74,75,76,77,78,79,80,81,82,83,84,85,86,87,88,89,90,91,92,93,94,95,96,97,98,99,100
46	0.0852004732401208	30,20,25,59,91,11,62,67,26
47	0.07238759227519295	88
48	0.10870073954601685	41
49	0.20896465128089126	58,89,59,94,41,51,87,85,29
5	0.15281869233519618	27,20,87,49,25
50	0.1704859561388866	80,49,48,47,32
51	0.1015526218594677	54,84,82
52	0.04123788183219869	15,72,24,76
53	0.060894048315419544	8,23,9
54	0.17357442106984197	2,22,59,40,90,95,55,48,77
55	0.15027237139524666	80,91,20,65,66
56	0.03286308224187842	43,66,76,77,38,39,40,67,59
57	0.04483168861768445	1,2,3,4,5,6,7,8,9,10,11,12,13,14,15,16,17,18,19,20,21,22,23,24,25,26,27,28,29,30,31,32,33,34,35,36,37,38,39,40,41,42,43,44,45,46,47,48,49,50,51,52,53,54,55,56,57,58,59,60,61,62,63,64,65,66,67,68,69,70,71,72,73,74,75,76,77,78,79,80,81,82,83,84,85,86,87,88,89,90,91,92,93,94,95,96,97,98,99,100
58	0.16108177370134158	98,99,40,55,35,2,96,12,3
59	0.15686854295134905	3,26
6	0.07296702118066709	74,71,40,56,98,79,22,48,78
60	0.03145222912329841	77,15,96,61,59,25,4,35
61	0.08271242824853813	1,2,3,4,5,6,7,8,9,10,11,12,13,14,15,16,17,18,19,20,21,22,23,24,25,26,27,28,29,30,31,32,33,34,35,36,37,38,39,40,41,42,43,44,45,46,47,48,49,50,51,52,53,54,55,56,57,58,59,60,61,62,63,64,65,66,67,68,69,70,71,72,73,74,75,76,77,78,79,80,81,82,83,84,85,86,87,88,89,90,91,92,93,94,95,96,97,98,99,100
62	0.04489123013621576	73,31,37,62,61,24
63	0.038082996163874304	68
64	0.12100050316961414	39,79,28,31,99,98,93,55
65	0.0968385227451201	1,2,3,4,5,6,7,8,9,10,11,12,13,14,15,16,17,18,19,20,21,22,23,24,25,26,27,28,29,30,31,32,33,34,35,36,37,38,39,40,41,42,43,44,45,46,47,48,49,50,51,52,53,54,55,56,57,58,59,60,61,62,63,64,65,66,67,68,69,70,71,72,73,74,75,76,77,78,79,80,81,82,83,84,85,86,87,88,89,90,91,92,93,94,95,96,97,98,99,100
66	0.061939085181892437	1,2,3,4,5,6,7,8,9,10,11,12,13,14,15,16,17,18,19,20,21,22,23,24,25,26,27,28,29,30,31,32,33,34,35,36,37,38,39,40,41,42,43,44,45,46,47,48,49,50,51,52,53,54,55,56,57,58,59,60,61,62,63,64,65,66,67,68,69,70,71,72,73,74,75,76,77,78,79,80,81,82,83,84,85,86,87,88,89,90,91,92,93,94,95,96,97,98,99,100
67	0.031304187255906675	75,60,99,28,54,26
68	0.0654548435895417	34,31,69,1,80,29,43,60
69	0.05153629363541262	58
7	0.06076321132310322	8,92,97
70	0.04778659547384398	94
71	0.055929662796705776	64,18,43,80
72	0.10423744645820637	81,13,58
73	0.052732624589776574	91,64
74	0.0582641986875161	89
75	0.13954246792523614	45,44,28,41,70,24,83,78,84
76	0.14804637132940415	1,2,3,4,5,6,7,8,9,10,11,12,13,14,15,16,17,18,19,20,21,22,23,24,25,26,27,28,29,30,31,32,33,34,35,36,37,38,39,40,41,42,43,44,45,46,47,48,49,50,51,52,53,54,55,56,57,58,59,60,61,62,63,64,65,66,67,68,69,70,71,72,73,74,75,76,77,78,79,80,81,82,83,84,85,86,87,88,89,90,91,92,93,94,95,96,97,98,99,100
77	0.13711380246681354	87,11,54,77,69,63,58
78	0.04627821718418582	50,93,58,87,57,42,11
79	0.05350296276595645	38,51,58,30,96,69,11,82
8	0.22883697695043434	25,51,9,32,72
80	0.15390943570057755	44,76,92,45,46,59,97,96,94
81	0.08688187402594946	32,46,93,23,5
82	0.11729578140336905	46,6,89
83	0.0509627500978394	10
84	0.12701180090129027	1,2,3,4,5,6,7,8,9,10,11,12,13,14,15,16,17,18,19,20,21,22,23,24,25,26,27,28,29,30,31,32,33,34,35,36,37,38,39,40,41,42,43,44,45,46,47,48,49,50,51,52,53,54,55,56,57,58,59,60,61,62,63,64,65,66,67,68,69,70,71,72,73,74,75,76,77,78,79,80,81,82,83,84,85,86,87,88,89,90,91,92,93,94,95,96,97,98,99,100
85	0.052073039312658845	86,22
86	0.09343378165723364	21,65,24,58,68,83,7
87	0.14263041172297095	44,9,19,26,4,65,12
88	0.16684147982936406	1,2,3,4,5,6,7,8,9,10,11,12,13,14,15,16,17,18,19,20,21,22,23,24,25,26,27,28,29,30,31,32,33,34,35,36,37,38,39,40,41,42,43,44,45,46,47,48,49,50,51,52,53,54,55,56,57,58,59,60,61,62,63,64,65,66,67,68,69,70,71,72,73,74,75,76,77,78,79,80,81,82,83,84,85,86,87,88,89,90,91,92,93,94,95,96,97,98,99,100
89	0.1997904147939005	10,77,18,55
9	0.11004671172287261	13,34,87,86,97,6
90	0.05121595605437747	11,82,14
91	0.12179624249678968	39,29,5
92	0.06338232523693524	9,28,94,34,37,54,48,25,73
93	0.08600769839459817	34
94	0.145497916687569	49
95	0.07623443678362102	72,98,22,87,85,8
96	0.05927115914865674	99,97,23,1,80,81,32
97	0.10835418075185148	62,38,33,59,14,95,7,16,25
98	0.10539778594534155	22,16,97,64,74,87,94
99	0.08053341417435966	47,84,7,54,33,87,27
