1	0.026268704333416663	98,86
10	0.07415132483377045	53,27,77,97,40
100	0.018013430739763067	69,55,31,17,6,66,15,87
11	0.06471933112915221	8,4
12	0.07709525419117053	18,33
13	0.0502650522925572	77,44,82,23,28
14	0.03299350772694692	47,29,35,34,8,22
15	0.05742288574638017	76
16	0.059779199866544466	79,24,88,3,76,59
17	0.027281340326809192	33,38,21,54,12,58,8
18	0.09012543404674966	19,53,84,26,70,8,90,59,75
19	0.03574599121255057	1,2,3,4,5,6,7,8,9,10,11,12,13,14,15,16,17,18,19,20,21,22,23,24,25,26,27,28,29,30,31,32,33,34,35,36,37,38,39,40,41,42,43,44,45,46,47,48,49,50,51,52,53,54,55,56,57,58,59,60,61,62,63,64,65,66,67,68,69,70,71,72,73,74,75,76,77,78,79,80,81,82,83,84,85,86,87,88,89,90,91,92,93,94,95,96,97,98,99,100
2	0.04512070411587983	54,4,57,34,36
20	0.0534888468272833	2,51,72,36,44
21	0.030762711785909634	78,47,11,83,80,25
22	0.06450624610598214	64,88,12
23	0.05001611489007581	92,8,54,4,89,66
24	0.050232651106253745	7,31,32,42,16,89,35
25	0.08163151032255916	8,75,39
26	0.0886549100534404	36,5
27	0.05503831050275452	74,5,32,41
28	0.04743808560780796	99,52,43
29	0.05935281563852452	91,18,8,34,37,38,80
3	0.07605452490315201	54,39,75,16,11,73,65
30	0.025542469413829143	1,2,3,4,5,6,7,8,9,10,11,12,13,14,15,16,17,18,19,20,21,22,23,24,25,26,27,28,29,30,31,32,33,34,35,36,37,38,39,40,41,42,43,44,45,46,47,48,49,50,51,52,53,54,55,56,57,58,59,60,61,62,63,64,65,66,67,68,69,70,71,72,73,74,75,76,77,78,79,80,81,82,83,84,85,86,87,88,89,90,91,92,93,94,95,96,97,98,99,100
31	0.049135603862480004	88,40,53,13,57,9,41,93
32	0.16192434266131284	71,8,95,48,55,94,81,34
33	0.06442127968073093	93,44,42,43,31,17
34	0.11841680157433196	54,88,59,91,12
35	0.03828805619231563	21,65,25,54,56,11,73,4
36	0.07387187330380118	1,2,3,4,5,6,7,8,9,10,11,12,13,14,15,16,17,18,19,20,21,22,23,24,25,26,27,28,29,30,31,32,33,34,35,36,37,38,39,40,41,42,43,44,45,46,47,48,49,50,51,52,53,54,55,56,57,58,59,60,61,62,63,64,65,66,67,68,69,70,71,72,73,74,75,76,77,78,79,80,81,82,83,84,85,86,87,88,89,90,91,92,93,94,95,96,97,98,99,100
37	0.03145870525834806	27,26,54,32,36,8
38	0.03794793970673917	55,72,86,39,75
39	0.08597814049346274	50
4	0.08081508253715808	32
40	0.05924875713218059	75,84
41	0.11101842026006045	15,89,61
42	0.03477826029094439	4,93,76,86
43	0.05248339384109331	80,82
44	0.06955748539438361	64,98,50,16
45	0.03414406241855343	1,2,3,4,5,6,7,8,9,10,11,12,13,14,15,16,17,18,19,20,21,22,23,24,25,26,27,28,29,30,31,32,33,34,35,36,37,38,39,40,41,42,43,44,45,46,47,48,49,50,51,52,53,54,55,56,57,58,59,60,61,62,63,64,65,66,67,68,69,70,71,72,73,74,75,76,77,78,79,80,81,82,83,84,85,86,87,88,89,90,91,92,93,94,95,96,97,98,99,100
46	0.05668393037962719	30,20,25,59,91,11,62,67,26
47	0.048878969645331345	88
48	0.06923963228147706	41
49	0.1300713702389753	58,89,59,94,41,51,87,85,29
5	0.09646577299444094	27,20,87,49,25
50	0.10752341458838635	80,49,48,47,32
51	0.0651019411293524	54,84,82
52	0.03050919042722381	15,72,24,76
53	0.041886589911502334	8,23,9
54	0.11115356739478899	2,22,59,40,90,95,55,48,77
55	0.09509449828121455	80,91,20,65,66
56	0.02499009024874785	43,66,76,77,38,39,40,67,59
57	0.03243967571681542	1,2,3,4,5,6,7,8,9,10,11,12,13,14,15,16,17,18,19,20,21,22,23,24,25,26,27,28,29,30,31,32,33,34,35,36,37,38,39,40,41,42,43,44,45,46,47,48,49,50,51,52,53,54,55,56,57,58,59,60,61,62,63,64,65,66,67,68,69,70,71,72,73,74,75,76,77,78,79,80,81,82,83,84,85,86,87,88,89,90,91,92,93,94,95,96,97,98,99,100
58	0.10561100720094926	98,99,40,55,35,2,96,12,3
59	0.0988423384127115	3,26
6	0.049596513403035	74,71,40,56,98,79,22,48,78
60	0.02469520416846525	77,15,96,61,59,25,4,35
61	0.05421063455527255	1,2,3,4,5,6,7,8,9,10,11,12,13,14,15,16,17,18,19,20,21,22,23,24,25,26,27,28,29,30,31,32,33,34,35,36,37,38,39,40,41,42,43,44,45,46,47,48,49,50,51,52,53,54,55,56,57,58,59,60,61,62,63,64,65,66,67,68,69,70,71,72,73,74,75,76,77,78,79,80,81,82,83,84,85,86,87,88,89,90,91,92,93,94,95,96,97,98,99,100
62	0.03220279265035175	73,31,37,62,61,24
63	0.02773664115621169	68
64	0.0797948346811908	39,79,28,31,99,98,93,55
65	0.06270400692724884	1,2,3,4,5,6,7,8,9,10,11,12,13,14,15,16,17,18,19,20,21,22,23,24,25,26,27,28,29,30,31,32,33,34,35,36,37,38,39,40,41,42,43,44,45,46,47,48,49,50,51,52,53,54,55,56,57,58,59,60,61,62,63,64,65,66,67,68,69,70,71,72,73,74,75,76,77,78,79,80,81,82,83,84,85,86,87,88,89,90,91,92,93,94,95,96,97,98,99,100
66	0.04245021453898256	1,2,3,4,5,6,7,8,9,10,11,12,13,14,15,16,17,18,19,20,21,22,23,24,25,26,27,28,29,30,31,32,33,34,35,36,37,38,39,40,41,42,43,44,45,46,47,48,49,50,51,52,53,54,55,56,57,58,59,60,61,62,63,64,65,66,67,68,69,70,71,72,73,74,75,76,77,78,79,80,81,82,83,84,85,86,87,88,89,90,91,92,93,94,95,96,97,98,99,100
67	0.023950371279309945	75,60,99,28,54,26
68	0.04768799182340737	34,31,69,1,80,29,43,60
69	0.03651403850731784	58
7	0.042261305937892533	8,92,97
70	0.03325044991574833	94
71	0.038148493403444755	64,18,43,80
72	0.06833552244317054	81,13,58
73	0.03693840492081427	91,64
74	0.04043592905130297	89
75	0.08985078189961554	45,44,28,41,70,24,83,78,84
76	0.09686992848511931	1,2,3,4,5,6,7,8,9,10,11,12,13,14,15,16,17,18,19,20,21,22,23,24,25,26,27,28,29,30,31,32,33,34,35,36,37,38,39,40,41,42,43,44,45,46,47,48,49,50,51,52,53,54,55,56,57,58,59,60,61,62,63,64,65,66,67,68,69,70,71,72,73,74,75,76,77,78,79,80,81,82,83,84,85,86,87,88,89,90,91,92,93,94,95,96,97,98,99,100
77	0.08786311405379939	87,11,54,77,69,63,58
78	0.033063542984323444	50,93,58,87,57,42,11
79	0.03717343769082829	38,51,58,30,96,69,11,82
8	0.1459556751684824	25,51,9,32,72
80	0.09957938096175747	44,76,92,45,46,59,97,96,94
81	0.057101872683565515	32,46,93,23,5
82	0.07765543128342399	46,6,89
83	0.036234756677955185	10
84	0.08168895438572896	1,2,3,4,5,6,7,8,9,10,11,12,13,14,15,16,17,18,19,20,21,22,23,24,25,26,27,28,29,30,31,32,33,34,35,36,37,38,39,40,41,42,43,44,45,46,47,48,49,50,51,52,53,54,55,56,57,58,59,60,61,62,63,64,65,66,67,68,69,70,71,72,73,74,75,76,77,78,79,80,81,82,83,84,85,86,87,88,89,90,91,92,93,94,95,96,97,98,99,100
85	0.03562757986562463	86,22
86	0.06466321063502861	21,65,24,58,68,83,7
87	0.090399903459344	44,9,19,26,4,65,12
88	0.10810442606927365	1,2,3,4,5,6,7,8,9,10,11,12,13,14,15,16,17,18,19,20,21,22,23,24,25,26,27,28,29,30,31,32,33,34,35,36,37,38,39,40,41,42,43,44,45,46,47,48,49,50,51,52,53,54,55,56,57,58,59,60,61,62,63,64,65,66,67,68,69,70,71,72,73,74,75,76,77,78,79,80,81,82,83,84,85,86,87,88,89,90,91,92,93,94,95,96,97,98,99,100
89	0.1272986536979348	10,77,18,55
9	0.07145043509009406	13,34,87,86,97,6
90	0.03526552689222854	11,82,14
91	0.0789812206797868	39,29,5
92	0.044013536283846806	9,28,94,34,37,54,48,25,73
93	0.057839842606733825	34
94	0.09377833795347791	49
95	0.05001964542009081	72,98,22,87,85,8
96	0.04087463611993292	99,97,23,1,80,81,32
97	0.07150181364517989	62,38,33,59,14,95,7,16,25
98	0.07008594547142323	22,16,97,64,74,87,94
99	0.054636902502441936	47,84,7,54,33,87,27
