1	0.026221995961669117	98,86
10	0.07394432085828669	53,27,77,97,40
100	0.017994479839618063	69,55,31,17,6,66,15,87
11	0.0645317767608555	8,4
12	0.07685396257193368	18,33
13	0.05012496928123597	77,44,82,23,28
14	0.03292068116438798	47,29,35,34,8,22
15	0.05725411113902194	76
16	0.05959813672076	79,24,88,3,76,59
17	0.02722804937655115	33,38,21,54,12,58,8
18	0.08983155002998833	19,53,84,26,70,8,90,59,75
19	0.035651673586213795	1,2,3,4,5,6,7,8,9,10,11,12,13,14,15,16,17,18,19,20,21,22,23,24,25,26,27,28,29,30,31,32,33,34,35,36,37,38,39,40,41,42,43,44,45,46,47,48,49,50,51,52,53,54,55,56,57,58,59,60,61,62,63,64,65,66,67,68,69,70,71,72,73,74,75,76,77,78,79,80,81,82,83,84,85,86,87,88,89,90,91,92,93,94,95,96,97,98,99,100
2	0.04499381216390564	54,4,57,34,36
20	0.05332406692943562	2,51,72,36,44
21	0.030701367110196914	78,47,11,83,80,25
22	0.06431963101857166	64,88,12
23	0.04988373965814421	92,8,54,4,89,66
24	0.05010092889357905	7,31,32,42,16,89,35
25	0.08137294189578814	8,75,39
26	0.08835794140727209	36,5
27	0.05488085053682628	74,5,32,41
28	0.04731069108508003	99,52,43
29	0.059177135999286194	91,18,8,34,37,38,80
3	0.07580402982609788	54,39,75,16,11,73,65
30	0.025493695800304524	1,2,3,4,5,6,7,8,9,10,11,12,13,14,15,16,17,18,19,20,21,22,23,24,25,26,27,28,29,30,31,32,33,34,35,36,37,38,39,40,41,42,43,44,45,46,47,48,49,50,51,52,53,54,55,56,57,58,59,60,61,62,63,64,65,66,67,68,69,70,71,72,73,74,75,76,77,78,79,80,81,82,83,84,85,86,87,88,89,90,91,92,93,94,95,96,97,98,99,100
31	0.04900919154073949	88,40,53,13,57,9,41,93
32	0.16138057726569752	71,8,95,48,55,94,81,34
33	0.06422945255516121	93,44,42,43,31,17
34	0.1180441639463658	54,88,59,91,12
35	0.038198032820090516	21,65,25,54,56,11,73,4
36	0.073634691519278	1,2,3,4,5,6,7,8,9,10,11,12,13,14,15,16,17,18,19,20,21,22,23,24,25,26,27,28,29,30,31,32,33,34,35,36,37,38,39,40,41,42,43,44,45,46,47,48,49,50,51,52,53,54,55,56,57,58,59,60,61,62,63,64,65,66,67,68,69,70,71,72,73,74,75,76,77,78,79,80,81,82,83,84,85,86,87,88,89,90,91,92,93,94,95,96,97,98,99,100
37	0.03139023211036939	27,26,54,32,36,8
38	0.03785614654455122	55,72,86,39,75
39	0.08570266623491224	50
4	0.08057597608348384	32
40	0.05907774637666533	75,84
41	0.11063662261511739	15,89,61
42	0.034697714113075796	4,93,76,86
43	0.052346839449447846	80,82
44	0.06933671443643132	64,98,50,16
45	0.03405894817658133	1,2,3,4,5,6,7,8,9,10,11,12,13,14,15,16,17,18,19,20,21,22,23,24,25,26,27,28,29,30,31,32,33,34,35,36,37,38,39,40,41,42,43,44,45,46,47,48,49,50,51,52,53,54,55,56,57,58,59,60,61,62,63,64,65,66,67,68,69,70,71,72,73,74,75,76,77,78,79,80,81,82,83,84,85,86,87,88,89,90,91,92,93,94,95,96,97,98,99,100
46	0.05652068853681127	30,20,25,59,91,11,62,67,26
47	0.04874439436339491	88
48	0.06901373871684534	41
49	0.1296197496642906	58,89,59,94,41,51,87,85,29
5	0.09614318061203016	27,20,87,49,25
50	0.10716299005902753	80,49,48,47,32
51	0.06489327968526971	54,84,82
52	0.030447774686169445	15,72,24,76
53	0.0417777828964028	8,23,9
54	0.11079624176869801	2,22,59,40,90,95,55,48,77
55	0.09477863558778804	80,91,20,65,66
56	0.024945021606225457	43,66,76,77,38,39,40,67,59
57	0.03236873825488286	1,2,3,4,5,6,7,8,9,10,11,12,13,14,15,16,17,18,19,20,21,22,23,24,25,26,27,28,29,30,31,32,33,34,35,36,37,38,39,40,41,42,43,44,45,46,47,48,49,50,51,52,53,54,55,56,57,58,59,60,61,62,63,64,65,66,67,68,69,70,71,72,73,74,75,76,77,78,79,80,81,82,83,84,85,86,87,88,89,90,91,92,93,94,95,96,97,98,99,100
58	0.10529346717670296	98,99,40,55,35,2,96,12,3
59	0.09851016889065412	3,26
6	0.049462730015391615	74,71,40,56,98,79,22,48,78
60	0.024656523946194685	77,15,96,61,59,25,4,35
61	0.054047477005152424	1,2,3,4,5,6,7,8,9,10,11,12,13,14,15,16,17,18,19,20,21,22,23,24,25,26,27,28,29,30,31,32,33,34,35,36,37,38,39,40,41,42,43,44,45,46,47,48,49,50,51,52,53,54,55,56,57,58,59,60,61,62,63,64,65,66,67,68,69,70,71,72,73,74,75,76,77,78,79,80,81,82,83,84,85,86,87,88,89,90,91,92,93,94,95,96,97,98,99,100
62	0.03213015820709032	73,31,37,62,61,24
63	0.02767741402000054	68
64	0.0795589552028095	39,79,28,31,99,98,93,55
65	0.06250860474818548	1,2,3,4,5,6,7,8,9,10,11,12,13,14,15,16,17,18,19,20,21,22,23,24,25,26,27,28,29,30,31,32,33,34,35,36,37,38,39,40,41,42,43,44,45,46,47,48,49,50,51,52,53,54,55,56,57,58,59,60,61,62,63,64,65,66,67,68,69,70,71,72,73,74,75,76,77,78,79,80,81,82,83,84,85,86,87,88,89,90,91,92,93,94,95,96,97,98,99,100
66	0.04233865207203185	1,2,3,4,5,6,7,8,9,10,11,12,13,14,15,16,17,18,19,20,21,22,23,24,25,26,27,28,29,30,31,32,33,34,35,36,37,38,39,40,41,42,43,44,45,46,47,48,49,50,51,52,53,54,55,56,57,58,59,60,61,62,63,64,65,66,67,68,69,70,71,72,73,74,75,76,77,78,79,80,81,82,83,84,85,86,87,88,89,90,91,92,93,94,95,96,97,98,99,100
67	0.023908274769682894	75,60,99,28,54,26
68	0.04758628592590572	34,31,69,1,80,29,43,60
69	0.036428044540556336	58
7	0.042155392294736284	8,92,97
70	0.033167238651350246	94
71	0.03804670700799853	64,18,43,80
72	0.06813000251908868	81,13,58
73	0.036847990931619515	91,64
74	0.04033387112267438	89
75	0.08956632263809931	45,44,28,41,70,24,83,78,84
76	0.09657697092276024	1,2,3,4,5,6,7,8,9,10,11,12,13,14,15,16,17,18,19,20,21,22,23,24,25,26,27,28,29,30,31,32,33,34,35,36,37,38,39,40,41,42,43,44,45,46,47,48,49,50,51,52,53,54,55,56,57,58,59,60,61,62,63,64,65,66,67,68,69,70,71,72,73,74,75,76,77,78,79,80,81,82,83,84,85,86,87,88,89,90,91,92,93,94,95,96,97,98,99,100
77	0.08758118040133653	87,11,54,77,69,63,58
78	0.03298789656609746	50,93,58,87,57,42,11
79	0.03707995984407231	38,51,58,30,96,69,11,82
8	0.14548122632013294	25,51,9,32,72
80	0.09926837014683007	44,76,92,45,46,59,97,96,94
81	0.05693140023319304	32,46,93,23,5
82	0.07742851219727707	46,6,89
83	0.03615044721943289	10
84	0.0814295063260046	1,2,3,4,5,6,7,8,9,10,11,12,13,14,15,16,17,18,19,20,21,22,23,24,25,26,27,28,29,30,31,32,33,34,35,36,37,38,39,40,41,42,43,44,45,46,47,48,49,50,51,52,53,54,55,56,57,58,59,60,61,62,63,64,65,66,67,68,69,70,71,72,73,74,75,76,77,78,79,80,81,82,83,84,85,86,87,88,89,90,91,92,93,94,95,96,97,98,99,100
85	0.03553343819462944	86,22
86	0.06449851560700952	21,65,24,58,68,83,7
87	0.09010091283348248	44,9,19,26,4,65,12
88	0.10776818860128061	1,2,3,4,5,6,7,8,9,10,11,12,13,14,15,16,17,18,19,20,21,22,23,24,25,26,27,28,29,30,31,32,33,34,35,36,37,38,39,40,41,42,43,44,45,46,47,48,49,50,51,52,53,54,55,56,57,58,59,60,61,62,63,64,65,66,67,68,69,70,71,72,73,74,75,76,77,78,79,80,81,82,83,84,85,86,87,88,89,90,91,92,93,94,95,96,97,98,99,100
89	0.12688367923066834	10,77,18,55
9	0.07122949151250653	13,34,87,86,97,6
90	0.03517421936509994	11,82,14
91	0.07873612764691104	39,29,5
92	0.04390266154011356	9,28,94,34,37,54,48,25,73
93	0.05767859637826195	34
94	0.0934822716612922	49
95	0.04986958117811266	72,98,22,87,85,8
96	0.04076932647902917	99,97,23,1,80,81,32
97	0.07129085526484004	62,38,33,59,14,95,7,16,25
98	0.06988380495835682	22,16,97,64,74,87,94
99	0.05448865928232102	47,84,7,54,33,87,27
