1	0.026147684856547206	98,86
10	0.07361498601728685	53,27,77,97,40
100	0.017964329734184246	69,55,31,17,6,66,15,87
11	0.06423338544775417	8,4
12	0.07647007749499136	18,33
13	0.04990210295148366	77,44,82,23,28
14	0.03280481708813121	47,29,35,34,8,22
15	0.056985597655890945	76
16	0.059310072676634906	79,24,88,3,76,59
17	0.027143265658803956	33,38,21,54,12,58,8
18	0.08936399260406808	19,53,84,26,70,8,90,59,75
19	0.0355016181082912	1,2,3,4,5,6,7,8,9,10,11,12,13,14,15,16,17,18,19,20,21,22,23,24,25,26,27,28,29,30,31,32,33,34,35,36,37,38,39,40,41,42,43,44,45,46,47,48,49,50,51,52,53,54,55,56,57,58,59,60,61,62,63,64,65,66,67,68,69,70,71,72,73,74,75,76,77,78,79,80,81,82,83,84,85,86,87,88,89,90,91,92,93,94,95,96,97,98,99,100
2	0.04479193226894272	54,4,57,34,36
20	0.0530619088654141	2,51,72,36,44
21	0.03060377024533085	78,47,11,83,80,25
22	0.06402273406286418	64,88,12
23	0.04967313608949952	92,8,54,4,89,66
24	0.04989136425180837	7,31,32,42,16,89,35
25	0.0809615701261438	8,75,39
26	0.08788547646238805	36,5
27	0.054630338184483415	74,5,32,41
28	0.047108011620645554	99,52,43
29	0.058897636893434614	91,18,8,34,37,38,80
3	0.0754055024249694	54,39,75,16,11,73,65
30	0.0254160989801586	1,2,3,4,5,6,7,8,9,10,11,12,13,14,15,16,17,18,19,20,21,22,23,24,25,26,27,28,29,30,31,32,33,34,35,36,37,38,39,40,41,42,43,44,45,46,47,48,49,50,51,52,53,54,55,56,57,58,59,60,61,62,63,64,65,66,67,68,69,70,71,72,73,74,75,76,77,78,79,80,81,82,83,84,85,86,87,88,89,90,91,92,93,94,95,96,97,98,99,100
31	0.048808074717820865	88,40,53,13,57,9,41,93
32	0.16051546880733256	71,8,95,48,55,94,81,34
33	0.06392426346035633	93,44,42,43,31,17
34	0.11745131275271187	54,88,59,91,12
35	0.03805480932446091	21,65,25,54,56,11,73,4
36	0.07325734502092478	1,2,3,4,5,6,7,8,9,10,11,12,13,14,15,16,17,18,19,20,21,22,23,24,25,26,27,28,29,30,31,32,33,34,35,36,37,38,39,40,41,42,43,44,45,46,47,48,49,50,51,52,53,54,55,56,57,58,59,60,61,62,63,64,65,66,67,68,69,70,71,72,73,74,75,76,77,78,79,80,81,82,83,84,85,86,87,88,89,90,91,92,93,94,95,96,97,98,99,100
37	0.031281294138286446	27,26,54,32,36,8
38	0.037710107385625025	55,72,86,39,75
39	0.0852643979797871	50
4	0.08019556751539343	32
40	0.058805675273464406	75,84
41	0.11002919820987325	15,89,61
42	0.034569568445247445	4,93,76,86
43	0.05212958700898013	80,82
44	0.06898547689055962	64,98,50,16
45	0.03392353490598509	1,2,3,4,5,6,7,8,9,10,11,12,13,14,15,16,17,18,19,20,21,22,23,24,25,26,27,28,29,30,31,32,33,34,35,36,37,38,39,40,41,42,43,44,45,46,47,48,49,50,51,52,53,54,55,56,57,58,59,60,61,62,63,64,65,66,67,68,69,70,71,72,73,74,75,76,77,78,79,80,81,82,83,84,85,86,87,88,89,90,91,92,93,94,95,96,97,98,99,100
46	0.0562609774553084	30,20,25,59,91,11,62,67,26
47	0.04853029060536104	88
48	0.06865435131369527	41
49	0.12890123983949922	58,89,59,94,41,51,87,85,29
5	0.09562994935296511	27,20,87,49,25
50	0.10658956940470754	80,49,48,47,32
51	0.06456130787965987	54,84,82
52	0.03035006475925748	15,72,24,76
53	0.04160467539480194	8,23,9
54	0.11022775134246944	2,22,59,40,90,95,55,48,77
55	0.09427611098808276	80,91,20,65,66
56	0.024873319243096922	43,66,76,77,38,39,40,67,59
57	0.032255879660298484	1,2,3,4,5,6,7,8,9,10,11,12,13,14,15,16,17,18,19,20,21,22,23,24,25,26,27,28,29,30,31,32,33,34,35,36,37,38,39,40,41,42,43,44,45,46,47,48,49,50,51,52,53,54,55,56,57,58,59,60,61,62,63,64,65,66,67,68,69,70,71,72,73,74,75,76,77,78,79,80,81,82,83,84,85,86,87,88,89,90,91,92,93,94,95,96,97,98,99,100
58	0.10478827401240845	98,99,40,55,35,2,96,12,3
59	0.09798170079492753	3,26
6	0.049249886128722484	74,71,40,56,98,79,22,48,78
60	0.024594985297859383	77,15,96,61,59,25,4,35
61	0.05378790002987392	1,2,3,4,5,6,7,8,9,10,11,12,13,14,15,16,17,18,19,20,21,22,23,24,25,26,27,28,29,30,31,32,33,34,35,36,37,38,39,40,41,42,43,44,45,46,47,48,49,50,51,52,53,54,55,56,57,58,59,60,61,62,63,64,65,66,67,68,69,70,71,72,73,74,75,76,77,78,79,80,81,82,83,84,85,86,87,88,89,90,91,92,93,94,95,96,97,98,99,100
62	0.03201459978476195	73,31,37,62,61,24
63	0.027583186073694796	68
64	0.07918368062015367	39,79,28,31,99,98,93,55
65	0.06219772788979451	1,2,3,4,5,6,7,8,9,10,11,12,13,14,15,16,17,18,19,20,21,22,23,24,25,26,27,28,29,30,31,32,33,34,35,36,37,38,39,40,41,42,43,44,45,46,47,48,49,50,51,52,53,54,55,56,57,58,59,60,61,62,63,64,65,66,67,68,69,70,71,72,73,74,75,76,77,78,79,80,81,82,83,84,85,86,87,88,89,90,91,92,93,94,95,96,97,98,99,100
66	0.042161160759467145	1,2,3,4,5,6,7,8,9,10,11,12,13,14,15,16,17,18,19,20,21,22,23,24,25,26,27,28,29,30,31,32,33,34,35,36,37,38,39,40,41,42,43,44,45,46,47,48,49,50,51,52,53,54,55,56,57,58,59,60,61,62,63,64,65,66,67,68,69,70,71,72,73,74,75,76,77,78,79,80,81,82,83,84,85,86,87,88,89,90,91,92,93,94,95,96,97,98,99,100
67	0.023841300948178927	75,60,99,28,54,26
68	0.047424476011365777	34,31,69,1,80,29,43,60
69	0.03629123166387542	58
7	0.041986888029313094	8,92,97
70	0.03303485294008128	94
71	0.03788476902452809	64,18,43,80
72	0.06780302874304592	81,13,58
73	0.03670414598040045	91,64
74	0.040171501141039366	89
75	0.08911375961150331	45,44,28,41,70,24,83,78,84
76	0.09611088744782345	1,2,3,4,5,6,7,8,9,10,11,12,13,14,15,16,17,18,19,20,21,22,23,24,25,26,27,28,29,30,31,32,33,34,35,36,37,38,39,40,41,42,43,44,45,46,47,48,49,50,51,52,53,54,55,56,57,58,59,60,61,62,63,64,65,66,67,68,69,70,71,72,73,74,75,76,77,78,79,80,81,82,83,84,85,86,87,88,89,90,91,92,93,94,95,96,97,98,99,100
77	0.08713263551523306	87,11,54,77,69,63,58
78	0.0328675462150454	50,93,58,87,57,42,11
79	0.036931240421044655	38,51,58,30,96,69,11,82
8	0.14472639764755085	25,51,9,32,72
80	0.09877356468696422	44,76,92,45,46,59,97,96,94
81	0.0566601855514121	32,46,93,23,5
82	0.0770674932314271	46,6,89
83	0.03601631432632146	10
84	0.08101673509638302	1,2,3,4,5,6,7,8,9,10,11,12,13,14,15,16,17,18,19,20,21,22,23,24,25,26,27,28,29,30,31,32,33,34,35,36,37,38,39,40,41,42,43,44,45,46,47,48,49,50,51,52,53,54,55,56,57,58,59,60,61,62,63,64,65,66,67,68,69,70,71,72,73,74,75,76,77,78,79,80,81,82,83,84,85,86,87,88,89,90,91,92,93,94,95,96,97,98,99,100
85	0.035383662654443815	86,22
86	0.06423649256740688	21,65,24,58,68,83,7
87	0.08962523100177677	44,9,19,26,4,65,12
88	0.10723324857029394	1,2,3,4,5,6,7,8,9,10,11,12,13,14,15,16,17,18,19,20,21,22,23,24,25,26,27,28,29,30,31,32,33,34,35,36,37,38,39,40,41,42,43,44,45,46,47,48,49,50,51,52,53,54,55,56,57,58,59,60,61,62,63,64,65,66,67,68,69,70,71,72,73,74,75,76,77,78,79,80,81,82,83,84,85,86,87,88,89,90,91,92,93,94,95,96,97,98,99,100
89	0.12622347186085	10,77,18,55
9	0.07087797933586999	13,34,87,86,97,6
90	0.035028952831649585	11,82,14
91	0.07834619467666913	39,29,5
92	0.04372626436700171	9,28,94,34,37,54,48,25,73
93	0.05742206023739074	34
94	0.0930112423246117	49
95	0.04963083511946278	72,98,22,87,85,8
96	0.04060178315643494	99,97,23,1,80,81,32
97	0.07095522912778451	62,38,33,59,14,95,7,16,25
98	0.06956220768673566	22,16,97,64,74,87,94
99	0.05425281039481197	47,84,7,54,33,87,27
