1	0.026149428447945745	98,86
10	0.07362271333334632	53,27,77,97,40
100	0.017965037158255162	69,55,31,17,6,66,15,87
11	0.06424038672335178	8,4
12	0.0764790847452144	18,33
13	0.04990733215396884	77,44,82,23,28
14	0.03280753565363269	47,29,35,34,8,22
15	0.05699189789592654	76
16	0.0593168316393598	79,24,88,3,76,59
17	0.027145254973331815	33,38,21,54,12,58,8
18	0.08937496309232582	19,53,84,26,70,8,90,59,75
19	0.03550513892042527	1,2,3,4,5,6,7,8,9,10,11,12,13,14,15,16,17,18,19,20,21,22,23,24,25,26,27,28,29,30,31,32,33,34,35,36,37,38,39,40,41,42,43,44,45,46,47,48,49,50,51,52,53,54,55,56,57,58,59,60,61,62,63,64,65,66,67,68,69,70,71,72,73,74,75,76,77,78,79,80,81,82,83,84,85,86,87,88,89,90,91,92,93,94,95,96,97,98,99,100
2	0.04479666905825325	54,4,57,34,36
20	0.05306805998569062	2,51,72,36,44
21	0.030606060199891823	78,47,11,83,80,25
22	0.06402970027575221	64,88,12
23	0.04967807756588031	92,8,54,4,89,66
24	0.049896281351429345	7,31,32,42,16,89,35
25	0.08097122230771178	8,75,39
26	0.0878965620977404	36,5
27	0.05463621605673491	74,5,32,41
28	0.04711276717057673	99,52,43
29	0.0589041948935621	91,18,8,34,37,38,80
3	0.07541485323394405	54,39,75,16,11,73,65
30	0.025417919665612528	1,2,3,4,5,6,7,8,9,10,11,12,13,14,15,16,17,18,19,20,21,22,23,24,25,26,27,28,29,30,31,32,33,34,35,36,37,38,39,40,41,42,43,44,45,46,47,48,49,50,51,52,53,54,55,56,57,58,59,60,61,62,63,64,65,66,67,68,69,70,71,72,73,74,75,76,77,78,79,80,81,82,83,84,85,86,87,88,89,90,91,92,93,94,95,96,97,98,99,100
31	0.04881279360286458	88,40,53,13,57,9,41,93
32	0.1605357671956332	71,8,95,48,55,94,81,34
33	0.0639314242350448	93,44,42,43,31,17
34	0.1174652230591213	54,88,59,91,12
35	0.03805816983504192	21,65,25,54,56,11,73,4
36	0.07326619885384407	1,2,3,4,5,6,7,8,9,10,11,12,13,14,15,16,17,18,19,20,21,22,23,24,25,26,27,28,29,30,31,32,33,34,35,36,37,38,39,40,41,42,43,44,45,46,47,48,49,50,51,52,53,54,55,56,57,58,59,60,61,62,63,64,65,66,67,68,69,70,71,72,73,74,75,76,77,78,79,80,81,82,83,84,85,86,87,88,89,90,91,92,93,94,95,96,97,98,99,100
37	0.031283850193815244	27,26,54,32,36,8
38	0.03771353396124836	55,72,86,39,75
39	0.08527468124443022	50
4	0.08020449319488862	32
40	0.05881205898737302	75,84
41	0.11004345045341761	15,89,61
42	0.03457257517868007	4,93,76,86
43	0.05213468449051925	80,82
44	0.06899371811860783	64,98,50,16
45	0.03392671216210949	1,2,3,4,5,6,7,8,9,10,11,12,13,14,15,16,17,18,19,20,21,22,23,24,25,26,27,28,29,30,31,32,33,34,35,36,37,38,39,40,41,42,43,44,45,46,47,48,49,50,51,52,53,54,55,56,57,58,59,60,61,62,63,64,65,66,67,68,69,70,71,72,73,74,75,76,77,78,79,80,81,82,83,84,85,86,87,88,89,90,91,92,93,94,95,96,97,98,99,100
46	0.056267071161048204	30,20,25,59,91,11,62,67,26
47	0.04853531420809566	88
48	0.0686627837651283	41
49	0.12891809852499742	58,89,59,94,41,51,87,85,29
5	0.09564199150477132	27,20,87,49,25
50	0.10660302380454423	80,49,48,47,32
51	0.0645690970678824	54,84,82
52	0.030352357366638785	15,72,24,76
53	0.04160873708585497	8,23,9
54	0.1102410900623781	2,22,59,40,90,95,55,48,77
55	0.09428790192522687	80,91,20,65,66
56	0.024875001624531042	43,66,76,77,38,39,40,67,59
57	0.03225852770697261	1,2,3,4,5,6,7,8,9,10,11,12,13,14,15,16,17,18,19,20,21,22,23,24,25,26,27,28,29,30,31,32,33,34,35,36,37,38,39,40,41,42,43,44,45,46,47,48,49,50,51,52,53,54,55,56,57,58,59,60,61,62,63,64,65,66,67,68,69,70,71,72,73,74,75,76,77,78,79,80,81,82,83,84,85,86,87,88,89,90,91,92,93,94,95,96,97,98,99,100
58	0.10480012756315857	98,99,40,55,35,2,96,12,3
59	0.09799410045477107	3,26
6	0.049254880170587684	74,71,40,56,98,79,22,48,78
60	0.02459642920395847	77,15,96,61,59,25,4,35
61	0.05379399058902537	1,2,3,4,5,6,7,8,9,10,11,12,13,14,15,16,17,18,19,20,21,22,23,24,25,26,27,28,29,30,31,32,33,34,35,36,37,38,39,40,41,42,43,44,45,46,47,48,49,50,51,52,53,54,55,56,57,58,59,60,61,62,63,64,65,66,67,68,69,70,71,72,73,74,75,76,77,78,79,80,81,82,83,84,85,86,87,88,89,90,91,92,93,94,95,96,97,98,99,100
62	0.03201731117858217	73,31,37,62,61,24
63	0.027585396981962294	68
64	0.07919248583888024	39,79,28,31,99,98,93,55
65	0.06220502211877153	1,2,3,4,5,6,7,8,9,10,11,12,13,14,15,16,17,18,19,20,21,22,23,24,25,26,27,28,29,30,31,32,33,34,35,36,37,38,39,40,41,42,43,44,45,46,47,48,49,50,51,52,53,54,55,56,57,58,59,60,61,62,63,64,65,66,67,68,69,70,71,72,73,74,75,76,77,78,79,80,81,82,83,84,85,86,87,88,89,90,91,92,93,94,95,96,97,98,99,100
66	0.04216532530964299	1,2,3,4,5,6,7,8,9,10,11,12,13,14,15,16,17,18,19,20,21,22,23,24,25,26,27,28,29,30,31,32,33,34,35,36,37,38,39,40,41,42,43,44,45,46,47,48,49,50,51,52,53,54,55,56,57,58,59,60,61,62,63,64,65,66,67,68,69,70,71,72,73,74,75,76,77,78,79,80,81,82,83,84,85,86,87,88,89,90,91,92,93,94,95,96,97,98,99,100
67	0.023842872381935838	75,60,99,28,54,26
68	0.047428272622581924	34,31,69,1,80,29,43,60
69	0.036294441759521276	58
7	0.04199084171278109	8,92,97
70	0.03303795915936142	94
71	0.037888568640677155	64,18,43,80
72	0.06781070066048707	81,13,58
73	0.03670752107244433	91,64
74	0.04017531089333542	89
75	0.08912437828012858	45,44,28,41,70,24,83,78,84
76	0.09612182335217541	1,2,3,4,5,6,7,8,9,10,11,12,13,14,15,16,17,18,19,20,21,22,23,24,25,26,27,28,29,30,31,32,33,34,35,36,37,38,39,40,41,42,43,44,45,46,47,48,49,50,51,52,53,54,55,56,57,58,59,60,61,62,63,64,65,66,67,68,69,70,71,72,73,74,75,76,77,78,79,80,81,82,83,84,85,86,87,88,89,90,91,92,93,94,95,96,97,98,99,100
77	0.08714315990460912	87,11,54,77,69,63,58
78	0.03287037004381986	50,93,58,87,57,42,11
79	0.03693472988478444	38,51,58,30,96,69,11,82
8	0.1447441084968072	25,51,9,32,72
80	0.09878517450682028	44,76,92,45,46,59,97,96,94
81	0.056666549170759896	32,46,93,23,5
82	0.0770759639648731	46,6,89
83	0.03601946154043308	10
84	0.08102642011404425	1,2,3,4,5,6,7,8,9,10,11,12,13,14,15,16,17,18,19,20,21,22,23,24,25,26,27,28,29,30,31,32,33,34,35,36,37,38,39,40,41,42,43,44,45,46,47,48,49,50,51,52,53,54,55,56,57,58,59,60,61,62,63,64,65,66,67,68,69,70,71,72,73,74,75,76,77,78,79,80,81,82,83,84,85,86,87,88,89,90,91,92,93,94,95,96,97,98,99,100
85	0.03538717689828598	86,22
86	0.06424264051955104	21,65,24,58,68,83,7
87	0.08963639211624065	44,9,19,26,4,65,12
88	0.10724580008376197	1,2,3,4,5,6,7,8,9,10,11,12,13,14,15,16,17,18,19,20,21,22,23,24,25,26,27,28,29,30,31,32,33,34,35,36,37,38,39,40,41,42,43,44,45,46,47,48,49,50,51,52,53,54,55,56,57,58,59,60,61,62,63,64,65,66,67,68,69,70,71,72,73,74,75,76,77,78,79,80,81,82,83,84,85,86,87,88,89,90,91,92,93,94,95,96,97,98,99,100
89	0.12623896257235778	10,77,18,55
9	0.0708862270076905	13,34,87,86,97,6
90	0.0350323612788501	11,82,14
91	0.07835534383104928	39,29,5
92	0.043730403244942755	9,28,94,34,37,54,48,25,73
93	0.057428079448219364	34
94	0.09302229427571036	49
95	0.049636436914424834	72,98,22,87,85,8
96	0.04060571429291419	99,97,23,1,80,81,32
97	0.07096310405905804	62,38,33,59,14,95,7,16,25
98	0.06956975345308743	22,16,97,64,74,87,94
99	0.054258344212280304	47,84,7,54,33,87,27
