1	0.026148141150794967	98,86
10	0.07361700823985086	53,27,77,97,40
100	0.017964514865594368	69,55,31,17,6,66,15,87
11	0.06423521766703724	8,4
12	0.07647243467366774	18,33
13	0.04990347142291359	77,44,82,23,28
14	0.03280552853107681	47,29,35,34,8,22
15	0.056987246415623374	76
16	0.05931184148314243	79,24,88,3,76,59
17	0.02714378625828432	33,38,21,54,12,58,8
18	0.0893668635580607	19,53,84,26,70,8,90,59,75
19	0.03550253949751438	1,2,3,4,5,6,7,8,9,10,11,12,13,14,15,16,17,18,19,20,21,22,23,24,25,26,27,28,29,30,31,32,33,34,35,36,37,38,39,40,41,42,43,44,45,46,47,48,49,50,51,52,53,54,55,56,57,58,59,60,61,62,63,64,65,66,67,68,69,70,71,72,73,74,75,76,77,78,79,80,81,82,83,84,85,86,87,88,89,90,91,92,93,94,95,96,97,98,99,100
2	0.04479317187686752	54,4,57,34,36
20	0.053063518600815304	2,51,72,36,44
21	0.030604369521683487	78,47,11,83,80,25
22	0.06402455710630896	64,88,12
23	0.0496744292636055	92,8,54,4,89,66
24	0.04989265104656694	7,31,32,42,16,89,35
25	0.08096409608201371	8,75,39
26	0.0878883775501362	36,5
27	0.05463187641144397	74,5,32,41
28	0.047109256138185826	99,52,43
29	0.05889935310844779	91,18,8,34,37,38,80
3	0.07540794951225752	54,39,75,16,11,73,65
30	0.025416575449760545	1,2,3,4,5,6,7,8,9,10,11,12,13,14,15,16,17,18,19,20,21,22,23,24,25,26,27,28,29,30,31,32,33,34,35,36,37,38,39,40,41,42,43,44,45,46,47,48,49,50,51,52,53,54,55,56,57,58,59,60,61,62,63,64,65,66,67,68,69,70,71,72,73,74,75,76,77,78,79,80,81,82,83,84,85,86,87,88,89,90,91,92,93,94,95,96,97,98,99,100
31	0.04880930964023622	88,40,53,13,57,9,41,93
32	0.1605207808533935	71,8,95,48,55,94,81,34
33	0.0639261374202202	93,44,42,43,31,17
34	0.11745495305100911	54,88,59,91,12
35	0.03805568876310058	21,65,25,54,56,11,73,4
36	0.07325966205061137	1,2,3,4,5,6,7,8,9,10,11,12,13,14,15,16,17,18,19,20,21,22,23,24,25,26,27,28,29,30,31,32,33,34,35,36,37,38,39,40,41,42,43,44,45,46,47,48,49,50,51,52,53,54,55,56,57,58,59,60,61,62,63,64,65,66,67,68,69,70,71,72,73,74,75,76,77,78,79,80,81,82,83,84,85,86,87,88,89,90,91,92,93,94,95,96,97,98,99,100
37	0.03128196305270971	27,26,54,32,36,8
38	0.03771100411334906	55,72,86,39,75
39	0.08526708908878707	50
4	0.08019790334717973	32
40	0.05880734587813605	75,84
41	0.11003292799240859	15,89,61
42	0.03457035530114213	4,93,76,86
43	0.052130921009312034	80,82
44	0.06898763360282376	64,98,50,16
45	0.03392436638731405	1,2,3,4,5,6,7,8,9,10,11,12,13,14,15,16,17,18,19,20,21,22,23,24,25,26,27,28,29,30,31,32,33,34,35,36,37,38,39,40,41,42,43,44,45,46,47,48,49,50,51,52,53,54,55,56,57,58,59,60,61,62,63,64,65,66,67,68,69,70,71,72,73,74,75,76,77,78,79,80,81,82,83,84,85,86,87,88,89,90,91,92,93,94,95,96,97,98,99,100
46	0.05626257216544459	30,20,25,59,91,11,62,67,26
47	0.04853160527176327	88
48	0.06865655806872208	41
49	0.1289056517224806	58,89,59,94,41,51,87,85,29
5	0.09563310075908263	27,20,87,49,25
50	0.1065930903932016	80,49,48,47,32
51	0.0645633462940405	54,84,82
52	0.03035066472984769	15,72,24,76
53	0.041605738330914854	8,23,9
54	0.11023124205776655	2,22,59,40,90,95,55,48,77
55	0.09427919665184496	80,91,20,65,66
56	0.02487375951882412	43,66,76,77,38,39,40,67,59
57	0.03225657264861341	1,2,3,4,5,6,7,8,9,10,11,12,13,14,15,16,17,18,19,20,21,22,23,24,25,26,27,28,29,30,31,32,33,34,35,36,37,38,39,40,41,42,43,44,45,46,47,48,49,50,51,52,53,54,55,56,57,58,59,60,61,62,63,64,65,66,67,68,69,70,71,72,73,74,75,76,77,78,79,80,81,82,83,84,85,86,87,88,89,90,91,92,93,94,95,96,97,98,99,100
58	0.1047913760620213	98,99,40,55,35,2,96,12,3
59	0.09798494576015594	3,26
6	0.049251193059106566	74,71,40,56,98,79,22,48,78
60	0.02459536316508669	77,15,96,61,59,25,4,35
61	0.053789493916554465	1,2,3,4,5,6,7,8,9,10,11,12,13,14,15,16,17,18,19,20,21,22,23,24,25,26,27,28,29,30,31,32,33,34,35,36,37,38,39,40,41,42,43,44,45,46,47,48,49,50,51,52,53,54,55,56,57,58,59,60,61,62,63,64,65,66,67,68,69,70,71,72,73,74,75,76,77,78,79,80,81,82,83,84,85,86,87,88,89,90,91,92,93,94,95,96,97,98,99,100
62	0.03201530935089345	73,31,37,62,61,24
63	0.027583764663796605	68
64	0.07918598492760699	39,79,28,31,99,98,93,55
65	0.062199636774368516	1,2,3,4,5,6,7,8,9,10,11,12,13,14,15,16,17,18,19,20,21,22,23,24,25,26,27,28,29,30,31,32,33,34,35,36,37,38,39,40,41,42,43,44,45,46,47,48,49,50,51,52,53,54,55,56,57,58,59,60,61,62,63,64,65,66,67,68,69,70,71,72,73,74,75,76,77,78,79,80,81,82,83,84,85,86,87,88,89,90,91,92,93,94,95,96,97,98,99,100
66	0.04216225061359887	1,2,3,4,5,6,7,8,9,10,11,12,13,14,15,16,17,18,19,20,21,22,23,24,25,26,27,28,29,30,31,32,33,34,35,36,37,38,39,40,41,42,43,44,45,46,47,48,49,50,51,52,53,54,55,56,57,58,59,60,61,62,63,64,65,66,67,68,69,70,71,72,73,74,75,76,77,78,79,80,81,82,83,84,85,86,87,88,89,90,91,92,93,94,95,96,97,98,99,100
67	0.02384171218912942	75,60,99,28,54,26
68	0.04742546957663592	34,31,69,1,80,29,43,60
69	0.03629207173923894	58
7	0.041987922700065336	8,92,97
70	0.033035665831215644	94
71	0.03788576337618295	64,18,43,80
72	0.0678050364679066	81,13,58
73	0.03670502923497866	91,64
74	0.04017249814530284	89
75	0.08911653849502878	45,44,28,41,70,24,83,78,84
76	0.09611374935127974	1,2,3,4,5,6,7,8,9,10,11,12,13,14,15,16,17,18,19,20,21,22,23,24,25,26,27,28,29,30,31,32,33,34,35,36,37,38,39,40,41,42,43,44,45,46,47,48,49,50,51,52,53,54,55,56,57,58,59,60,61,62,63,64,65,66,67,68,69,70,71,72,73,74,75,76,77,78,79,80,81,82,83,84,85,86,87,88,89,90,91,92,93,94,95,96,97,98,99,100
77	0.08713538972607485	87,11,54,77,69,63,58
78	0.03286828520517092	50,93,58,87,57,42,11
79	0.03693215360645815	38,51,58,30,96,69,11,82
8	0.14473103254001787	25,51,9,32,72
80	0.09877660295270829	44,76,92,45,46,59,97,96,94
81	0.056661850897378914	32,46,93,23,5
82	0.07706971000477719	46,6,89
83	0.03601713794571808	10
84	0.08101926964539029	1,2,3,4,5,6,7,8,9,10,11,12,13,14,15,16,17,18,19,20,21,22,23,24,25,26,27,28,29,30,31,32,33,34,35,36,37,38,39,40,41,42,43,44,45,46,47,48,49,50,51,52,53,54,55,56,57,58,59,60,61,62,63,64,65,66,67,68,69,70,71,72,73,74,75,76,77,78,79,80,81,82,83,84,85,86,87,88,89,90,91,92,93,94,95,96,97,98,99,100
85	0.03538458232475865	86,22
86	0.06423810147371442	21,65,24,58,68,83,7
87	0.08962815184225165	44,9,19,26,4,65,12
88	0.10723653327530047	1,2,3,4,5,6,7,8,9,10,11,12,13,14,15,16,17,18,19,20,21,22,23,24,25,26,27,28,29,30,31,32,33,34,35,36,37,38,39,40,41,42,43,44,45,46,47,48,49,50,51,52,53,54,55,56,57,58,59,60,61,62,63,64,65,66,67,68,69,70,71,72,73,74,75,76,77,78,79,80,81,82,83,84,85,86,87,88,89,90,91,92,93,94,95,96,97,98,99,100
89	0.12622752574787915	10,77,18,55
9	0.07088013773445596	13,34,87,86,97,6
90	0.03502984481520302	11,82,14
91	0.07834858899136868	39,29,5
92	0.043727347502762914	9,28,94,34,37,54,48,25,73
93	0.0574236354523634	34
94	0.09301413459726066	49
95	0.04963230109757008	72,98,22,87,85,8
96	0.04060281192668705	99,97,23,1,80,81,32
97	0.07095728998094349	62,38,33,59,14,95,7,16,25
98	0.06956418239811822	22,16,97,64,74,87,94
99	0.05425425858335034	47,84,7,54,33,87,27
