1	0.02616229403731624	98,86
10	0.07367973155185821	53,27,77,97,40
100	0.017970257089722365	69,55,31,17,6,66,15,87
11	0.0642920476440148	8,4
12	0.07654554732516528	18,33
13	0.049945917324763965	77,44,82,23,28
14	0.032827595369141774	47,29,35,34,8,22
15	0.057038386024568115	76
16	0.05936670458497188	79,24,88,3,76,59
17	0.027159933701309952	33,38,21,54,12,58,8
18	0.08945591198736844	19,53,84,26,70,8,90,59,75
19	0.03553111824287754	1,2,3,4,5,6,7,8,9,10,11,12,13,14,15,16,17,18,19,20,21,22,23,24,25,26,27,28,29,30,31,32,33,34,35,36,37,38,39,40,41,42,43,44,45,46,47,48,49,50,51,52,53,54,55,56,57,58,59,60,61,62,63,64,65,66,67,68,69,70,71,72,73,74,75,76,77,78,79,80,81,82,83,84,85,86,87,88,89,90,91,92,93,94,95,96,97,98,99,100
2	0.04483162081716588	54,4,57,34,36
20	0.053113447791407316	2,51,72,36,44
21	0.030622957286607924	78,47,11,83,80,25
22	0.06408110247615302	64,88,12
23	0.049714539667065565	92,8,54,4,89,66
24	0.04993256358169863	7,31,32,42,16,89,35
25	0.08104244369862201	8,75,39
26	0.08797836063865645	36,5
27	0.054679587623504	74,5,32,41
28	0.047147857360111234	99,52,43
29	0.05895258497899291	91,18,8,34,37,38,80
3	0.07548385086071059	54,39,75,16,11,73,65
30	0.02543135411558896	1,2,3,4,5,6,7,8,9,10,11,12,13,14,15,16,17,18,19,20,21,22,23,24,25,26,27,28,29,30,31,32,33,34,35,36,37,38,39,40,41,42,43,44,45,46,47,48,49,50,51,52,53,54,55,56,57,58,59,60,61,62,63,64,65,66,67,68,69,70,71,72,73,74,75,76,77,78,79,80,81,82,83,84,85,86,87,88,89,90,91,92,93,94,95,96,97,98,99,100
31	0.04884761325000784	88,40,53,13,57,9,41,93
32	0.16068554467731652	71,8,95,48,55,94,81,34
33	0.06398426206551001	93,44,42,43,31,17
34	0.11756786424583021	54,88,59,91,12
35	0.03808296632649437	21,65,25,54,56,11,73,4
36	0.07333152940020377	1,2,3,4,5,6,7,8,9,10,11,12,13,14,15,16,17,18,19,20,21,22,23,24,25,26,27,28,29,30,31,32,33,34,35,36,37,38,39,40,41,42,43,44,45,46,47,48,49,50,51,52,53,54,55,56,57,58,59,60,61,62,63,64,65,66,67,68,69,70,71,72,73,74,75,76,77,78,79,80,81,82,83,84,85,86,87,88,89,90,91,92,93,94,95,96,97,98,99,100
37	0.031302710782866845	27,26,54,32,36,8
38	0.03773881793256967	55,72,86,39,75
39	0.08535055926286789	50
4	0.08027035388182151	32
40	0.058859163051935365	75,84
41	0.11014861472137821	15,89,61
42	0.03459476122394454	4,93,76,86
43	0.05217229772052316	80,82
44	0.06905452838417006	64,98,50,16
45	0.03395015645797818	1,2,3,4,5,6,7,8,9,10,11,12,13,14,15,16,17,18,19,20,21,22,23,24,25,26,27,28,29,30,31,32,33,34,35,36,37,38,39,40,41,42,43,44,45,46,47,48,49,50,51,52,53,54,55,56,57,58,59,60,61,62,63,64,65,66,67,68,69,70,71,72,73,74,75,76,77,78,79,80,81,82,83,84,85,86,87,88,89,90,91,92,93,94,95,96,97,98,99,100
46	0.056312035317133656	30,20,25,59,91,11,62,67,26
47	0.04857238230214466	88
48	0.06872500502729728	41
49	0.12904249517270264	58,89,59,94,41,51,87,85,29
5	0.09573084797676702	27,20,87,49,25
50	0.10670230095380666	80,49,48,47,32
51	0.06462657182790048	54,84,82
52	0.030369274027950824	15,72,24,76
53	0.04163870743858886	8,23,9
54	0.11033951363410291	2,22,59,40,90,95,55,48,77
55	0.09437490473776441	80,91,20,65,66
56	0.024887415558617912	43,66,76,77,38,39,40,67,59
57	0.03227806707908222	1,2,3,4,5,6,7,8,9,10,11,12,13,14,15,16,17,18,19,20,21,22,23,24,25,26,27,28,29,30,31,32,33,34,35,36,37,38,39,40,41,42,43,44,45,46,47,48,49,50,51,52,53,54,55,56,57,58,59,60,61,62,63,64,65,66,67,68,69,70,71,72,73,74,75,76,77,78,79,80,81,82,83,84,85,86,87,88,89,90,91,92,93,94,95,96,97,98,99,100
58	0.10488759238815257	98,99,40,55,35,2,96,12,3
59	0.09808559490238926	3,26
6	0.049291730141280674	74,71,40,56,98,79,22,48,78
60	0.024607083479367214	77,15,96,61,59,25,4,35
61	0.05383893152710575	1,2,3,4,5,6,7,8,9,10,11,12,13,14,15,16,17,18,19,20,21,22,23,24,25,26,27,28,29,30,31,32,33,34,35,36,37,38,39,40,41,42,43,44,45,46,47,48,49,50,51,52,53,54,55,56,57,58,59,60,61,62,63,64,65,66,67,68,69,70,71,72,73,74,75,76,77,78,79,80,81,82,83,84,85,86,87,88,89,90,91,92,93,94,95,96,97,98,99,100
62	0.03203731797578348	73,31,37,62,61,24
63	0.02760171080292359	68
64	0.07925745767147124	39,79,28,31,99,98,93,55
65	0.06225884467999286	1,2,3,4,5,6,7,8,9,10,11,12,13,14,15,16,17,18,19,20,21,22,23,24,25,26,27,28,29,30,31,32,33,34,35,36,37,38,39,40,41,42,43,44,45,46,47,48,49,50,51,52,53,54,55,56,57,58,59,60,61,62,63,64,65,66,67,68,69,70,71,72,73,74,75,76,77,78,79,80,81,82,83,84,85,86,87,88,89,90,91,92,93,94,95,96,97,98,99,100
66	0.04219605463792498	1,2,3,4,5,6,7,8,9,10,11,12,13,14,15,16,17,18,19,20,21,22,23,24,25,26,27,28,29,30,31,32,33,34,35,36,37,38,39,40,41,42,43,44,45,46,47,48,49,50,51,52,53,54,55,56,57,58,59,60,61,62,63,64,65,66,67,68,69,70,71,72,73,74,75,76,77,78,79,80,81,82,83,84,85,86,87,88,89,90,91,92,93,94,95,96,97,98,99,100
67	0.02385446765675552	75,60,99,28,54,26
68	0.047456287007688044	34,31,69,1,80,29,43,60
69	0.03631812837122063	58
7	0.042020015100561504	8,92,97
70	0.03306087928949425	94
71	0.03791660519854288	64,18,43,80
72	0.06786731010439975	81,13,58
73	0.03673242515740402	91,64
74	0.04020342224366971	89
75	0.08920273117307644	45,44,28,41,70,24,83,78,84
76	0.09620251705994724	1,2,3,4,5,6,7,8,9,10,11,12,13,14,15,16,17,18,19,20,21,22,23,24,25,26,27,28,29,30,31,32,33,34,35,36,37,38,39,40,41,42,43,44,45,46,47,48,49,50,51,52,53,54,55,56,57,58,59,60,61,62,63,64,65,66,67,68,69,70,71,72,73,74,75,76,77,78,79,80,81,82,83,84,85,86,87,88,89,90,91,92,93,94,95,96,97,98,99,100
77	0.08722081713106776	87,11,54,77,69,63,58
78	0.032891206474588736	50,93,58,87,57,42,11
79	0.03696047789411565	38,51,58,30,96,69,11,82
8	0.14487479307928763	25,51,9,32,72
80	0.0988708408934858	44,76,92,45,46,59,97,96,94
81	0.05671350496184009	32,46,93,23,5
82	0.07713846770185788	46,6,89
83	0.03604268416269146	10
84	0.08109788379548936	1,2,3,4,5,6,7,8,9,10,11,12,13,14,15,16,17,18,19,20,21,22,23,24,25,26,27,28,29,30,31,32,33,34,35,36,37,38,39,40,41,42,43,44,45,46,47,48,49,50,51,52,53,54,55,56,57,58,59,60,61,62,63,64,65,66,67,68,69,70,71,72,73,74,75,76,77,78,79,80,81,82,83,84,85,86,87,88,89,90,91,92,93,94,95,96,97,98,99,100
85	0.03541310775471197	86,22
86	0.06428800494829433	21,65,24,58,68,83,7
87	0.0897187476014362	44,9,19,26,4,65,12
88	0.10733841502691516	1,2,3,4,5,6,7,8,9,10,11,12,13,14,15,16,17,18,19,20,21,22,23,24,25,26,27,28,29,30,31,32,33,34,35,36,37,38,39,40,41,42,43,44,45,46,47,48,49,50,51,52,53,54,55,56,57,58,59,60,61,62,63,64,65,66,67,68,69,70,71,72,73,74,75,76,77,78,79,80,81,82,83,84,85,86,87,88,89,90,91,92,93,94,95,96,97,98,99,100
89	0.12635326523150306	10,77,18,55
9	0.07094708482047524	13,34,87,86,97,6
90	0.03505751148440257	11,82,14
91	0.0784228534915357	39,29,5
92	0.04376094314327493	9,28,94,34,37,54,48,25,73
93	0.057472493922230035	34
94	0.09310384426769673	49
95	0.04967777136570739	72,98,22,87,85,8
96	0.04063472131126938	99,97,23,1,80,81,32
97	0.07102121149877755	62,38,33,59,14,95,7,16,25
98	0.0696254320549944	22,16,97,64,74,87,94
99	0.054299177072122756	47,84,7,54,33,87,27
