1	0.026148444108097454	98,86
10	0.07361835089778714	53,27,77,97,40
100	0.01796463778389301	69,55,31,17,6,66,15,87
11	0.06423643417198832	8,4
12	0.07647399972625557	18,33
13	0.049904380021728895	77,44,82,23,28
14	0.03280600089476916	47,29,35,34,8,22
15	0.05698834111230968	76
16	0.059313015885078854	79,24,88,3,76,59
17	0.02714413191114982	33,38,21,54,12,58,8
18	0.08936876973259926	19,53,84,26,70,8,90,59,75
19	0.03550315125537669	1,2,3,4,5,6,7,8,9,10,11,12,13,14,15,16,17,18,19,20,21,22,23,24,25,26,27,28,29,30,31,32,33,34,35,36,37,38,39,40,41,42,43,44,45,46,47,48,49,50,51,52,53,54,55,56,57,58,59,60,61,62,63,64,65,66,67,68,69,70,71,72,73,74,75,76,77,78,79,80,81,82,83,84,85,86,87,88,89,90,91,92,93,94,95,96,97,98,99,100
2	0.044793994916550554	54,4,57,34,36
20	0.05306458738723386	2,51,72,36,44
21	0.030604767412185353	78,47,11,83,80,25
22	0.06402576751894744	64,88,12
23	0.049675287868641	92,8,54,4,89,66
24	0.04989350541602443	7,31,32,42,16,89,35
25	0.08096577319449166	8,75,39
26	0.08789030373203037	36,5
27	0.0546328977197179	74,5,32,41
28	0.047110082437615955	99,52,43
29	0.058900492592176605	91,18,8,34,37,38,80
3	0.07540957425981332	54,39,75,16,11,73,65
30	0.02541689180252201	1,2,3,4,5,6,7,8,9,10,11,12,13,14,15,16,17,18,19,20,21,22,23,24,25,26,27,28,29,30,31,32,33,34,35,36,37,38,39,40,41,42,43,44,45,46,47,48,49,50,51,52,53,54,55,56,57,58,59,60,61,62,63,64,65,66,67,68,69,70,71,72,73,74,75,76,77,78,79,80,81,82,83,84,85,86,87,88,89,90,91,92,93,94,95,96,97,98,99,100
31	0.04881012956896771	88,40,53,13,57,9,41,93
32	0.1605243077949519	71,8,95,48,55,94,81,34
33	0.06392738163889734	93,44,42,43,31,17
34	0.11745737003294088	54,88,59,91,12
35	0.03805627266780523	21,65,25,54,56,11,73,4
36	0.07326120044621263	1,2,3,4,5,6,7,8,9,10,11,12,13,14,15,16,17,18,19,20,21,22,23,24,25,26,27,28,29,30,31,32,33,34,35,36,37,38,39,40,41,42,43,44,45,46,47,48,49,50,51,52,53,54,55,56,57,58,59,60,61,62,63,64,65,66,67,68,69,70,71,72,73,74,75,76,77,78,79,80,81,82,83,84,85,86,87,88,89,90,91,92,93,94,95,96,97,98,99,100
37	0.031282407179520993	27,26,54,32,36,8
38	0.03771159949716919	55,72,86,39,75
39	0.08526887585495241	50
4	0.08019945422646545	32
40	0.058808455078805	75,84
41	0.11003540438754462	15,89,61
42	0.03457087773538378	4,93,76,86
43	0.05213180672098615	80,82
44	0.06898906555541356	64,98,50,16
45	0.03392491845068485	1,2,3,4,5,6,7,8,9,10,11,12,13,14,15,16,17,18,19,20,21,22,23,24,25,26,27,28,29,30,31,32,33,34,35,36,37,38,39,40,41,42,43,44,45,46,47,48,49,50,51,52,53,54,55,56,57,58,59,60,61,62,63,64,65,66,67,68,69,70,71,72,73,74,75,76,77,78,79,80,81,82,83,84,85,86,87,88,89,90,91,92,93,94,95,96,97,98,99,100
46	0.05626363097581418	30,20,25,59,91,11,62,67,26
47	0.04853247814664354	88
48	0.06865802324728494	41
49	0.12890858099930905	58,89,59,94,41,51,87,85,29
5	0.09563519314026234	27,20,87,49,25
50	0.10659542815919686	80,49,48,47,32
51	0.06456469970255951	54,84,82
52	0.03035106308128971	15,72,24,76
53	0.041606444069063137	8,23,9
54	0.11023355972382388	2,22,59,40,90,95,55,48,77
55	0.0942812453832817	80,91,20,65,66
56	0.024874051840604018	43,66,76,77,38,39,40,67,59
57	0.03225703275932395	1,2,3,4,5,6,7,8,9,10,11,12,13,14,15,16,17,18,19,20,21,22,23,24,25,26,27,28,29,30,31,32,33,34,35,36,37,38,39,40,41,42,43,44,45,46,47,48,49,50,51,52,53,54,55,56,57,58,59,60,61,62,63,64,65,66,67,68,69,70,71,72,73,74,75,76,77,78,79,80,81,82,83,84,85,86,87,88,89,90,91,92,93,94,95,96,97,98,99,100
58	0.10479343567287003	98,99,40,55,35,2,96,12,3
59	0.09798710026005834	3,26
6	0.04925206079764513	74,71,40,56,98,79,22,48,78
60	0.024595614050642325	77,15,96,61,59,25,4,35
61	0.05379055218018935	1,2,3,4,5,6,7,8,9,10,11,12,13,14,15,16,17,18,19,20,21,22,23,24,25,26,27,28,29,30,31,32,33,34,35,36,37,38,39,40,41,42,43,44,45,46,47,48,49,50,51,52,53,54,55,56,57,58,59,60,61,62,63,64,65,66,67,68,69,70,71,72,73,74,75,76,77,78,79,80,81,82,83,84,85,86,87,88,89,90,91,92,93,94,95,96,97,98,99,100
62	0.03201578046847206	73,31,37,62,61,24
63	0.027584148819628826	68
64	0.07918751487626094	39,79,28,31,99,98,93,55
65	0.062200904181363356	1,2,3,4,5,6,7,8,9,10,11,12,13,14,15,16,17,18,19,20,21,22,23,24,25,26,27,28,29,30,31,32,33,34,35,36,37,38,39,40,41,42,43,44,45,46,47,48,49,50,51,52,53,54,55,56,57,58,59,60,61,62,63,64,65,66,67,68,69,70,71,72,73,74,75,76,77,78,79,80,81,82,83,84,85,86,87,88,89,90,91,92,93,94,95,96,97,98,99,100
66	0.04216297422400922	1,2,3,4,5,6,7,8,9,10,11,12,13,14,15,16,17,18,19,20,21,22,23,24,25,26,27,28,29,30,31,32,33,34,35,36,37,38,39,40,41,42,43,44,45,46,47,48,49,50,51,52,53,54,55,56,57,58,59,60,61,62,63,64,65,66,67,68,69,70,71,72,73,74,75,76,77,78,79,80,81,82,83,84,85,86,87,88,89,90,91,92,93,94,95,96,97,98,99,100
67	0.02384198523322246	75,60,99,28,54,26
68	0.04742612925590116	34,31,69,1,80,29,43,60
69	0.03629262950863286	58
7	0.04198860967138176	8,92,97
70	0.03303620555159671	94
71	0.037886423577569564	64,18,43,80
72	0.06780636950006931	81,13,58
73	0.036705615673281886	91,64
74	0.04017316010789323	89
75	0.08911838353923207	45,44,28,41,70,24,83,78,84
76	0.09611564951670012	1,2,3,4,5,6,7,8,9,10,11,12,13,14,15,16,17,18,19,20,21,22,23,24,25,26,27,28,29,30,31,32,33,34,35,36,37,38,39,40,41,42,43,44,45,46,47,48,49,50,51,52,53,54,55,56,57,58,59,60,61,62,63,64,65,66,67,68,69,70,71,72,73,74,75,76,77,78,79,80,81,82,83,84,85,86,87,88,89,90,91,92,93,94,95,96,97,98,99,100
77	0.08713721838880994	87,11,54,77,69,63,58
78	0.03286877585885785	50,93,58,87,57,42,11
79	0.03693275991738778	38,51,58,30,96,69,11,82
8	0.14473410988435437	25,51,9,32,72
80	0.09877862021415437	44,76,92,45,46,59,97,96,94
81	0.05666295660652229	32,46,93,23,5
82	0.07707118183502196	46,6,89
83	0.036017684789146194	10
84	0.08102095246329573	1,2,3,4,5,6,7,8,9,10,11,12,13,14,15,16,17,18,19,20,21,22,23,24,25,26,27,28,29,30,31,32,33,34,35,36,37,38,39,40,41,42,43,44,45,46,47,48,49,50,51,52,53,54,55,56,57,58,59,60,61,62,63,64,65,66,67,68,69,70,71,72,73,74,75,76,77,78,79,80,81,82,83,84,85,86,87,88,89,90,91,92,93,94,95,96,97,98,99,100
85	0.03538519294134898	86,22
86	0.0642391697096549	21,65,24,58,68,83,7
87	0.08963009113900063	44,9,19,26,4,65,12
88	0.10723871416049276	1,2,3,4,5,6,7,8,9,10,11,12,13,14,15,16,17,18,19,20,21,22,23,24,25,26,27,28,29,30,31,32,33,34,35,36,37,38,39,40,41,42,43,44,45,46,47,48,49,50,51,52,53,54,55,56,57,58,59,60,61,62,63,64,65,66,67,68,69,70,71,72,73,74,75,76,77,78,79,80,81,82,83,84,85,86,87,88,89,90,91,92,93,94,95,96,97,98,99,100
89	0.12623021733271722	10,77,18,55
9	0.07088157080668187	13,34,87,86,97,6
90	0.035030437049123425	11,82,14
91	0.07835017870047908	39,29,5
92	0.04372806665250029	9,28,94,34,37,54,48,25,73
93	0.05742468131888767	34
94	0.09301605492635544	49
95	0.04963327443610123	72,98,22,87,85,8
96	0.04060349498035689	99,97,23,1,80,81,32
97	0.07095865828772562	62,38,33,59,14,95,7,16,25
98	0.06956549351092889	22,16,97,64,74,87,94
99	0.05425522011046849	47,84,7,54,33,87,27
