1	0.02676249433910001	98,86
10	0.07633972255327696	53,27,77,97,40
100	0.018213775233478634	69,55,31,17,6,66,15,87
11	0.06670211214070995	8,4
12	0.07964613287858197	18,33
13	0.05174597719701914	77,44,82,23,28
14	0.03376341315053538	47,29,35,34,8,22
15	0.05920713150800124	76
16	0.06169335718858253	79,24,88,3,76,59
17	0.027844719816218354	33,38,21,54,12,58,8
18	0.09323230728752226	19,53,84,26,70,8,90,59,75
19	0.03674309514698779	1,2,3,4,5,6,7,8,9,10,11,12,13,14,15,16,17,18,19,20,21,22,23,24,25,26,27,28,29,30,31,32,33,34,35,36,37,38,39,40,41,42,43,44,45,46,47,48,49,50,51,52,53,54,55,56,57,58,59,60,61,62,63,64,65,66,67,68,69,70,71,72,73,74,75,76,77,78,79,80,81,82,83,84,85,86,87,88,89,90,91,92,93,94,95,96,97,98,99,100
2	0.046462176218984214	54,4,57,34,36
20	0.05523086145248621	2,51,72,36,44
21	0.03141123338133776	78,47,11,83,80,25
22	0.06647909725933773	64,88,12
23	0.0514155549489746	92,8,54,4,89,66
24	0.05162518759829786	7,31,32,42,16,89,35
25	0.08436503538762585	8,75,39
26	0.09179439327670315	36,5
27	0.056702940516042244	74,5,32,41
28	0.04878487077157738	99,52,43
29	0.061210059785811115	91,18,8,34,37,38,80
3	0.07870270039945716	54,39,75,16,11,73,65
30	0.026058092673628186	1,2,3,4,5,6,7,8,9,10,11,12,13,14,15,16,17,18,19,20,21,22,23,24,25,26,27,28,29,30,31,32,33,34,35,36,37,38,39,40,41,42,43,44,45,46,47,48,49,50,51,52,53,54,55,56,57,58,59,60,61,62,63,64,65,66,67,68,69,70,71,72,73,74,75,76,77,78,79,80,81,82,83,84,85,86,87,88,89,90,91,92,93,94,95,96,97,98,99,100
31	0.05047200542669809	88,40,53,13,57,9,41,93
32	0.16767290352295183	71,8,95,48,55,94,81,34
33	0.06644923128534747	93,44,42,43,31,17
34	0.12235623961454553	54,88,59,91,12
35	0.03923976227453774	21,65,25,54,56,11,73,4
36	0.07637930377771364	1,2,3,4,5,6,7,8,9,10,11,12,13,14,15,16,17,18,19,20,21,22,23,24,25,26,27,28,29,30,31,32,33,34,35,36,37,38,39,40,41,42,43,44,45,46,47,48,49,50,51,52,53,54,55,56,57,58,59,60,61,62,63,64,65,66,67,68,69,70,71,72,73,74,75,76,77,78,79,80,81,82,83,84,85,86,87,88,89,90,91,92,93,94,95,96,97,98,99,100
37	0.03218258739898649	27,26,54,32,36,8
38	0.038918355595365745	55,72,86,39,75
39	0.08889039006664261	50
4	0.08334286016468598	32
40	0.061056642930438255	75,84
41	0.11505469586127642	15,89,61
42	0.03562977568601799	4,93,76,86
43	0.05392701500150876	80,82
44	0.0718914244397366	64,98,50,16
45	0.03504387032146968	1,2,3,4,5,6,7,8,9,10,11,12,13,14,15,16,17,18,19,20,21,22,23,24,25,26,27,28,29,30,31,32,33,34,35,36,37,38,39,40,41,42,43,44,45,46,47,48,49,50,51,52,53,54,55,56,57,58,59,60,61,62,63,64,65,66,67,68,69,70,71,72,73,74,75,76,77,78,79,80,81,82,83,84,85,86,87,88,89,90,91,92,93,94,95,96,97,98,99,100
46	0.05840968504560871	30,20,25,59,91,11,62,67,26
47	0.05030166811964311	88
48	0.07162772632939877	41
49	0.13484579755887477	58,89,59,94,41,51,87,85,29
5	0.09987614437656103	27,20,87,49,25
50	0.11133373859994475	80,49,48,47,32
51	0.06730786122008499	54,84,82
52	0.031158463308992357	15,72,24,76
53	0.04303687228270515	8,23,9
54	0.11493113052379186	2,22,59,40,90,95,55,48,77
55	0.09843372496244523	80,91,20,65,66
56	0.025466545419685543	43,66,76,77,38,39,40,67,59
57	0.03318961000953949	1,2,3,4,5,6,7,8,9,10,11,12,13,14,15,16,17,18,19,20,21,22,23,24,25,26,27,28,29,30,31,32,33,34,35,36,37,38,39,40,41,42,43,44,45,46,47,48,49,50,51,52,53,54,55,56,57,58,59,60,61,62,63,64,65,66,67,68,69,70,71,72,73,74,75,76,77,78,79,80,81,82,83,84,85,86,87,88,89,90,91,92,93,94,95,96,97,98,99,100
58	0.10896796623211924	98,99,40,55,35,2,96,12,3
59	0.10235395708038485	3,26
6	0.051010840155898206	74,71,40,56,98,79,22,48,78
60	0.025104122451438313	77,15,96,61,59,25,4,35
61	0.055935498098692985	1,2,3,4,5,6,7,8,9,10,11,12,13,14,15,16,17,18,19,20,21,22,23,24,25,26,27,28,29,30,31,32,33,34,35,36,37,38,39,40,41,42,43,44,45,46,47,48,49,50,51,52,53,54,55,56,57,58,59,60,61,62,63,64,65,66,67,68,69,70,71,72,73,74,75,76,77,78,79,80,81,82,83,84,85,86,87,88,89,90,91,92,93,94,95,96,97,98,99,100
62	0.03297066703360854	73,31,37,62,61,24
63	0.028362776618301756	68
64	0.08228849747899385	39,79,28,31,99,98,93,55
65	0.06476975316261031	1,2,3,4,5,6,7,8,9,10,11,12,13,14,15,16,17,18,19,20,21,22,23,24,25,26,27,28,29,30,31,32,33,34,35,36,37,38,39,40,41,42,43,44,45,46,47,48,49,50,51,52,53,54,55,56,57,58,59,60,61,62,63,64,65,66,67,68,69,70,71,72,73,74,75,76,77,78,79,80,81,82,83,84,85,86,87,88,89,90,91,92,93,94,95,96,97,98,99,100
66	0.04362962690412347	1,2,3,4,5,6,7,8,9,10,11,12,13,14,15,16,17,18,19,20,21,22,23,24,25,26,27,28,29,30,31,32,33,34,35,36,37,38,39,40,41,42,43,44,45,46,47,48,49,50,51,52,53,54,55,56,57,58,59,60,61,62,63,64,65,66,67,68,69,70,71,72,73,74,75,76,77,78,79,80,81,82,83,84,85,86,87,88,89,90,91,92,93,94,95,96,97,98,99,100
67	0.024395405754951225	75,60,99,28,54,26
68	0.048763202836289335	34,31,69,1,80,29,43,60
69	0.03742314665539063	58
7	0.043381000255889667	8,92,97
70	0.034130139983814076	94
71	0.03922455542214473	64,18,43,80
72	0.07050823111756065	81,13,58
73	0.03789424051429575	91,64
74	0.041514861655059104	89
75	0.09285801882711982	45,44,28,41,70,24,83,78,84
76	0.09996700746625004	1,2,3,4,5,6,7,8,9,10,11,12,13,14,15,16,17,18,19,20,21,22,23,24,25,26,27,28,29,30,31,32,33,34,35,36,37,38,39,40,41,42,43,44,45,46,47,48,49,50,51,52,53,54,55,56,57,58,59,60,61,62,63,64,65,66,67,68,69,70,71,72,73,74,75,76,77,78,79,80,81,82,83,84,85,86,87,88,89,90,91,92,93,94,95,96,97,98,99,100
77	0.09084365083192911	87,11,54,77,69,63,58
78	0.03386325926407836	50,93,58,87,57,42,11
79	0.038161663671535034	38,51,58,30,96,69,11,82
8	0.1509714376702587	25,51,9,32,72
80	0.1028673147156117	44,76,92,45,46,59,97,96,94
81	0.05890406764569874	32,46,93,23,5
82	0.08005436690556846	46,6,89
83	0.03712605659796861	10
84	0.08443177872517132	1,2,3,4,5,6,7,8,9,10,11,12,13,14,15,16,17,18,19,20,21,22,23,24,25,26,27,28,29,30,31,32,33,34,35,36,37,38,39,40,41,42,43,44,45,46,47,48,49,50,51,52,53,54,55,56,57,58,59,60,61,62,63,64,65,66,67,68,69,70,71,72,73,74,75,76,77,78,79,80,81,82,83,84,85,86,87,88,89,90,91,92,93,94,95,96,97,98,99,100
85	0.03662282364121727	86,22
86	0.06640432803617297	21,65,24,58,68,83,7
87	0.0935607625799798	44,9,19,26,4,65,12
88	0.11165905011230923	1,2,3,4,5,6,7,8,9,10,11,12,13,14,15,16,17,18,19,20,21,22,23,24,25,26,27,28,29,30,31,32,33,34,35,36,37,38,39,40,41,42,43,44,45,46,47,48,49,50,51,52,53,54,55,56,57,58,59,60,61,62,63,64,65,66,67,68,69,70,71,72,73,74,75,76,77,78,79,80,81,82,83,84,85,86,87,88,89,90,91,92,93,94,95,96,97,98,99,100
89	0.13168566692269643	10,77,18,55
9	0.07378619902990058	13,34,87,86,97,6
90	0.036230808760385556	11,82,14
91	0.08157228702528155	39,29,5
92	0.045185678199716604	9,28,94,34,37,54,48,25,73
93	0.05954450010349975	34
94	0.09690828170073615	49
95	0.05160608956557936	72,98,22,87,85,8
96	0.04198794506726256	99,97,23,1,80,81,32
97	0.07373201641055324	62,38,33,59,14,95,7,16,25
98	0.07222292780155713	22,16,97,64,74,87,94
99	0.056204095229715034	47,84,7,54,33,87,27
