1	0.026148326340438573	98,86
10	0.07361782897050384	53,27,77,97,40
100	0.01796459000224145	69,55,31,17,6,66,15,87
11	0.06423596128376634	8,4
12	0.07647339134818451	18,33
13	0.049904026824910505	77,44,82,23,28
14	0.03280581727428622	47,29,35,34,8,22
15	0.05698791557423919	76
16	0.059312559363432035	79,24,88,3,76,59
17	0.027143997546576253	33,38,21,54,12,58,8
18	0.08936802875124317	19,53,84,26,70,8,90,59,75
19	0.035502913448627486	1,2,3,4,5,6,7,8,9,10,11,12,13,14,15,16,17,18,19,20,21,22,23,24,25,26,27,28,29,30,31,32,33,34,35,36,37,38,39,40,41,42,43,44,45,46,47,48,49,50,51,52,53,54,55,56,57,58,59,60,61,62,63,64,65,66,67,68,69,70,71,72,73,74,75,76,77,78,79,80,81,82,83,84,85,86,87,88,89,90,91,92,93,94,95,96,97,98,99,100
2	0.044793674978870074	54,4,57,34,36
20	0.05306417192118194	2,51,72,36,44
21	0.030604612741436332	78,47,11,83,80,25
22	0.06402529699897135	64,88,12
23	0.04967495410575061	92,8,54,4,89,66
24	0.04989317329961723	7,31,32,42,16,89,35
25	0.08096512125572472	8,75,39
26	0.08788955497327657	36,5
27	0.054632500709698884	74,5,32,41
28	0.04710976123278403	99,52,43
29	0.05890004964417707	91,18,8,34,37,38,80
3	0.07540894267670124	54,39,75,16,11,73,65
30	0.025416768827687626	1,2,3,4,5,6,7,8,9,10,11,12,13,14,15,16,17,18,19,20,21,22,23,24,25,26,27,28,29,30,31,32,33,34,35,36,37,38,39,40,41,42,43,44,45,46,47,48,49,50,51,52,53,54,55,56,57,58,59,60,61,62,63,64,65,66,67,68,69,70,71,72,73,74,75,76,77,78,79,80,81,82,83,84,85,86,87,88,89,90,91,92,93,94,95,96,97,98,99,100
31	0.048809810840597836	88,40,53,13,57,9,41,93
32	0.16052293677782523	71,8,95,48,55,94,81,34
33	0.06392689797760398	93,44,42,43,31,17
34	0.11745643048700047	54,88,59,91,12
35	0.038056045688328204	21,65,25,54,56,11,73,4
36	0.07326060243042984	1,2,3,4,5,6,7,8,9,10,11,12,13,14,15,16,17,18,19,20,21,22,23,24,25,26,27,28,29,30,31,32,33,34,35,36,37,38,39,40,41,42,43,44,45,46,47,48,49,50,51,52,53,54,55,56,57,58,59,60,61,62,63,64,65,66,67,68,69,70,71,72,73,74,75,76,77,78,79,80,81,82,83,84,85,86,87,88,89,90,91,92,93,94,95,96,97,98,99,100
37	0.031282234535473845	27,26,54,32,36,8
38	0.037711368055450965	55,72,86,39,75
39	0.08526818129084536	50
4	0.08019885135793843	32
40	0.05880802390264602	75,84
41	0.11003444174609232	15,89,61
42	0.034570674651130465	4,93,76,86
43	0.05213146242101564	80,82
44	0.06898850891689468	64,98,50,16
45	0.03392470384879144	1,2,3,4,5,6,7,8,9,10,11,12,13,14,15,16,17,18,19,20,21,22,23,24,25,26,27,28,29,30,31,32,33,34,35,36,37,38,39,40,41,42,43,44,45,46,47,48,49,50,51,52,53,54,55,56,57,58,59,60,61,62,63,64,65,66,67,68,69,70,71,72,73,74,75,76,77,78,79,80,81,82,83,84,85,86,87,88,89,90,91,92,93,94,95,96,97,98,99,100
46	0.05626321938772103	30,20,25,59,91,11,62,67,26
47	0.04853213883668036	88
48	0.06865745369293591	41
49	0.12890744231055165	58,89,59,94,41,51,87,85,29
5	0.09563437977537226	27,20,87,49,25
50	0.10659451940662341	80,49,48,47,32
51	0.0645641735962353	54,84,82
52	0.030350908231360836	15,72,24,76
53	0.0416061697296469	8,23,9
54	0.11023265878463737	2,22,59,40,90,95,55,48,77
55	0.09428044898622173	80,91,20,65,66
56	0.02487393820725907	43,66,76,77,38,39,40,67,59
57	0.032256853901904886	1,2,3,4,5,6,7,8,9,10,11,12,13,14,15,16,17,18,19,20,21,22,23,24,25,26,27,28,29,30,31,32,33,34,35,36,37,38,39,40,41,42,43,44,45,46,47,48,49,50,51,52,53,54,55,56,57,58,59,60,61,62,63,64,65,66,67,68,69,70,71,72,73,74,75,76,77,78,79,80,81,82,83,84,85,86,87,88,89,90,91,92,93,94,95,96,97,98,99,100
58	0.10479263504668979	98,99,40,55,35,2,96,12,3
59	0.09798626274794854	3,26
6	0.04925172348431623	74,71,40,56,98,79,22,48,78
60	0.024595516524673178	77,15,96,61,59,25,4,35
61	0.05379014080462671	1,2,3,4,5,6,7,8,9,10,11,12,13,14,15,16,17,18,19,20,21,22,23,24,25,26,27,28,29,30,31,32,33,34,35,36,37,38,39,40,41,42,43,44,45,46,47,48,49,50,51,52,53,54,55,56,57,58,59,60,61,62,63,64,65,66,67,68,69,70,71,72,73,74,75,76,77,78,79,80,81,82,83,84,85,86,87,88,89,90,91,92,93,94,95,96,97,98,99,100
62	0.03201559733238708	73,31,37,62,61,24
63	0.027583999487915623	68
64	0.07918692014403396	39,79,28,31,99,98,93,55
65	0.062200411506146705	1,2,3,4,5,6,7,8,9,10,11,12,13,14,15,16,17,18,19,20,21,22,23,24,25,26,27,28,29,30,31,32,33,34,35,36,37,38,39,40,41,42,43,44,45,46,47,48,49,50,51,52,53,54,55,56,57,58,59,60,61,62,63,64,65,66,67,68,69,70,71,72,73,74,75,76,77,78,79,80,81,82,83,84,85,86,87,88,89,90,91,92,93,94,95,96,97,98,99,100
66	0.0421626929371636	1,2,3,4,5,6,7,8,9,10,11,12,13,14,15,16,17,18,19,20,21,22,23,24,25,26,27,28,29,30,31,32,33,34,35,36,37,38,39,40,41,42,43,44,45,46,47,48,49,50,51,52,53,54,55,56,57,58,59,60,61,62,63,64,65,66,67,68,69,70,71,72,73,74,75,76,77,78,79,80,81,82,83,84,85,86,87,88,89,90,91,92,93,94,95,96,97,98,99,100
67	0.023841879093633327	75,60,99,28,54,26
68	0.04742587282081262	34,31,69,1,80,29,43,60
69	0.036292412688654664	58
7	0.04198834262713825	8,92,97
70	0.033035995747755675	94
71	0.03788616693951839	64,18,43,80
72	0.06780585131458332	81,13,58
73	0.03670538770892689	91,64
74	0.040172902785214744	89
75	0.08911766632088287	45,44,28,41,70,24,83,78,84
76	0.09611491087125003	1,2,3,4,5,6,7,8,9,10,11,12,13,14,15,16,17,18,19,20,21,22,23,24,25,26,27,28,29,30,31,32,33,34,35,36,37,38,39,40,41,42,43,44,45,46,47,48,49,50,51,52,53,54,55,56,57,58,59,60,61,62,63,64,65,66,67,68,69,70,71,72,73,74,75,76,77,78,79,80,81,82,83,84,85,86,87,88,89,90,91,92,93,94,95,96,97,98,99,100
77	0.08713650753837841	87,11,54,77,69,63,58
78	0.03286858512856167	50,93,58,87,57,42,11
79	0.03693252422800793	38,51,58,30,96,69,11,82
8	0.1447329136377707	25,51,9,32,72
80	0.09877783605032694	44,76,92,45,46,59,97,96,94
81	0.0566625267876133	32,46,93,23,5
82	0.07707060969498514	46,6,89
83	0.03601747221638502	10
84	0.08102029830667555	1,2,3,4,5,6,7,8,9,10,11,12,13,14,15,16,17,18,19,20,21,22,23,24,25,26,27,28,29,30,31,32,33,34,35,36,37,38,39,40,41,42,43,44,45,46,47,48,49,50,51,52,53,54,55,56,57,58,59,60,61,62,63,64,65,66,67,68,69,70,71,72,73,74,75,76,77,78,79,80,81,82,83,84,85,86,87,88,89,90,91,92,93,94,95,96,97,98,99,100
85	0.03538495557824291	86,22
86	0.06423875445758864	21,65,24,58,68,83,7
87	0.08962933728214972	44,9,19,26,4,65,12
88	0.10723786639171055	1,2,3,4,5,6,7,8,9,10,11,12,13,14,15,16,17,18,19,20,21,22,23,24,25,26,27,28,29,30,31,32,33,34,35,36,37,38,39,40,41,42,43,44,45,46,47,48,49,50,51,52,53,54,55,56,57,58,59,60,61,62,63,64,65,66,67,68,69,70,71,72,73,74,75,76,77,78,79,80,81,82,83,84,85,86,87,88,89,90,91,92,93,94,95,96,97,98,99,100
89	0.12622917104123496	10,77,18,55
9	0.07088101373293029	13,34,87,86,97,6
90	0.035030206831856016	11,82,14
91	0.07834956073775395	39,29,5
92	0.04372778709963834	9,28,94,34,37,54,48,25,73
93	0.05742427476241565	34
94	0.09301530844274229	49
95	0.04963289607321254	72,98,22,87,85,8
96	0.04060322945900806	99,97,23,1,80,81,32
97	0.07095812639004549	62,38,33,59,14,95,7,16,25
98	0.06956498384608509	22,16,97,64,74,87,94
99	0.05425484633899398	47,84,7,54,33,87,27
