1	0.026420464700906816	98,86
10	0.0748239023229082	53,27,77,97,40
100	0.018075004189289978	69,55,31,17,6,66,15,87
11	0.06532871481760624	8,4
12	0.07787923580812864	18,33
13	0.05072019659499578	77,44,82,23,28
14	0.03323012881827561	47,29,35,34,8,22
15	0.057971252034423125	76
16	0.06036749289657749	79,24,88,3,76,59
17	0.02745448817788142	33,38,21,54,12,58,8
18	0.09108029384414246	19,53,84,26,70,8,90,59,75
19	0.03605243900977076	1,2,3,4,5,6,7,8,9,10,11,12,13,14,15,16,17,18,19,20,21,22,23,24,25,26,27,28,29,30,31,32,33,34,35,36,37,38,39,40,41,42,43,44,45,46,47,48,49,50,51,52,53,54,55,56,57,58,59,60,61,62,63,64,65,66,67,68,69,70,71,72,73,74,75,76,77,78,79,80,81,82,83,84,85,86,87,88,89,90,91,92,93,94,95,96,97,98,99,100
2	0.04553298929180879	54,4,57,34,36
20	0.054024233887817893	2,51,72,36,44
21	0.030962027030296893	78,47,11,83,80,25
22	0.06511257797295035	64,88,12
23	0.050446215814027605	92,8,54,4,89,66
24	0.05066063030258114	7,31,32,42,16,89,35
25	0.08247162608768183	8,75,39
26	0.08961979213323408	36,5
27	0.05554991434163995	74,5,32,41
28	0.04785200368849288	99,52,43
29	0.05992361709474797	91,18,8,34,37,38,80
3	0.07686840951368044	54,39,75,16,11,73,65
30	0.025700939967080602	1,2,3,4,5,6,7,8,9,10,11,12,13,14,15,16,17,18,19,20,21,22,23,24,25,26,27,28,29,30,31,32,33,34,35,36,37,38,39,40,41,42,43,44,45,46,47,48,49,50,51,52,53,54,55,56,57,58,59,60,61,62,63,64,65,66,67,68,69,70,71,72,73,74,75,76,77,78,79,80,81,82,83,84,85,86,87,88,89,90,91,92,93,94,95,96,97,98,99,100
31	0.04954633066979529	88,40,53,13,57,9,41,93
32	0.1636910930998411	71,8,95,48,55,94,81,34
33	0.06504454600284278	93,44,42,43,31,17
34	0.11962754006177356	54,88,59,91,12
35	0.03858055151040254	21,65,25,54,56,11,73,4
36	0.0746425016394693	1,2,3,4,5,6,7,8,9,10,11,12,13,14,15,16,17,18,19,20,21,22,23,24,25,26,27,28,29,30,31,32,33,34,35,36,37,38,39,40,41,42,43,44,45,46,47,48,49,50,51,52,53,54,55,56,57,58,59,60,61,62,63,64,65,66,67,68,69,70,71,72,73,74,75,76,77,78,79,80,81,82,83,84,85,86,87,88,89,90,91,92,93,94,95,96,97,98,99,100
37	0.03168118165201746	27,26,54,32,36,8
38	0.03824618525685453	55,72,86,39,75
39	0.08687318506786593	50
4	0.08159196432346984	32
40	0.059804388898624064	75,84
41	0.11225892059728217	15,89,61
42	0.03503996321690933	4,93,76,86
43	0.05292707329047837	80,82
44	0.07027479324428025	64,98,50,16
45	0.034420607460845944	1,2,3,4,5,6,7,8,9,10,11,12,13,14,15,16,17,18,19,20,21,22,23,24,25,26,27,28,29,30,31,32,33,34,35,36,37,38,39,40,41,42,43,44,45,46,47,48,49,50,51,52,53,54,55,56,57,58,59,60,61,62,63,64,65,66,67,68,69,70,71,72,73,74,75,76,77,78,79,80,81,82,83,84,85,86,87,88,89,90,91,92,93,94,95,96,97,98,99,100
46	0.05721432013908306	30,20,25,59,91,11,62,67,26
47	0.04931621876101987	88
48	0.06997358401431733	41
49	0.13153873255147494	58,89,59,94,41,51,87,85,29
5	0.09751390926365926	27,20,87,49,25
50	0.10869447144568373	80,49,48,47,32
51	0.06577990390669926	54,84,82
52	0.03070873657030946	15,72,24,76
53	0.0422401152428119	8,23,9
54	0.11231455559242057	2,22,59,40,90,95,55,48,77
55	0.09612076908958711	80,91,20,65,66
56	0.02513652296510304	43,66,76,77,38,39,40,67,59
57	0.03267015892333581	1,2,3,4,5,6,7,8,9,10,11,12,13,14,15,16,17,18,19,20,21,22,23,24,25,26,27,28,29,30,31,32,33,34,35,36,37,38,39,40,41,42,43,44,45,46,47,48,49,50,51,52,53,54,55,56,57,58,59,60,61,62,63,64,65,66,67,68,69,70,71,72,73,74,75,76,77,78,79,80,81,82,83,84,85,86,87,88,89,90,91,92,93,94,95,96,97,98,99,100
58	0.10664272783195514	98,99,40,55,35,2,96,12,3
59	0.09992159180671473	3,26
6	0.05003118957163735	74,71,40,56,98,79,22,48,78
60	0.024820880241656355	77,15,96,61,59,25,4,35
61	0.05474075043896974	1,2,3,4,5,6,7,8,9,10,11,12,13,14,15,16,17,18,19,20,21,22,23,24,25,26,27,28,29,30,31,32,33,34,35,36,37,38,39,40,41,42,43,44,45,46,47,48,49,50,51,52,53,54,55,56,57,58,59,60,61,62,63,64,65,66,67,68,69,70,71,72,73,74,75,76,77,78,79,80,81,82,83,84,85,86,87,88,89,90,91,92,93,94,95,96,97,98,99,100
62	0.03243878952606031	73,31,37,62,61,24
63	0.02792907629407857	68
64	0.08056123168847748	39,79,28,31,99,98,93,55
65	0.06333888897074173	1,2,3,4,5,6,7,8,9,10,11,12,13,14,15,16,17,18,19,20,21,22,23,24,25,26,27,28,29,30,31,32,33,34,35,36,37,38,39,40,41,42,43,44,45,46,47,48,49,50,51,52,53,54,55,56,57,58,59,60,61,62,63,64,65,66,67,68,69,70,71,72,73,74,75,76,77,78,79,80,81,82,83,84,85,86,87,88,89,90,91,92,93,94,95,96,97,98,99,100
66	0.042812692620513904	1,2,3,4,5,6,7,8,9,10,11,12,13,14,15,16,17,18,19,20,21,22,23,24,25,26,27,28,29,30,31,32,33,34,35,36,37,38,39,40,41,42,43,44,45,46,47,48,49,50,51,52,53,54,55,56,57,58,59,60,61,62,63,64,65,66,67,68,69,70,71,72,73,74,75,76,77,78,79,80,81,82,83,84,85,86,87,88,89,90,91,92,93,94,95,96,97,98,99,100
67	0.024087147226148197	75,60,99,28,54,26
68	0.04801844488360789	34,31,69,1,80,29,43,60
69	0.03679344186713012	58
7	0.042605430402231616	8,92,97
70	0.033520811985585514	94
71	0.03847920800985076	64,18,43,80
72	0.06900327809464474	81,13,58
73	0.03723216939414605	91,64
74	0.04076752589732154	89
75	0.09077501968502386	45,44,28,41,70,24,83,78,84
76	0.09782177813561056	1,2,3,4,5,6,7,8,9,10,11,12,13,14,15,16,17,18,19,20,21,22,23,24,25,26,27,28,29,30,31,32,33,34,35,36,37,38,39,40,41,42,43,44,45,46,47,48,49,50,51,52,53,54,55,56,57,58,59,60,61,62,63,64,65,66,67,68,69,70,71,72,73,74,75,76,77,78,79,80,81,82,83,84,85,86,87,88,89,90,91,92,93,94,95,96,97,98,99,100
77	0.08877914587218969	87,11,54,77,69,63,58
78	0.03330932608058199	50,93,58,87,57,42,11
79	0.03747715695667317	38,51,58,30,96,69,11,82
8	0.14749720892114745	25,51,9,32,72
80	0.10058988751125078	44,76,92,45,46,59,97,96,94
81	0.05765575544049677	32,46,93,23,5
82	0.07839271504254174	46,6,89
83	0.03650868689495039	10
84	0.08253192816998581	1,2,3,4,5,6,7,8,9,10,11,12,13,14,15,16,17,18,19,20,21,22,23,24,25,26,27,28,29,30,31,32,33,34,35,36,37,38,39,40,41,42,43,44,45,46,47,48,49,50,51,52,53,54,55,56,57,58,59,60,61,62,63,64,65,66,67,68,69,70,71,72,73,74,75,76,77,78,79,80,81,82,83,84,85,86,87,88,89,90,91,92,93,94,95,96,97,98,99,100
85	0.03593345596560257	86,22
86	0.06519832194464624	21,65,24,58,68,83,7
87	0.09137135516188029	44,9,19,26,4,65,12
88	0.10919689664355968	1,2,3,4,5,6,7,8,9,10,11,12,13,14,15,16,17,18,19,20,21,22,23,24,25,26,27,28,29,30,31,32,33,34,35,36,37,38,39,40,41,42,43,44,45,46,47,48,49,50,51,52,53,54,55,56,57,58,59,60,61,62,63,64,65,66,67,68,69,70,71,72,73,74,75,76,77,78,79,80,81,82,83,84,85,86,87,88,89,90,91,92,93,94,95,96,97,98,99,100
89	0.12864694898837242	10,77,18,55
9	0.07216830379917458	13,34,87,86,97,6
90	0.03556219456342437	11,82,14
91	0.07977755348581611	39,29,5
92	0.044373779880972755	9,28,94,34,37,54,48,25,73
93	0.05836374840721535	34
94	0.0947402881911473	49
95	0.05050721978112455	72,98,22,87,85,8
96	0.041216798118005576	99,97,23,1,80,81,32
97	0.07218723940779165	62,38,33,59,14,95,7,16,25
98	0.0707427210643197	22,16,97,64,74,87,94
99	0.055118560173686035	47,84,7,54,33,87,27
