1	0.026147739676660772	98,86
10	0.07361522897119467	53,27,77,97,40
100	0.0179643519762462	69,55,31,17,6,66,15,87
11	0.06423360557428363	8,4
12	0.07647036069120386	18,33
13	0.04990226736240835	77,44,82,23,28
14	0.03280490256232526	47,29,35,34,8,22
15	0.05698579574121903	76
16	0.05931028518462529	79,24,88,3,76,59
17	0.027143328204678196	33,38,21,54,12,58,8
18	0.08936433752628592	19,53,84,26,70,8,90,59,75
19	0.03550172880585556	1,2,3,4,5,6,7,8,9,10,11,12,13,14,15,16,17,18,19,20,21,22,23,24,25,26,27,28,29,30,31,32,33,34,35,36,37,38,39,40,41,42,43,44,45,46,47,48,49,50,51,52,53,54,55,56,57,58,59,60,61,62,63,64,65,66,67,68,69,70,71,72,73,74,75,76,77,78,79,80,81,82,83,84,85,86,87,88,89,90,91,92,93,94,95,96,97,98,99,100
2	0.04479208119794533	54,4,57,34,36
20	0.053062102262280135	2,51,72,36,44
21	0.03060384224360361	78,47,11,83,80,25
22	0.06402295308698987	64,88,12
23	0.04967329145405144	92,8,54,4,89,66
24	0.049891518849932606	7,31,32,42,16,89,35
25	0.08096187359958956	8,75,39
26	0.08788582500493619	36,5
27	0.0546305229901808	74,5,32,41
28	0.0471081611394993	99,52,43
29	0.05889784308297655	91,18,8,34,37,38,80
3	0.07540579642298427	54,39,75,16,11,73,65
30	0.025416156224180017	1,2,3,4,5,6,7,8,9,10,11,12,13,14,15,16,17,18,19,20,21,22,23,24,25,26,27,28,29,30,31,32,33,34,35,36,37,38,39,40,41,42,43,44,45,46,47,48,49,50,51,52,53,54,55,56,57,58,59,60,61,62,63,64,65,66,67,68,69,70,71,72,73,74,75,76,77,78,79,80,81,82,83,84,85,86,87,88,89,90,91,92,93,94,95,96,97,98,99,100
31	0.048808223083896894	88,40,53,13,57,9,41,93
32	0.16051610700728752	71,8,95,48,55,94,81,34
33	0.06392448860168358	93,44,42,43,31,17
34	0.11745175010551007	54,88,59,91,12
35	0.03805491498199733	21,65,25,54,56,11,73,4
36	0.07325762339355643	1,2,3,4,5,6,7,8,9,10,11,12,13,14,15,16,17,18,19,20,21,22,23,24,25,26,27,28,29,30,31,32,33,34,35,36,37,38,39,40,41,42,43,44,45,46,47,48,49,50,51,52,53,54,55,56,57,58,59,60,61,62,63,64,65,66,67,68,69,70,71,72,73,74,75,76,77,78,79,80,81,82,83,84,85,86,87,88,89,90,91,92,93,94,95,96,97,98,99,100
37	0.03128137450301783	27,26,54,32,36,8
38	0.037710215120307006	55,72,86,39,75
39	0.08526472129506388	50
4	0.08019584814694734	32
40	0.05880587598328767	75,84
41	0.11002964631348879	15,89,61
42	0.034569662979705686	4,93,76,86
43	0.052129747278477384	80,82
44	0.06898573600233196	64,98,50,16
45	0.033923634801833226	1,2,3,4,5,6,7,8,9,10,11,12,13,14,15,16,17,18,19,20,21,22,23,24,25,26,27,28,29,30,31,32,33,34,35,36,37,38,39,40,41,42,43,44,45,46,47,48,49,50,51,52,53,54,55,56,57,58,59,60,61,62,63,64,65,66,67,68,69,70,71,72,73,74,75,76,77,78,79,80,81,82,83,84,85,86,87,88,89,90,91,92,93,94,95,96,97,98,99,100
46	0.05626116904700872	30,20,25,59,91,11,62,67,26
47	0.04853044855204091	88
48	0.06865461643770632	41
49	0.12890176989204158	58,89,59,94,41,51,87,85,29
5	0.09563032796926828	27,20,87,49,25
50	0.10658999242338477	80,49,48,47,32
51	0.06456155277888531	54,84,82
52	0.030350136840937347	15,72,24,76
53	0.04160480309809584	8,23,9
54	0.11022817072406353	2,22,59,40,90,95,55,48,77
55	0.09427648170596646	80,91,20,65,66
56	0.02487337213871304	43,66,76,77,38,39,40,67,59
57	0.03225596291731588	1,2,3,4,5,6,7,8,9,10,11,12,13,14,15,16,17,18,19,20,21,22,23,24,25,26,27,28,29,30,31,32,33,34,35,36,37,38,39,40,41,42,43,44,45,46,47,48,49,50,51,52,53,54,55,56,57,58,59,60,61,62,63,64,65,66,67,68,69,70,71,72,73,74,75,76,77,78,79,80,81,82,83,84,85,86,87,88,89,90,91,92,93,94,95,96,97,98,99,100
58	0.10478864669892135	98,99,40,55,35,2,96,12,3
59	0.09798209065161147	3,26
6	0.049250043145981484	74,71,40,56,98,79,22,48,78
60	0.02459503069559213	77,15,96,61,59,25,4,35
61	0.053788091522642606	1,2,3,4,5,6,7,8,9,10,11,12,13,14,15,16,17,18,19,20,21,22,23,24,25,26,27,28,29,30,31,32,33,34,35,36,37,38,39,40,41,42,43,44,45,46,47,48,49,50,51,52,53,54,55,56,57,58,59,60,61,62,63,64,65,66,67,68,69,70,71,72,73,74,75,76,77,78,79,80,81,82,83,84,85,86,87,88,89,90,91,92,93,94,95,96,97,98,99,100
62	0.03201468503347176	73,31,37,62,61,24
63	0.02758325558667956	68
64	0.07918395746431049	39,79,28,31,99,98,93,55
65	0.062197957227047046	1,2,3,4,5,6,7,8,9,10,11,12,13,14,15,16,17,18,19,20,21,22,23,24,25,26,27,28,29,30,31,32,33,34,35,36,37,38,39,40,41,42,43,44,45,46,47,48,49,50,51,52,53,54,55,56,57,58,59,60,61,62,63,64,65,66,67,68,69,70,71,72,73,74,75,76,77,78,79,80,81,82,83,84,85,86,87,88,89,90,91,92,93,94,95,96,97,98,99,100
66	0.04216129169674625	1,2,3,4,5,6,7,8,9,10,11,12,13,14,15,16,17,18,19,20,21,22,23,24,25,26,27,28,29,30,31,32,33,34,35,36,37,38,39,40,41,42,43,44,45,46,47,48,49,50,51,52,53,54,55,56,57,58,59,60,61,62,63,64,65,66,67,68,69,70,71,72,73,74,75,76,77,78,79,80,81,82,83,84,85,86,87,88,89,90,91,92,93,94,95,96,97,98,99,100
67	0.02384135035549826	75,60,99,28,54,26
68	0.04742459538030634	34,31,69,1,80,29,43,60
69	0.036291332592228255	58
7	0.04198701233674941	8,92,97
70	0.03303495060246586	94
71	0.03788488848794652	64,18,43,80
72	0.06780326995517036	81,13,58
73	0.03670425209639145	91,64
74	0.04017162092314756	89
75	0.08911409347218902	45,44,28,41,70,24,83,78,84
76	0.09611123128269154	1,2,3,4,5,6,7,8,9,10,11,12,13,14,15,16,17,18,19,20,21,22,23,24,25,26,27,28,29,30,31,32,33,34,35,36,37,38,39,40,41,42,43,44,45,46,47,48,49,50,51,52,53,54,55,56,57,58,59,60,61,62,63,64,65,66,67,68,69,70,71,72,73,74,75,76,77,78,79,80,81,82,83,84,85,86,87,88,89,90,91,92,93,94,95,96,97,98,99,100
77	0.08713296641169269	87,11,54,77,69,63,58
78	0.03286763499881334	50,93,58,87,57,42,11
79	0.03693135013298672	38,51,58,30,96,69,11,82
8	0.1447269544929037	25,51,9,32,72
80	0.09877392971035415	44,76,92,45,46,59,97,96,94
81	0.056660385629443914	32,46,93,23,5
82	0.07706775955905974	46,6,89
83	0.03601641327762115	10
84	0.08101703960222569	1,2,3,4,5,6,7,8,9,10,11,12,13,14,15,16,17,18,19,20,21,22,23,24,25,26,27,28,29,30,31,32,33,34,35,36,37,38,39,40,41,42,43,44,45,46,47,48,49,50,51,52,53,54,55,56,57,58,59,60,61,62,63,64,65,66,67,68,69,70,71,72,73,74,75,76,77,78,79,80,81,82,83,84,85,86,87,88,89,90,91,92,93,94,95,96,97,98,99,100
85	0.03538377314549504	86,22
86	0.06423668586466393	21,65,24,58,68,83,7
87	0.08962558191745744	44,9,19,26,4,65,12
88	0.1072336432013952	1,2,3,4,5,6,7,8,9,10,11,12,13,14,15,16,17,18,19,20,21,22,23,24,25,26,27,28,29,30,31,32,33,34,35,36,37,38,39,40,41,42,43,44,45,46,47,48,49,50,51,52,53,54,55,56,57,58,59,60,61,62,63,64,65,66,67,68,69,70,71,72,73,74,75,76,77,78,79,80,81,82,83,84,85,86,87,88,89,90,91,92,93,94,95,96,97,98,99,100
89	0.12622395890303478	10,77,18,55
9	0.07087823865024045	13,34,87,86,97,6
90	0.03502905999635732	11,82,14
91	0.0783464823344785	39,29,5
92	0.04372639449712219	9,28,94,34,37,54,48,25,73
93	0.05742224948690269	34
94	0.09301158980809601	49
95	0.049631011245036834	72,98,22,87,85,8
96	0.04060190675497324	99,97,23,1,80,81,32
97	0.07095547672285013	62,38,33,59,14,95,7,16,25
98	0.06956244493255406	22,16,97,64,74,87,94
99	0.054252984383111255	47,84,7,54,33,87,27
