1	0.02619331118286966	98,86
10	0.07381719454184263	53,27,77,97,40
100	0.017982841618066514	69,55,31,17,6,66,15,87
11	0.06441659493442527	8,4
12	0.07670577935626981	18,33
13	0.050038940801908384	77,44,82,23,28
14	0.03287595655165647	47,29,35,34,8,22
15	0.05715046243327804	76
16	0.059486941316355124	79,24,88,3,76,59
17	0.02719532207172391	33,38,21,54,12,58,8
18	0.08965106850819476	19,53,84,26,70,8,90,59,75
19	0.03559375077393971	1,2,3,4,5,6,7,8,9,10,11,12,13,14,15,16,17,18,19,20,21,22,23,24,25,26,27,28,29,30,31,32,33,34,35,36,37,38,39,40,41,42,43,44,45,46,47,48,49,50,51,52,53,54,55,56,57,58,59,60,61,62,63,64,65,66,67,68,69,70,71,72,73,74,75,76,77,78,79,80,81,82,83,84,85,86,87,88,89,90,91,92,93,94,95,96,97,98,99,100
2	0.04491588464389946	54,4,57,34,36
20	0.05322287147466997	2,51,72,36,44
21	0.030663693811224836	78,47,11,83,80,25
22	0.06420502602801569	64,88,12
23	0.04980244471883415	92,8,54,4,89,66
24	0.05002003498972017	7,31,32,42,16,89,35
25	0.08121414856069739	8,75,39
26	0.088175565537444	36,5
27	0.054784150435250666	74,5,32,41
28	0.04723245492380969	99,52,43
29	0.05906924674083896	91,18,8,34,37,38,80
3	0.07565019453690204	54,39,75,16,11,73,65
30	0.025463742704898727	1,2,3,4,5,6,7,8,9,10,11,12,13,14,15,16,17,18,19,20,21,22,23,24,25,26,27,28,29,30,31,32,33,34,35,36,37,38,39,40,41,42,43,44,45,46,47,48,49,50,51,52,53,54,55,56,57,58,59,60,61,62,63,64,65,66,67,68,69,70,71,72,73,74,75,76,77,78,79,80,81,82,83,84,85,86,87,88,89,90,91,92,93,94,95,96,97,98,99,100
31	0.04893155857365058	88,40,53,13,57,9,41,93
32	0.16104663734211513	71,8,95,48,55,94,81,34
33	0.06411164672167076	93,44,42,43,31,17
34	0.11781531786309124	54,88,59,91,12
35	0.038142747216622766	21,65,25,54,56,11,73,4
36	0.07348903225585762	1,2,3,4,5,6,7,8,9,10,11,12,13,14,15,16,17,18,19,20,21,22,23,24,25,26,27,28,29,30,31,32,33,34,35,36,37,38,39,40,41,42,43,44,45,46,47,48,49,50,51,52,53,54,55,56,57,58,59,60,61,62,63,64,65,66,67,68,69,70,71,72,73,74,75,76,77,78,79,80,81,82,83,84,85,86,87,88,89,90,91,92,93,94,95,96,97,98,99,100
37	0.031348181038366986	27,26,54,32,36,8
38	0.03779977406882254	55,72,86,39,75
39	0.08553349060587992	50
4	0.08042913483262112	32
40	0.05897272439643452	75,84
41	0.11040215113641669	15,89,61
42	0.03464824869159224	4,93,76,86
43	0.05226297798367856	80,82
44	0.06920113347187878	64,98,50,16
45	0.034006677392730236	1,2,3,4,5,6,7,8,9,10,11,12,13,14,15,16,17,18,19,20,21,22,23,24,25,26,27,28,29,30,31,32,33,34,35,36,37,38,39,40,41,42,43,44,45,46,47,48,49,50,51,52,53,54,55,56,57,58,59,60,61,62,63,64,65,66,67,68,69,70,71,72,73,74,75,76,77,78,79,80,81,82,83,84,85,86,87,88,89,90,91,92,93,94,95,96,97,98,99,100
46	0.05642043764009193	30,20,25,59,91,11,62,67,26
47	0.04866174831837569	88
48	0.06887501183146585	41
49	0.1293423981788624	58,89,59,94,41,51,87,85,29
5	0.09594506856518203	27,20,87,49,25
50	0.10694164434493511	80,49,48,47,32
51	0.06476513547592239	54,84,82
52	0.03041005774419446	15,72,24,76
53	0.041710961788254834	8,23,9
54	0.11057679916857492	2,22,59,40,90,95,55,48,77
55	0.09458465641118739	80,91,20,65,66
56	0.024917343826136383	43,66,76,77,38,39,40,67,59
57	0.03232517378607353	1,2,3,4,5,6,7,8,9,10,11,12,13,14,15,16,17,18,19,20,21,22,23,24,25,26,27,28,29,30,31,32,33,34,35,36,37,38,39,40,41,42,43,44,45,46,47,48,49,50,51,52,53,54,55,56,57,58,59,60,61,62,63,64,65,66,67,68,69,70,71,72,73,74,75,76,77,78,79,80,81,82,83,84,85,86,87,88,89,90,91,92,93,94,95,96,97,98,99,100
58	0.10509845790931274	98,99,40,55,35,2,96,12,3
59	0.09830617528292056	3,26
6	0.049380570292455135	74,71,40,56,98,79,22,48,78
60	0.02463276945469278	77,15,96,61,59,25,4,35
61	0.05394727787468492	1,2,3,4,5,6,7,8,9,10,11,12,13,14,15,16,17,18,19,20,21,22,23,24,25,26,27,28,29,30,31,32,33,34,35,36,37,38,39,40,41,42,43,44,45,46,47,48,49,50,51,52,53,54,55,56,57,58,59,60,61,62,63,64,65,66,67,68,69,70,71,72,73,74,75,76,77,78,79,80,81,82,83,84,85,86,87,88,89,90,91,92,93,94,95,96,97,98,99,100
62	0.0320855515796224	73,31,37,62,61,24
63	0.02764104115497487	68
64	0.07941409571814866	39,79,28,31,99,98,93,55
65	0.06238860338496817	1,2,3,4,5,6,7,8,9,10,11,12,13,14,15,16,17,18,19,20,21,22,23,24,25,26,27,28,29,30,31,32,33,34,35,36,37,38,39,40,41,42,43,44,45,46,47,48,49,50,51,52,53,54,55,56,57,58,59,60,61,62,63,64,65,66,67,68,69,70,71,72,73,74,75,76,77,78,79,80,81,82,83,84,85,86,87,88,89,90,91,92,93,94,95,96,97,98,99,100
66	0.042270138772015776	1,2,3,4,5,6,7,8,9,10,11,12,13,14,15,16,17,18,19,20,21,22,23,24,25,26,27,28,29,30,31,32,33,34,35,36,37,38,39,40,41,42,43,44,45,46,47,48,49,50,51,52,53,54,55,56,57,58,59,60,61,62,63,64,65,66,67,68,69,70,71,72,73,74,75,76,77,78,79,80,81,82,83,84,85,86,87,88,89,90,91,92,93,94,95,96,97,98,99,100
67	0.02388242225070819	75,60,99,28,54,26
68	0.04752382579160247	34,31,69,1,80,29,43,60
69	0.03637523349571895	58
7	0.04209034807863293	8,92,97
70	0.033116136533601785	94
71	0.037984197437895134	64,18,43,80
72	0.06800378759571186	81,13,58
73	0.03679246544050526	91,64
74	0.04027119479725531	89
75	0.08939162909412064	45,44,28,41,70,24,83,78,84
76	0.09639705835977642	1,2,3,4,5,6,7,8,9,10,11,12,13,14,15,16,17,18,19,20,21,22,23,24,25,26,27,28,29,30,31,32,33,34,35,36,37,38,39,40,41,42,43,44,45,46,47,48,49,50,51,52,53,54,55,56,57,58,59,60,61,62,63,64,65,66,67,68,69,70,71,72,73,74,75,76,77,78,79,80,81,82,83,84,85,86,87,88,89,90,91,92,93,94,95,96,97,98,99,100
77	0.08740803789701773	87,11,54,77,69,63,58
78	0.03294144020950444	50,93,58,87,57,42,11
79	0.03702255276143329	38,51,58,30,96,69,11,82
8	0.14518985542114038	25,51,9,32,72
80	0.09907737063011277	44,76,92,45,46,59,97,96,94
81	0.0568267088396081	32,46,93,23,5
82	0.07728915551349713	46,6,89
83	0.036098670673217904	10
84	0.08127017278632638	1,2,3,4,5,6,7,8,9,10,11,12,13,14,15,16,17,18,19,20,21,22,23,24,25,26,27,28,29,30,31,32,33,34,35,36,37,38,39,40,41,42,43,44,45,46,47,48,49,50,51,52,53,54,55,56,57,58,59,60,61,62,63,64,65,66,67,68,69,70,71,72,73,74,75,76,77,78,79,80,81,82,83,84,85,86,87,88,89,90,91,92,93,94,95,96,97,98,99,100
85	0.035475623440929506	86,22
86	0.06439737227292733	21,65,24,58,68,83,7
87	0.08991729521537531	44,9,19,26,4,65,12
88	0.10756169676624935	1,2,3,4,5,6,7,8,9,10,11,12,13,14,15,16,17,18,19,20,21,22,23,24,25,26,27,28,29,30,31,32,33,34,35,36,37,38,39,40,41,42,43,44,45,46,47,48,49,50,51,52,53,54,55,56,57,58,59,60,61,62,63,64,65,66,67,68,69,70,71,72,73,74,75,76,77,78,79,80,81,82,83,84,85,86,87,88,89,90,91,92,93,94,95,96,97,98,99,100
89	0.1266288330359584	10,77,18,55
9	0.07109380453792052	13,34,87,86,97,6
90	0.035118145130002096	11,82,14
91	0.07858560988809621	39,29,5
92	0.04383457058811841	9,28,94,34,37,54,48,25,73
93	0.057579571038201605	34
94	0.09330044994960367	49
95	0.04977742297550783	72,98,22,87,85,8
96	0.04070465319580916	99,97,23,1,80,81,32
97	0.07116130044951387	62,38,33,59,14,95,7,16,25
98	0.06975966541576993	22,16,97,64,74,87,94
99	0.05439761941476427	47,84,7,54,33,87,27
