1	0.02615317859123788	98,86
10	0.0736393333639974	53,27,77,97,40
100	0.017966558696865902	69,55,31,17,6,66,15,87
11	0.06425544517497114	8,4
12	0.07649845767802017	18,33
13	0.049918579203386194	77,44,82,23,28
14	0.03281338278627405	47,29,35,34,8,22
15	0.05700544854943869	76
16	0.05933136892071242	79,24,88,3,76,59
17	0.027149533621723204	33,38,21,54,12,58,8
18	0.08939855858779888	19,53,84,26,70,8,90,59,75
19	0.035512711537506625	1,2,3,4,5,6,7,8,9,10,11,12,13,14,15,16,17,18,19,20,21,22,23,24,25,26,27,28,29,30,31,32,33,34,35,36,37,38,39,40,41,42,43,44,45,46,47,48,49,50,51,52,53,54,55,56,57,58,59,60,61,62,63,64,65,66,67,68,69,70,71,72,73,74,75,76,77,78,79,80,81,82,83,84,85,86,87,88,89,90,91,92,93,94,95,96,97,98,99,100
2	0.04480685701781422	54,4,57,34,36
20	0.05308128991012328	2,51,72,36,44
21	0.030610985469506788	78,47,11,83,80,25
22	0.06404468331395458	64,88,12
23	0.04968870576955131	92,8,54,4,89,66
24	0.049906857125189094	7,31,32,42,16,89,35
25	0.08099198236880867	8,75,39
26	0.0879204052533619	36,5
27	0.054648858275097745	74,5,32,41
28	0.04712299548077016	99,52,43
29	0.058918299941458356	91,18,8,34,37,38,80
3	0.07543496509821551	54,39,75,16,11,73,65
30	0.025421835623988923	1,2,3,4,5,6,7,8,9,10,11,12,13,14,15,16,17,18,19,20,21,22,23,24,25,26,27,28,29,30,31,32,33,34,35,36,37,38,39,40,41,42,43,44,45,46,47,48,49,50,51,52,53,54,55,56,57,58,59,60,61,62,63,64,65,66,67,68,69,70,71,72,73,74,75,76,77,78,79,80,81,82,83,84,85,86,87,88,89,90,91,92,93,94,95,96,97,98,99,100
31	0.048822943053652146	88,40,53,13,57,9,41,93
32	0.1605794252824936	71,8,95,48,55,94,81,34
33	0.06394682573977062	93,44,42,43,31,17
34	0.11749514156085089	54,88,59,91,12
35	0.0380653976730687	21,65,25,54,56,11,73,4
36	0.07328524181434493	1,2,3,4,5,6,7,8,9,10,11,12,13,14,15,16,17,18,19,20,21,22,23,24,25,26,27,28,29,30,31,32,33,34,35,36,37,38,39,40,41,42,43,44,45,46,47,48,49,50,51,52,53,54,55,56,57,58,59,60,61,62,63,64,65,66,67,68,69,70,71,72,73,74,75,76,77,78,79,80,81,82,83,84,85,86,87,88,89,90,91,92,93,94,95,96,97,98,99,100
37	0.031289347797499055	27,26,54,32,36,8
38	0.03772090389298788	55,72,86,39,75
39	0.08529679864874573	50
4	0.08022369068411389	32
40	0.05882578917777968	75,84
41	0.11007410439881474	15,89,61
42	0.0345790421073556	4,93,76,86
43	0.05214564823249271	80,82
44	0.06901144347909652	64,98,50,16
45	0.03393354585362249	1,2,3,4,5,6,7,8,9,10,11,12,13,14,15,16,17,18,19,20,21,22,23,24,25,26,27,28,29,30,31,32,33,34,35,36,37,38,39,40,41,42,43,44,45,46,47,48,49,50,51,52,53,54,55,56,57,58,59,60,61,62,63,64,65,66,67,68,69,70,71,72,73,74,75,76,77,78,79,80,81,82,83,84,85,86,87,88,89,90,91,92,93,94,95,96,97,98,99,100
46	0.05628017759740917	30,20,25,59,91,11,62,67,26
47	0.04854611905039608	88
48	0.06868092041182453	41
49	0.12895435844597905	58,89,59,94,41,51,87,85,29
5	0.09566789195074558	27,20,87,49,25
50	0.10663196173538035	80,49,48,47,32
51	0.06458585017413679	54,84,82
52	0.03035728834198067	15,72,24,76
53	0.0416174730336636	8,23,9
54	0.11026977918703945	2,22,59,40,90,95,55,48,77
55	0.0943132620548283	80,91,20,65,66
56	0.02487862011648693	43,66,76,77,38,39,40,67,59
57	0.03226422316663165	1,2,3,4,5,6,7,8,9,10,11,12,13,14,15,16,17,18,19,20,21,22,23,24,25,26,27,28,29,30,31,32,33,34,35,36,37,38,39,40,41,42,43,44,45,46,47,48,49,50,51,52,53,54,55,56,57,58,59,60,61,62,63,64,65,66,67,68,69,70,71,72,73,74,75,76,77,78,79,80,81,82,83,84,85,86,87,88,89,90,91,92,93,94,95,96,97,98,99,100
58	0.10482562236307047	98,99,40,55,35,2,96,12,3
59	0.09802076983455016	3,26
6	0.049265621432913895	74,71,40,56,98,79,22,48,78
60	0.024599534779482922	77,15,96,61,59,25,4,35
61	0.05380709025765548	1,2,3,4,5,6,7,8,9,10,11,12,13,14,15,16,17,18,19,20,21,22,23,24,25,26,27,28,29,30,31,32,33,34,35,36,37,38,39,40,41,42,43,44,45,46,47,48,49,50,51,52,53,54,55,56,57,58,59,60,61,62,63,64,65,66,67,68,69,70,71,72,73,74,75,76,77,78,79,80,81,82,83,84,85,86,87,88,89,90,91,92,93,94,95,96,97,98,99,100
62	0.03202314288626077	73,31,37,62,61,24
63	0.02759015223758917	68
64	0.07921142423922493	39,79,28,31,99,98,93,55
65	0.06222071065904103	1,2,3,4,5,6,7,8,9,10,11,12,13,14,15,16,17,18,19,20,21,22,23,24,25,26,27,28,29,30,31,32,33,34,35,36,37,38,39,40,41,42,43,44,45,46,47,48,49,50,51,52,53,54,55,56,57,58,59,60,61,62,63,64,65,66,67,68,69,70,71,72,73,74,75,76,77,78,79,80,81,82,83,84,85,86,87,88,89,90,91,92,93,94,95,96,97,98,99,100
66	0.04217428248844064	1,2,3,4,5,6,7,8,9,10,11,12,13,14,15,16,17,18,19,20,21,22,23,24,25,26,27,28,29,30,31,32,33,34,35,36,37,38,39,40,41,42,43,44,45,46,47,48,49,50,51,52,53,54,55,56,57,58,59,60,61,62,63,64,65,66,67,68,69,70,71,72,73,74,75,76,77,78,79,80,81,82,83,84,85,86,87,88,89,90,91,92,93,94,95,96,97,98,99,100
67	0.023846252245915113	75,60,99,28,54,26
68	0.04743643843258592	34,31,69,1,80,29,43,60
69	0.03630134608278388	58
7	0.04199934535620877	8,92,97
70	0.03304464006373334	94
71	0.03789674091373725	64,18,43,80
72	0.06782720153893479	81,13,58
73	0.03671478027250651	91,64
74	0.040183504967376896	89
75	0.08914721707650598	45,44,28,41,70,24,83,78,84
76	0.09614534446405017	1,2,3,4,5,6,7,8,9,10,11,12,13,14,15,16,17,18,19,20,21,22,23,24,25,26,27,28,29,30,31,32,33,34,35,36,37,38,39,40,41,42,43,44,45,46,47,48,49,50,51,52,53,54,55,56,57,58,59,60,61,62,63,64,65,66,67,68,69,70,71,72,73,74,75,76,77,78,79,80,81,82,83,84,85,86,87,88,89,90,91,92,93,94,95,96,97,98,99,100
77	0.08716579592372208	87,11,54,77,69,63,58
78	0.032876443578333504	50,93,58,87,57,42,11
79	0.03694223507725552	38,51,58,30,96,69,11,82
8	0.14478220126475286	25,51,9,32,72
80	0.09881014508656319	44,76,92,45,46,59,97,96,94
81	0.05668023614147499	32,46,93,23,5
82	0.0770941829491137	46,6,89
83	0.03602623061712131	10
84	0.08104725079951734	1,2,3,4,5,6,7,8,9,10,11,12,13,14,15,16,17,18,19,20,21,22,23,24,25,26,27,28,29,30,31,32,33,34,35,36,37,38,39,40,41,42,43,44,45,46,47,48,49,50,51,52,53,54,55,56,57,58,59,60,61,62,63,64,65,66,67,68,69,70,71,72,73,74,75,76,77,78,79,80,81,82,83,84,85,86,87,88,89,90,91,92,93,94,95,96,97,98,99,100
85	0.03539473538818372	86,22
86	0.06425586362991577	21,65,24,58,68,83,7
87	0.08966039761350025	44,9,19,26,4,65,12
88	0.10727279607266037	1,2,3,4,5,6,7,8,9,10,11,12,13,14,15,16,17,18,19,20,21,22,23,24,25,26,27,28,29,30,31,32,33,34,35,36,37,38,39,40,41,42,43,44,45,46,47,48,49,50,51,52,53,54,55,56,57,58,59,60,61,62,63,64,65,66,67,68,69,70,71,72,73,74,75,76,77,78,79,80,81,82,83,84,85,86,87,88,89,90,91,92,93,94,95,96,97,98,99,100
89	0.1262722802337663	10,77,18,55
9	0.07090396622754407	13,34,87,86,97,6
90	0.035039692219698	11,82,14
91	0.07837502197350642	39,29,5
92	0.04373930520750155	9,28,94,34,37,54,48,25,73
93	0.05744102565977552	34
94	0.09304606498271917	49
95	0.04964848534149237	72,98,22,87,85,8
96	0.04061416944193046	99,97,23,1,80,81,32
97	0.07098004158278992	62,38,33,59,14,95,7,16,25
98	0.06958598300382499	22,16,97,64,74,87,94
99	0.054270246432305144	47,84,7,54,33,87,27
