1	0.0261477539154177	98,86
10	0.07361529207507046	53,27,77,97,40
100	0.017964357753310366	69,55,31,17,6,66,15,87
11	0.06423366274906751	8,4
12	0.07647043424745482	18,33
13	0.049902310065843995	77,44,82,23,28
14	0.03280492476305037	47,29,35,34,8,22
15	0.056985847191109475	76
16	0.05931034038060033	79,24,88,3,76,59
17	0.02714334445009328	33,38,21,54,12,58,8
18	0.0893644271150025	19,53,84,26,70,8,90,59,75
19	0.03550175755799795	1,2,3,4,5,6,7,8,9,10,11,12,13,14,15,16,17,18,19,20,21,22,23,24,25,26,27,28,29,30,31,32,33,34,35,36,37,38,39,40,41,42,43,44,45,46,47,48,49,50,51,52,53,54,55,56,57,58,59,60,61,62,63,64,65,66,67,68,69,70,71,72,73,74,75,76,77,78,79,80,81,82,83,84,85,86,87,88,89,90,91,92,93,94,95,96,97,98,99,100
2	0.0447921198801685	54,4,57,34,36
20	0.053062152494408196	2,51,72,36,44
21	0.03060386094414687	78,47,11,83,80,25
22	0.06402300997543982	64,88,12
23	0.04967333180781844	92,8,54,4,89,66
24	0.049891559004630756	7,31,32,42,16,89,35
25	0.08096195242256796	8,75,39
26	0.08788591553398291	36,5
27	0.05463057099087311	74,5,32,41
28	0.04710819997492803	99,52,43
29	0.058897896637823056	91,18,8,34,37,38,80
3	0.07540587278485217	54,39,75,16,11,73,65
30	0.025416171092513068	1,2,3,4,5,6,7,8,9,10,11,12,13,14,15,16,17,18,19,20,21,22,23,24,25,26,27,28,29,30,31,32,33,34,35,36,37,38,39,40,41,42,43,44,45,46,47,48,49,50,51,52,53,54,55,56,57,58,59,60,61,62,63,64,65,66,67,68,69,70,71,72,73,74,75,76,77,78,79,80,81,82,83,84,85,86,87,88,89,90,91,92,93,94,95,96,97,98,99,100
31	0.04880826161990776	88,40,53,13,57,9,41,93
32	0.16051627277078986	71,8,95,48,55,94,81,34
33	0.06392454707899098	93,44,42,43,31,17
34	0.11745186370177577	54,88,59,91,12
35	0.038054942425063035	21,65,25,54,56,11,73,4
36	0.0732576956969498	1,2,3,4,5,6,7,8,9,10,11,12,13,14,15,16,17,18,19,20,21,22,23,24,25,26,27,28,29,30,31,32,33,34,35,36,37,38,39,40,41,42,43,44,45,46,47,48,49,50,51,52,53,54,55,56,57,58,59,60,61,62,63,64,65,66,67,68,69,70,71,72,73,74,75,76,77,78,79,80,81,82,83,84,85,86,87,88,89,90,91,92,93,94,95,96,97,98,99,100
37	0.03128139537663156	27,26,54,32,36,8
38	0.03771024310288218	55,72,86,39,75
39	0.08526480527168005	50
4	0.08019592103706415	32
40	0.05880592811485399	75,84
41	0.1100297627021287	15,89,61
42	0.034569687533707566	4,93,76,86
43	0.05212978890623525	80,82
44	0.06898580330298681	64,98,50,16
45	0.03392366074838107	1,2,3,4,5,6,7,8,9,10,11,12,13,14,15,16,17,18,19,20,21,22,23,24,25,26,27,28,29,30,31,32,33,34,35,36,37,38,39,40,41,42,43,44,45,46,47,48,49,50,51,52,53,54,55,56,57,58,59,60,61,62,63,64,65,66,67,68,69,70,71,72,73,74,75,76,77,78,79,80,81,82,83,84,85,86,87,88,89,90,91,92,93,94,95,96,97,98,99,100
46	0.05626121881027025	30,20,25,59,91,11,62,67,26
47	0.04853048957647947	88
48	0.068654685299956	41
49	0.12890190756576783	58,89,59,94,41,51,87,85,29
5	0.09563042630955178	27,20,87,49,25
50	0.1065901022965632	80,49,48,47,32
51	0.0645616163880301	54,84,82
52	0.03035015556314443	15,72,24,76
53	0.04160483626723836	8,23,9
54	0.11022827965256059	2,22,59,40,90,95,55,48,77
55	0.09427657799474606	80,91,20,65,66
56	0.0248733858776087	43,66,76,77,38,39,40,67,59
57	0.03225598454216041	1,2,3,4,5,6,7,8,9,10,11,12,13,14,15,16,17,18,19,20,21,22,23,24,25,26,27,28,29,30,31,32,33,34,35,36,37,38,39,40,41,42,43,44,45,46,47,48,49,50,51,52,53,54,55,56,57,58,59,60,61,62,63,64,65,66,67,68,69,70,71,72,73,74,75,76,77,78,79,80,81,82,83,84,85,86,87,88,89,90,91,92,93,94,95,96,97,98,99,100
58	0.10478874349902487	98,99,40,55,35,2,96,12,3
59	0.09798219191142646	3,26
6	0.049250083929015996	74,71,40,56,98,79,22,48,78
60	0.024595042487017566	77,15,96,61,59,25,4,35
61	0.05378814126020805	1,2,3,4,5,6,7,8,9,10,11,12,13,14,15,16,17,18,19,20,21,22,23,24,25,26,27,28,29,30,31,32,33,34,35,36,37,38,39,40,41,42,43,44,45,46,47,48,49,50,51,52,53,54,55,56,57,58,59,60,61,62,63,64,65,66,67,68,69,70,71,72,73,74,75,76,77,78,79,80,81,82,83,84,85,86,87,88,89,90,91,92,93,94,95,96,97,98,99,100
62	0.0320147071756305	73,31,37,62,61,24
63	0.027583273641704043	68
64	0.07918402937070396	39,79,28,31,99,98,93,55
65	0.06219801679418728	1,2,3,4,5,6,7,8,9,10,11,12,13,14,15,16,17,18,19,20,21,22,23,24,25,26,27,28,29,30,31,32,33,34,35,36,37,38,39,40,41,42,43,44,45,46,47,48,49,50,51,52,53,54,55,56,57,58,59,60,61,62,63,64,65,66,67,68,69,70,71,72,73,74,75,76,77,78,79,80,81,82,83,84,85,86,87,88,89,90,91,92,93,94,95,96,97,98,99,100
66	0.042161325705871146	1,2,3,4,5,6,7,8,9,10,11,12,13,14,15,16,17,18,19,20,21,22,23,24,25,26,27,28,29,30,31,32,33,34,35,36,37,38,39,40,41,42,43,44,45,46,47,48,49,50,51,52,53,54,55,56,57,58,59,60,61,62,63,64,65,66,67,68,69,70,71,72,73,74,75,76,77,78,79,80,81,82,83,84,85,86,87,88,89,90,91,92,93,94,95,96,97,98,99,100
67	0.023841363188357674	75,60,99,28,54,26
68	0.04742462638471728	34,31,69,1,80,29,43,60
69	0.03629135880695473	58
7	0.041987044623865474	8,92,97
70	0.03303497596890281	94
71	0.03788491951689676	64,18,43,80
72	0.0678033326066423	81,13,58
73	0.036704279658534296	91,64
74	0.04017165203487301	89
75	0.0891141801878275	45,44,28,41,70,24,83,78,84
76	0.09611132058898425	1,2,3,4,5,6,7,8,9,10,11,12,13,14,15,16,17,18,19,20,21,22,23,24,25,26,27,28,29,30,31,32,33,34,35,36,37,38,39,40,41,42,43,44,45,46,47,48,49,50,51,52,53,54,55,56,57,58,59,60,61,62,63,64,65,66,67,68,69,70,71,72,73,74,75,76,77,78,79,80,81,82,83,84,85,86,87,88,89,90,91,92,93,94,95,96,97,98,99,100
77	0.08713305235741498	87,11,54,77,69,63,58
78	0.03286765805915394	50,93,58,87,57,42,11
79	0.036931378629127515	38,51,58,30,96,69,11,82
8	0.14472709912568735	25,51,9,32,72
80	0.09877402452006875	44,76,92,45,46,59,97,96,94
81	0.05666043759691126	32,46,93,23,5
82	0.07706782873393331	46,6,89
83	0.03601643897883576	10
84	0.0810171186933547	1,2,3,4,5,6,7,8,9,10,11,12,13,14,15,16,17,18,19,20,21,22,23,24,25,26,27,28,29,30,31,32,33,34,35,36,37,38,39,40,41,42,43,44,45,46,47,48,49,50,51,52,53,54,55,56,57,58,59,60,61,62,63,64,65,66,67,68,69,70,71,72,73,74,75,76,77,78,79,80,81,82,83,84,85,86,87,88,89,90,91,92,93,94,95,96,97,98,99,100
85	0.035383801843998544	86,22
86	0.06423673607091994	21,65,24,58,68,83,7
87	0.0896256730628921	44,9,19,26,4,65,12
88	0.10723374570129822	1,2,3,4,5,6,7,8,9,10,11,12,13,14,15,16,17,18,19,20,21,22,23,24,25,26,27,28,29,30,31,32,33,34,35,36,37,38,39,40,41,42,43,44,45,46,47,48,49,50,51,52,53,54,55,56,57,58,59,60,61,62,63,64,65,66,67,68,69,70,71,72,73,74,75,76,77,78,79,80,81,82,83,84,85,86,87,88,89,90,91,92,93,94,95,96,97,98,99,100
89	0.12622408540542285	10,77,18,55
9	0.07087830600351734	13,34,87,86,97,6
90	0.03502908783088966	11,82,14
91	0.07834655704956679	39,29,5
92	0.043726428296598924	9,28,94,34,37,54,48,25,73
93	0.05742229864181359	34
94	0.09301168006206571	49
95	0.04963105699118865	72,98,22,87,85,8
96	0.04060193885796296	99,97,23,1,80,81,32
97	0.07095554103220167	62,38,33,59,14,95,7,16,25
98	0.06956250655383356	22,16,97,64,74,87,94
99	0.05425302957413586	47,84,7,54,33,87,27
