1	0.02617148972018176	98,86
10	0.07372048533622774	53,27,77,97,40
100	0.017973988036900132	69,55,31,17,6,66,15,87
11	0.06432897229855472	8,4
12	0.07659305146897497	18,33
13	0.049973496084176075	77,44,82,23,28
14	0.032841933055265754	47,29,35,34,8,22
15	0.057071613424859606	76
16	0.05940235128394625	79,24,88,3,76,59
17	0.027170425325398758	33,38,21,54,12,58,8
18	0.08951377022811358	19,53,84,26,70,8,90,59,75
19	0.035549686969381426	1,2,3,4,5,6,7,8,9,10,11,12,13,14,15,16,17,18,19,20,21,22,23,24,25,26,27,28,29,30,31,32,33,34,35,36,37,38,39,40,41,42,43,44,45,46,47,48,49,50,51,52,53,54,55,56,57,58,59,60,61,62,63,64,65,66,67,68,69,70,71,72,73,74,75,76,77,78,79,80,81,82,83,84,85,86,87,88,89,90,91,92,93,94,95,96,97,98,99,100
2	0.044856602594626434	54,4,57,34,36
20	0.053145888735643375	2,51,72,36,44
21	0.03063503448309835	78,47,11,83,80,25
22	0.06411784221032796	64,88,12
23	0.049740600962001585	92,8,54,4,89,66
24	0.04995849631385739	7,31,32,42,16,89,35
25	0.08109334920362388	8,75,39
26	0.0880368261639787	36,5
27	0.05471058746050361	74,5,32,41
28	0.047172938080889584	99,52,43
29	0.05898717180332275	91,18,8,34,37,38,80
3	0.07553316692979586	54,39,75,16,11,73,65
30	0.02544095639169916	1,2,3,4,5,6,7,8,9,10,11,12,13,14,15,16,17,18,19,20,21,22,23,24,25,26,27,28,29,30,31,32,33,34,35,36,37,38,39,40,41,42,43,44,45,46,47,48,49,50,51,52,53,54,55,56,57,58,59,60,61,62,63,64,65,66,67,68,69,70,71,72,73,74,75,76,77,78,79,80,81,82,83,84,85,86,87,88,89,90,91,92,93,94,95,96,97,98,99,100
31	0.04887250060055183	88,40,53,13,57,9,41,93
32	0.16079259816567942	71,8,95,48,55,94,81,34
33	0.06402202791659291	93,44,42,43,31,17
34	0.11764122705687091	54,88,59,91,12
35	0.038100689624277935	21,65,25,54,56,11,73,4
36	0.07337822442275224	1,2,3,4,5,6,7,8,9,10,11,12,13,14,15,16,17,18,19,20,21,22,23,24,25,26,27,28,29,30,31,32,33,34,35,36,37,38,39,40,41,42,43,44,45,46,47,48,49,50,51,52,53,54,55,56,57,58,59,60,61,62,63,64,65,66,67,68,69,70,71,72,73,74,75,76,77,78,79,80,81,82,83,84,85,86,87,88,89,90,91,92,93,94,95,96,97,98,99,100
37	0.03131619139308848	27,26,54,32,36,8
38	0.037756889656697976	55,72,86,39,75
39	0.0854047930934312	50
4	0.08031742782246264	32
40	0.058892830692563285	75,84
41	0.11022378090530507	15,89,61
42	0.03461061870473435	4,93,76,86
43	0.052199181785038476	80,82
44	0.06909799253501268	64,98,50,16
45	0.03396691327366734	1,2,3,4,5,6,7,8,9,10,11,12,13,14,15,16,17,18,19,20,21,22,23,24,25,26,27,28,29,30,31,32,33,34,35,36,37,38,39,40,41,42,43,44,45,46,47,48,49,50,51,52,53,54,55,56,57,58,59,60,61,62,63,64,65,66,67,68,69,70,71,72,73,74,75,76,77,78,79,80,81,82,83,84,85,86,87,88,89,90,91,92,93,94,95,96,97,98,99,100
46	0.056344173457701534	30,20,25,59,91,11,62,67,26
47	0.04859887673061488	88
48	0.06876947768827857	41
49	0.12913140770433165	58,89,59,94,41,51,87,85,29
5	0.09579435815989899	27,20,87,49,25
50	0.10677325931833397	80,49,48,47,32
51	0.06466765192541314	54,84,82
52	0.030381365215388048	15,72,24,76
53	0.04166012875487467	8,23,9
54	0.11040986190389523	2,22,59,40,90,95,55,48,77
55	0.09443709001738623	80,91,20,65,66
56	0.02489628842076895	43,66,76,77,38,39,40,67,59
57	0.03229203284964564	1,2,3,4,5,6,7,8,9,10,11,12,13,14,15,16,17,18,19,20,21,22,23,24,25,26,27,28,29,30,31,32,33,34,35,36,37,38,39,40,41,42,43,44,45,46,47,48,49,50,51,52,53,54,55,56,57,58,59,60,61,62,63,64,65,66,67,68,69,70,71,72,73,74,75,76,77,78,79,80,81,82,83,84,85,86,87,88,89,90,91,92,93,94,95,96,97,98,99,100
58	0.1049501078912804	98,99,40,55,35,2,96,12,3
59	0.09815099057918447	3,26
6	0.04931806866603363	74,71,40,56,98,79,22,48,78
60	0.024614698625086497	77,15,96,61,59,25,4,35
61	0.05387105307259934	1,2,3,4,5,6,7,8,9,10,11,12,13,14,15,16,17,18,19,20,21,22,23,24,25,26,27,28,29,30,31,32,33,34,35,36,37,38,39,40,41,42,43,44,45,46,47,48,49,50,51,52,53,54,55,56,57,58,59,60,61,62,63,64,65,66,67,68,69,70,71,72,73,74,75,76,77,78,79,80,81,82,83,84,85,86,87,88,89,90,91,92,93,94,95,96,97,98,99,100
62	0.03205161783853519	73,31,37,62,61,24
63	0.02761337111008596	68
64	0.07930389630327372	39,79,28,31,99,98,93,55
65	0.06229731436760284	1,2,3,4,5,6,7,8,9,10,11,12,13,14,15,16,17,18,19,20,21,22,23,24,25,26,27,28,29,30,31,32,33,34,35,36,37,38,39,40,41,42,43,44,45,46,47,48,49,50,51,52,53,54,55,56,57,58,59,60,61,62,63,64,65,66,67,68,69,70,71,72,73,74,75,76,77,78,79,80,81,82,83,84,85,86,87,88,89,90,91,92,93,94,95,96,97,98,99,100
66	0.04221801843215267	1,2,3,4,5,6,7,8,9,10,11,12,13,14,15,16,17,18,19,20,21,22,23,24,25,26,27,28,29,30,31,32,33,34,35,36,37,38,39,40,41,42,43,44,45,46,47,48,49,50,51,52,53,54,55,56,57,58,59,60,61,62,63,64,65,66,67,68,69,70,71,72,73,74,75,76,77,78,79,80,81,82,83,84,85,86,87,88,89,90,91,92,93,94,95,96,97,98,99,100
67	0.023862755382013164	75,60,99,28,54,26
68	0.047476310295676616	34,31,69,1,80,29,43,60
69	0.036335058382203696	58
7	0.04204086678596944	8,92,97
70	0.03307726145760705	94
71	0.03793664433451635	64,18,43,80
72	0.06790777171703351	81,13,58
73	0.0367502253576708	91,64
74	0.04022351483757673	89
75	0.08925873392074664	45,44,28,41,70,24,83,78,84
76	0.09626019290553381	1,2,3,4,5,6,7,8,9,10,11,12,13,14,15,16,17,18,19,20,21,22,23,24,25,26,27,28,29,30,31,32,33,34,35,36,37,38,39,40,41,42,43,44,45,46,47,48,49,50,51,52,53,54,55,56,57,58,59,60,61,62,63,64,65,66,67,68,69,70,71,72,73,74,75,76,77,78,79,80,81,82,83,84,85,86,87,88,89,90,91,92,93,94,95,96,97,98,99,100
77	0.08727632265095998	87,11,54,77,69,63,58
78	0.03290609931811748	50,93,58,87,57,42,11
79	0.03697888128951479	38,51,58,30,96,69,11,82
8	0.14496819991369658	25,51,9,32,72
80	0.09893207096241816	44,76,92,45,46,59,97,96,94
81	0.05674706662396367	32,46,93,23,5
82	0.07718314226177658	46,6,89
83	0.03605928253711833	10
84	0.08114896247770495	1,2,3,4,5,6,7,8,9,10,11,12,13,14,15,16,17,18,19,20,21,22,23,24,25,26,27,28,29,30,31,32,33,34,35,36,37,38,39,40,41,42,43,44,45,46,47,48,49,50,51,52,53,54,55,56,57,58,59,60,61,62,63,64,65,66,67,68,69,70,71,72,73,74,75,76,77,78,79,80,81,82,83,84,85,86,87,88,89,90,91,92,93,94,95,96,97,98,99,100
85	0.03543164184011279	86,22
86	0.06432042918383346	21,65,24,58,68,83,7
87	0.08977761120280611	44,9,19,26,4,65,12
88	0.10740461157814331	1,2,3,4,5,6,7,8,9,10,11,12,13,14,15,16,17,18,19,20,21,22,23,24,25,26,27,28,29,30,31,32,33,34,35,36,37,38,39,40,41,42,43,44,45,46,47,48,49,50,51,52,53,54,55,56,57,58,59,60,61,62,63,64,65,66,67,68,69,70,71,72,73,74,75,76,77,78,79,80,81,82,83,84,85,86,87,88,89,90,91,92,93,94,95,96,97,98,99,100
89	0.12643496308256272	10,77,18,55
9	0.07099058295570569	13,34,87,86,97,6
90	0.035075487599417844	11,82,14
91	0.07847110603639118	39,29,5
92	0.04378277154240383	9,28,94,34,37,54,48,25,73
93	0.05750423917741264	34
94	0.09316213214261615	49
95	0.04970731517395967	72,98,22,87,85,8
96	0.04065545408409365	99,97,23,1,80,81,32
97	0.07106274380424764	62,38,33,59,14,95,7,16,25
98	0.06966522834809748	22,16,97,64,74,87,94
99	0.054328362367781616	47,84,7,54,33,87,27
