1	0.1379017450396825	98,86
10	0.44941030158730155	53,27,77,97,40
100	0.05078951785714284	69,55,31,17,6,66,15,87
11	0.34710721370680336	8,4
12	0.5522749164425027	18,33
13	0.2935492111441798	77,44,82,23,28
14	0.1412722779982363	47,29,35,34,8,22
15	0.32380445763380133	76
16	0.3610975387970003	79,24,88,3,76,59
17	0.11724652017195766	33,38,21,54,12,58,8
18	0.5178465367063491	19,53,84,26,70,8,90,59,75
19	0.1759202718253968	1,2,3,4,5,6,7,8,9,10,11,12,13,14,15,16,17,18,19,20,21,22,23,24,25,26,27,28,29,30,31,32,33,34,35,36,37,38,39,40,41,42,43,44,45,46,47,48,49,50,51,52,53,54,55,56,57,58,59,60,61,62,63,64,65,66,67,68,69,70,71,72,73,74,75,76,77,78,79,80,81,82,83,84,85,86,87,88,89,90,91,92,93,94,95,96,97,98,99,100
2	0.27284460163139324	54,4,57,34,36
20	0.26673001818202907	2,51,72,36,44
21	0.19110127735260768	78,47,11,83,80,25
22	0.37434891490299826	64,88,12
23	0.255331210978836	92,8,54,4,89,66
24	0.3302185803546489	7,31,32,42,16,89,35
25	0.5442951370701057	8,75,39
26	0.5117119199535032	36,5
27	0.335482595143613	74,5,32,41
28	0.28945314261723204	99,52,43
29	0.3565342847222221	91,18,8,34,37,38,80
3	0.44682365937149254	54,39,75,16,11,73,65
30	0.10444843127204585	1,2,3,4,5,6,7,8,9,10,11,12,13,14,15,16,17,18,19,20,21,22,23,24,25,26,27,28,29,30,31,32,33,34,35,36,37,38,39,40,41,42,43,44,45,46,47,48,49,50,51,52,53,54,55,56,57,58,59,60,61,62,63,64,65,66,67,68,69,70,71,72,73,74,75,76,77,78,79,80,81,82,83,84,85,86,87,88,89,90,91,92,93,94,95,96,97,98,99,100
31	0.32655509679705214	88,40,53,13,57,9,41,93
32	1.1946864299911486	71,8,95,48,55,94,81,34
33	0.36266000003149396	93,44,42,43,31,17
34	0.8372914793871251	54,88,59,91,12
35	0.2428555363362937	21,65,25,54,56,11,73,4
36	0.40763187235449727	1,2,3,4,5,6,7,8,9,10,11,12,13,14,15,16,17,18,19,20,21,22,23,24,25,26,27,28,29,30,31,32,33,34,35,36,37,38,39,40,41,42,43,44,45,46,47,48,49,50,51,52,53,54,55,56,57,58,59,60,61,62,63,64,65,66,67,68,69,70,71,72,73,74,75,76,77,78,79,80,81,82,83,84,85,86,87,88,89,90,91,92,93,94,95,96,97,98,99,100
37	0.15443626609347438	27,26,54,32,36,8
38	0.2022964158362419	55,72,86,39,75
39	0.5448511520061726	50
4	0.5815835280127402	32
40	0.4143242078373015	75,84
41	0.5775852212658211	15,89,61
42	0.18715639474678758	4,93,76,86
43	0.31692249391793753	80,82
44	0.42371378924162256	64,98,50,16
45	0.18702555180776007	1,2,3,4,5,6,7,8,9,10,11,12,13,14,15,16,17,18,19,20,21,22,23,24,25,26,27,28,29,30,31,32,33,34,35,36,37,38,39,40,41,42,43,44,45,46,47,48,49,50,51,52,53,54,55,56,57,58,59,60,61,62,63,64,65,66,67,68,69,70,71,72,73,74,75,76,77,78,79,80,81,82,83,84,85,86,87,88,89,90,91,92,93,94,95,96,97,98,99,100
46	0.37119915410052895	30,20,25,59,91,11,62,67,26
47	0.27772323998488274	88
48	0.4143849299849569	41
49	0.8860839226190474	58,89,59,94,41,51,87,85,29
5	0.571330015542328	27,20,87,49,25
50	0.6679100039682537	80,49,48,47,32
51	0.3832651354166666	54,84,82
52	0.15153793309930808	15,72,24,76
53	0.2438338308531746	8,23,9
54	0.696333226910696	2,22,59,40,90,95,55,48,77
55	0.6681460349020699	80,91,20,65,66
56	0.11005243948412698	43,66,76,77,38,39,40,67,59
57	0.15969226339285714	1,2,3,4,5,6,7,8,9,10,11,12,13,14,15,16,17,18,19,20,21,22,23,24,25,26,27,28,29,30,31,32,33,34,35,36,37,38,39,40,41,42,43,44,45,46,47,48,49,50,51,52,53,54,55,56,57,58,59,60,61,62,63,64,65,66,67,68,69,70,71,72,73,74,75,76,77,78,79,80,81,82,83,84,85,86,87,88,89,90,91,92,93,94,95,96,97,98,99,100
58	0.709154731579693	98,99,40,55,35,2,96,12,3
59	0.6456894437780584	3,26
6	0.31275326620370353	74,71,40,56,98,79,22,48,78
60	0.1282369302248677	77,15,96,61,59,25,4,35
61	0.3070976155753968	1,2,3,4,5,6,7,8,9,10,11,12,13,14,15,16,17,18,19,20,21,22,23,24,25,26,27,28,29,30,31,32,33,34,35,36,37,38,39,40,41,42,43,44,45,46,47,48,49,50,51,52,53,54,55,56,57,58,59,60,61,62,63,64,65,66,67,68,69,70,71,72,73,74,75,76,77,78,79,80,81,82,83,84,85,86,87,88,89,90,91,92,93,94,95,96,97,98,99,100
62	0.16019812676366837	73,31,37,62,61,24
63	0.11529965038856295	68
64	0.5307401388694365	39,79,28,31,99,98,93,55
65	0.3756190463812717	1,2,3,4,5,6,7,8,9,10,11,12,13,14,15,16,17,18,19,20,21,22,23,24,25,26,27,28,29,30,31,32,33,34,35,36,37,38,39,40,41,42,43,44,45,46,47,48,49,50,51,52,53,54,55,56,57,58,59,60,61,62,63,64,65,66,67,68,69,70,71,72,73,74,75,76,77,78,79,80,81,82,83,84,85,86,87,88,89,90,91,92,93,94,95,96,97,98,99,100
66	0.21452067129049474	1,2,3,4,5,6,7,8,9,10,11,12,13,14,15,16,17,18,19,20,21,22,23,24,25,26,27,28,29,30,31,32,33,34,35,36,37,38,39,40,41,42,43,44,45,46,47,48,49,50,51,52,53,54,55,56,57,58,59,60,61,62,63,64,65,66,67,68,69,70,71,72,73,74,75,76,77,78,79,80,81,82,83,84,85,86,87,88,89,90,91,92,93,94,95,96,97,98,99,100
67	0.09513522993827157	75,60,99,28,54,26
68	0.24033590064102558	34,31,69,1,80,29,43,60
69	0.20136184609216487	58
7	0.2891401587616527	8,92,97
70	0.16374049889770717	94
71	0.1891812837301587	64,18,43,80
72	0.42355475870561893	81,13,58
73	0.1866395647045855	91,64
74	0.22665586210317457	89
75	0.5377654074074072	45,44,28,41,70,24,83,78,84
76	0.6355578320275401	1,2,3,4,5,6,7,8,9,10,11,12,13,14,15,16,17,18,19,20,21,22,23,24,25,26,27,28,29,30,31,32,33,34,35,36,37,38,39,40,41,42,43,44,45,46,47,48,49,50,51,52,53,54,55,56,57,58,59,60,61,62,63,64,65,66,67,68,69,70,71,72,73,74,75,76,77,78,79,80,81,82,83,84,85,86,87,88,89,90,91,92,93,94,95,96,97,98,99,100
77	0.5878602414439704	87,11,54,77,69,63,58
78	0.1750670365961199	50,93,58,87,57,42,11
79	0.206718345568783	38,51,58,30,96,69,11,82
8	0.9895316758314436	25,51,9,32,72
80	0.6427620893901419	44,76,92,45,46,59,97,96,94
81	0.3273751329365079	32,46,93,23,5
82	0.46341075808239957	46,6,89
83	0.234800270723104	10
84	0.46885077953774085	1,2,3,4,5,6,7,8,9,10,11,12,13,14,15,16,17,18,19,20,21,22,23,24,25,26,27,28,29,30,31,32,33,34,35,36,37,38,39,40,41,42,43,44,45,46,47,48,49,50,51,52,53,54,55,56,57,58,59,60,61,62,63,64,65,66,67,68,69,70,71,72,73,74,75,76,77,78,79,80,81,82,83,84,85,86,87,88,89,90,91,92,93,94,95,96,97,98,99,100
85	0.13950322486772482	86,22
86	0.3654062648615002	21,65,24,58,68,83,7
87	0.523746093186836	44,9,19,26,4,65,12
88	0.7551340137040927	1,2,3,4,5,6,7,8,9,10,11,12,13,14,15,16,17,18,19,20,21,22,23,24,25,26,27,28,29,30,31,32,33,34,35,36,37,38,39,40,41,42,43,44,45,46,47,48,49,50,51,52,53,54,55,56,57,58,59,60,61,62,63,64,65,66,67,68,69,70,71,72,73,74,75,76,77,78,79,80,81,82,83,84,85,86,87,88,89,90,91,92,93,94,95,96,97,98,99,100
89	0.8525823868102794	10,77,18,55
9	0.46888178707269934	13,34,87,86,97,6
90	0.18710144466490294	11,82,14
91	0.4869212063239525	39,29,5
92	0.26434214682539664	9,28,94,34,37,54,48,25,73
93	0.3583824006283069	34
94	0.5232925822310405	49
95	0.29417206856261013	72,98,22,87,85,8
96	0.25667293110670186	99,97,23,1,80,81,32
97	0.46795257671957663	62,38,33,59,14,95,7,16,25
98	0.438291962191358	22,16,97,64,74,87,94
99	0.3651484115766677	47,84,7,54,33,87,27
