1	0.026155298576345718	98,86
10	0.07364872879631221	53,27,77,97,40
100	0.017967418834451188	69,55,31,17,6,66,15,87
11	0.06426395783453992	8,4
12	0.0765094093472882	18,33
13	0.04992493724770996	77,44,82,23,28
14	0.03281668821573569	47,29,35,34,8,22
15	0.05701310883903548	76
16	0.059339586958684645	79,24,88,3,76,59
17	0.027151952374865364	33,38,21,54,12,58,8
18	0.089411897304514	19,53,84,26,70,8,90,59,75
19	0.035516992396713645	1,2,3,4,5,6,7,8,9,10,11,12,13,14,15,16,17,18,19,20,21,22,23,24,25,26,27,28,29,30,31,32,33,34,35,36,37,38,39,40,41,42,43,44,45,46,47,48,49,50,51,52,53,54,55,56,57,58,59,60,61,62,63,64,65,66,67,68,69,70,71,72,73,74,75,76,77,78,79,80,81,82,83,84,85,86,87,88,89,90,91,92,93,94,95,96,97,98,99,100
2	0.044812616350422586	54,4,57,34,36
20	0.05308876888908226	2,51,72,36,44
21	0.030613769762645043	78,47,11,83,80,25
22	0.06405315334173345	64,88,12
23	0.049694713975571826	92,8,54,4,89,66
24	0.04991283569217386	7,31,32,42,16,89,35
25	0.08100371819246516	8,75,39
26	0.08793388397428098	36,5
27	0.05465600501925429	74,5,32,41
28	0.04712877762390422	99,52,43
29	0.0589262736345031	91,18,8,34,37,38,80
3	0.07544633449117598	54,39,75,16,11,73,65
30	0.025424049345650776	1,2,3,4,5,6,7,8,9,10,11,12,13,14,15,16,17,18,19,20,21,22,23,24,25,26,27,28,29,30,31,32,33,34,35,36,37,38,39,40,41,42,43,44,45,46,47,48,49,50,51,52,53,54,55,56,57,58,59,60,61,62,63,64,65,66,67,68,69,70,71,72,73,74,75,76,77,78,79,80,81,82,83,84,85,86,87,88,89,90,91,92,93,94,95,96,97,98,99,100
31	0.048828680616952065	88,40,53,13,57,9,41,93
32	0.16060410553782542	71,8,95,48,55,94,81,34
33	0.06395553232992293	93,44,42,43,31,17
34	0.11751205472207554	54,88,59,91,12
35	0.03806948362600034	21,65,25,54,56,11,73,4
36	0.0732960069477081	1,2,3,4,5,6,7,8,9,10,11,12,13,14,15,16,17,18,19,20,21,22,23,24,25,26,27,28,29,30,31,32,33,34,35,36,37,38,39,40,41,42,43,44,45,46,47,48,49,50,51,52,53,54,55,56,57,58,59,60,61,62,63,64,65,66,67,68,69,70,71,72,73,74,75,76,77,78,79,80,81,82,83,84,85,86,87,88,89,90,91,92,93,94,95,96,97,98,99,100
37	0.03129245563552831	27,26,54,32,36,8
38	0.037725070172598116	55,72,86,39,75
39	0.08530930178905805	50
4	0.0802345431737643	32
40	0.058833550960976325	75,84
41	0.11009143331205239	15,89,61
42	0.034582697912325586	4,93,76,86
43	0.05215184612091972	80,82
44	0.06902146376294695	64,98,50,16
45	0.03393740899247093	1,2,3,4,5,6,7,8,9,10,11,12,13,14,15,16,17,18,19,20,21,22,23,24,25,26,27,28,29,30,31,32,33,34,35,36,37,38,39,40,41,42,43,44,45,46,47,48,49,50,51,52,53,54,55,56,57,58,59,60,61,62,63,64,65,66,67,68,69,70,71,72,73,74,75,76,77,78,79,80,81,82,83,84,85,86,87,88,89,90,91,92,93,94,95,96,97,98,99,100
46	0.056287586767602794	30,20,25,59,91,11,62,67,26
47	0.04855222711160469	88
48	0.06869117319896008	41
49	0.12897485646072246	58,89,59,94,41,51,87,85,29
5	0.0956825336738677	27,20,87,49,25
50	0.10664832057226867	80,49,48,47,32
51	0.0645953208351229	54,84,82
52	0.03036007586061064	15,72,24,76
53	0.04162241153275935	8,23,9
54	0.11028599737186627	2,22,59,40,90,95,55,48,77
55	0.0943275983329115	80,91,20,65,66
56	0.024880665678072643	43,66,76,77,38,39,40,67,59
57	0.032267442854179255	1,2,3,4,5,6,7,8,9,10,11,12,13,14,15,16,17,18,19,20,21,22,23,24,25,26,27,28,29,30,31,32,33,34,35,36,37,38,39,40,41,42,43,44,45,46,47,48,49,50,51,52,53,54,55,56,57,58,59,60,61,62,63,64,65,66,67,68,69,70,71,72,73,74,75,76,77,78,79,80,81,82,83,84,85,86,87,88,89,90,91,92,93,94,95,96,97,98,99,100
58	0.10484003477132531	98,99,40,55,35,2,96,12,3
59	0.09803584624191979	3,26
6	0.04927169355186964	74,71,40,56,98,79,22,48,78
60	0.024601290385429214	77,15,96,61,59,25,4,35
61	0.05381449560199835	1,2,3,4,5,6,7,8,9,10,11,12,13,14,15,16,17,18,19,20,21,22,23,24,25,26,27,28,29,30,31,32,33,34,35,36,37,38,39,40,41,42,43,44,45,46,47,48,49,50,51,52,53,54,55,56,57,58,59,60,61,62,63,64,65,66,67,68,69,70,71,72,73,74,75,76,77,78,79,80,81,82,83,84,85,86,87,88,89,90,91,92,93,94,95,96,97,98,99,100
62	0.032026439595871245	73,31,37,62,61,24
63	0.02759284042050049	68
64	0.07922213026392035	39,79,28,31,99,98,93,55
65	0.06222957951261385	1,2,3,4,5,6,7,8,9,10,11,12,13,14,15,16,17,18,19,20,21,22,23,24,25,26,27,28,29,30,31,32,33,34,35,36,37,38,39,40,41,42,43,44,45,46,47,48,49,50,51,52,53,54,55,56,57,58,59,60,61,62,63,64,65,66,67,68,69,70,71,72,73,74,75,76,77,78,79,80,81,82,83,84,85,86,87,88,89,90,91,92,93,94,95,96,97,98,99,100
66	0.04217934605113143	1,2,3,4,5,6,7,8,9,10,11,12,13,14,15,16,17,18,19,20,21,22,23,24,25,26,27,28,29,30,31,32,33,34,35,36,37,38,39,40,41,42,43,44,45,46,47,48,49,50,51,52,53,54,55,56,57,58,59,60,61,62,63,64,65,66,67,68,69,70,71,72,73,74,75,76,77,78,79,80,81,82,83,84,85,86,87,88,89,90,91,92,93,94,95,96,97,98,99,100
67	0.023848162909253658	75,60,99,28,54,26
68	0.04744105462835589	34,31,69,1,80,29,43,60
69	0.03630524915030855	58
7	0.04200415253183506	8,92,97
70	0.03304841683082514	94
71	0.037901360763122977	64,18,43,80
72	0.06783652961358427	81,13,58
73	0.03671888395464019	91,64
74	0.040188137141026585	89
75	0.08916012802534957	45,44,28,41,70,24,83,78,84
76	0.09615864113113988	1,2,3,4,5,6,7,8,9,10,11,12,13,14,15,16,17,18,19,20,21,22,23,24,25,26,27,28,29,30,31,32,33,34,35,36,37,38,39,40,41,42,43,44,45,46,47,48,49,50,51,52,53,54,55,56,57,58,59,60,61,62,63,64,65,66,67,68,69,70,71,72,73,74,75,76,77,78,79,80,81,82,83,84,85,86,87,88,89,90,91,92,93,94,95,96,97,98,99,100
77	0.08717859224100433	87,11,54,77,69,63,58
78	0.03287987699453064	50,93,58,87,57,42,11
79	0.03694647782080707	38,51,58,30,96,69,11,82
8	0.14480373540210975	25,51,9,32,72
80	0.09882426114908802	44,76,92,45,46,59,97,96,94
81	0.05668797349224457	32,46,93,23,5
82	0.07710448228230207	46,6,89
83	0.036030057228707835	10
84	0.08105902654768185	1,2,3,4,5,6,7,8,9,10,11,12,13,14,15,16,17,18,19,20,21,22,23,24,25,26,27,28,29,30,31,32,33,34,35,36,37,38,39,40,41,42,43,44,45,46,47,48,49,50,51,52,53,54,55,56,57,58,59,60,61,62,63,64,65,66,67,68,69,70,71,72,73,74,75,76,77,78,79,80,81,82,83,84,85,86,87,88,89,90,91,92,93,94,95,96,97,98,99,100
85	0.035399008261184195	86,22
86	0.06426333875682924	21,65,24,58,68,83,7
87	0.08967396810740733	44,9,19,26,4,65,12
88	0.1072880571147	1,2,3,4,5,6,7,8,9,10,11,12,13,14,15,16,17,18,19,20,21,22,23,24,25,26,27,28,29,30,31,32,33,34,35,36,37,38,39,40,41,42,43,44,45,46,47,48,49,50,51,52,53,54,55,56,57,58,59,60,61,62,63,64,65,66,67,68,69,70,71,72,73,74,75,76,77,78,79,80,81,82,83,84,85,86,87,88,89,90,91,92,93,94,95,96,97,98,99,100
89	0.12629111496633824	10,77,18,55
9	0.07091399434620102	13,34,87,86,97,6
90	0.03504383645745461	11,82,14
91	0.0783861461801591	39,29,5
92	0.04374433755602399	9,28,94,34,37,54,48,25,73
93	0.05744834425364351	34
94	0.09305950274787524	49
95	0.04965529641082128	72,98,22,87,85,8
96	0.04061894920328959	99,97,23,1,80,81,32
97	0.07098961649640735	62,38,33,59,14,95,7,16,25
98	0.06959515769481417	22,16,97,64,74,87,94
99	0.0542769748496581	47,84,7,54,33,87,27
