1	0.02625054753195988	98,86
10	0.07407085681608976	53,27,77,97,40
100	0.01800606401473099	69,55,31,17,6,66,15,87
11	0.06464642369735563	8,4
12	0.0770014576433623	18,33
13	0.05021059825511447	77,44,82,23,28
14	0.03296519808163734	47,29,35,34,8,22
15	0.057357278513199106	76
16	0.05970881574767779	79,24,88,3,76,59
17	0.027260624699886746	33,38,21,54,12,58,8
18	0.09001119341827102	19,53,84,26,70,8,90,59,75
19	0.03570932741222531	1,2,3,4,5,6,7,8,9,10,11,12,13,14,15,16,17,18,19,20,21,22,23,24,25,26,27,28,29,30,31,32,33,34,35,36,37,38,39,40,41,42,43,44,45,46,47,48,49,50,51,52,53,54,55,56,57,58,59,60,61,62,63,64,65,66,67,68,69,70,71,72,73,74,75,76,77,78,79,80,81,82,83,84,85,86,87,88,89,90,91,92,93,94,95,96,97,98,99,100
2	0.045071377798299984	54,4,57,34,36
20	0.05342479244522388	2,51,72,36,44
21	0.030738865459101976	78,47,11,83,80,25
22	0.06443370379795085	64,88,12
23	0.04996465707397031	92,8,54,4,89,66
24	0.050181447136312174	7,31,32,42,16,89,35
25	0.08153099781458209	8,75,39
26	0.088539470346475	36,5
27	0.054977101575279894	74,5,32,41
28	0.04738856392744731	99,52,43
29	0.05928452423357277	91,18,8,34,37,38,80
3	0.07595715072353905	54,39,75,16,11,73,65
30	0.02552350979729867	1,2,3,4,5,6,7,8,9,10,11,12,13,14,15,16,17,18,19,20,21,22,23,24,25,26,27,28,29,30,31,32,33,34,35,36,37,38,39,40,41,42,43,44,45,46,47,48,49,50,51,52,53,54,55,56,57,58,59,60,61,62,63,64,65,66,67,68,69,70,71,72,73,74,75,76,77,78,79,80,81,82,83,84,85,86,87,88,89,90,91,92,93,94,95,96,97,98,99,100
31	0.049086463990083325	88,40,53,13,57,9,41,93
32	0.16171296641423222	71,8,95,48,55,94,81,34
33	0.06434671131316246	93,44,42,43,31,17
34	0.11827194729718271	54,88,59,91,12
35	0.03825306168416202	21,65,25,54,56,11,73,4
36	0.07377967435938018	1,2,3,4,5,6,7,8,9,10,11,12,13,14,15,16,17,18,19,20,21,22,23,24,25,26,27,28,29,30,31,32,33,34,35,36,37,38,39,40,41,42,43,44,45,46,47,48,49,50,51,52,53,54,55,56,57,58,59,60,61,62,63,64,65,66,67,68,69,70,71,72,73,74,75,76,77,78,79,80,81,82,83,84,85,86,87,88,89,90,91,92,93,94,95,96,97,98,99,100
37	0.031432087902476875	27,26,54,32,36,8
38	0.03791225723358546	55,72,86,39,75
39	0.08587105623357917	50
4	0.08072213542202716	32
40	0.05918228064801523	75,84
41	0.11087000523773084	15,89,61
42	0.034746949823357014	4,93,76,86
43	0.05243031147310673	80,82
44	0.06947166578001934	64,98,50,16
45	0.03411097622147971	1,2,3,4,5,6,7,8,9,10,11,12,13,14,15,16,17,18,19,20,21,22,23,24,25,26,27,28,29,30,31,32,33,34,35,36,37,38,39,40,41,42,43,44,45,46,47,48,49,50,51,52,53,54,55,56,57,58,59,60,61,62,63,64,65,66,67,68,69,70,71,72,73,74,75,76,77,78,79,80,81,82,83,84,85,86,87,88,89,90,91,92,93,94,95,96,97,98,99,100
46	0.056620473880962134	30,20,25,59,91,11,62,67,26
47	0.04882665661056501	88
48	0.06915182137199921	41
49	0.12989581316426788	58,89,59,94,41,51,87,85,29
5	0.09634037265142423	27,20,87,49,25
50	0.1073833078714344	80,49,48,47,32
51	0.06502082880900932	54,84,82
52	0.03048531647540479	15,72,24,76
53	0.04184429369572016	8,23,9
54	0.11101466530495772	2,22,59,40,90,95,55,48,77
55	0.09497171394946471	80,91,20,65,66
56	0.024972570854181326	43,66,76,77,38,39,40,67,59
57	0.032412100415772624	1,2,3,4,5,6,7,8,9,10,11,12,13,14,15,16,17,18,19,20,21,22,23,24,25,26,27,28,29,30,31,32,33,34,35,36,37,38,39,40,41,42,43,44,45,46,47,48,49,50,51,52,53,54,55,56,57,58,59,60,61,62,63,64,65,66,67,68,69,70,71,72,73,74,75,76,77,78,79,80,81,82,83,84,85,86,87,88,89,90,91,92,93,94,95,96,97,98,99,100
58	0.10548757084555715	98,99,40,55,35,2,96,12,3
59	0.09871321517770384	3,26
6	0.04954450819889761	74,71,40,56,98,79,22,48,78
60	0.024680168124822648	77,15,96,61,59,25,4,35
61	0.05414721082344739	1,2,3,4,5,6,7,8,9,10,11,12,13,14,15,16,17,18,19,20,21,22,23,24,25,26,27,28,29,30,31,32,33,34,35,36,37,38,39,40,41,42,43,44,45,46,47,48,49,50,51,52,53,54,55,56,57,58,59,60,61,62,63,64,65,66,67,68,69,70,71,72,73,74,75,76,77,78,79,80,81,82,83,84,85,86,87,88,89,90,91,92,93,94,95,96,97,98,99,100
62	0.03217455768698482	73,31,37,62,61,24
63	0.027713617974011028	68
64	0.07970314197822424	39,79,28,31,99,98,93,55
65	0.06262804884014941	1,2,3,4,5,6,7,8,9,10,11,12,13,14,15,16,17,18,19,20,21,22,23,24,25,26,27,28,29,30,31,32,33,34,35,36,37,38,39,40,41,42,43,44,45,46,47,48,49,50,51,52,53,54,55,56,57,58,59,60,61,62,63,64,65,66,67,68,69,70,71,72,73,74,75,76,77,78,79,80,81,82,83,84,85,86,87,88,89,90,91,92,93,94,95,96,97,98,99,100
66	0.042406847204890886	1,2,3,4,5,6,7,8,9,10,11,12,13,14,15,16,17,18,19,20,21,22,23,24,25,26,27,28,29,30,31,32,33,34,35,36,37,38,39,40,41,42,43,44,45,46,47,48,49,50,51,52,53,54,55,56,57,58,59,60,61,62,63,64,65,66,67,68,69,70,71,72,73,74,75,76,77,78,79,80,81,82,83,84,85,86,87,88,89,90,91,92,93,94,95,96,97,98,99,100
67	0.023934007232807683	75,60,99,28,54,26
68	0.047648456003192965	34,31,69,1,80,29,43,60
69	0.036480610337536856	58
7	0.04222013445367244	8,92,97
70	0.03321810345728453	94
71	0.038108926291512274	64,18,43,80
72	0.06825563131621944	81,13,58
73	0.03690325856932946	91,64
74	0.0403962563871131	89
75	0.08974020492720891	45,44,28,41,70,24,83,78,84
76	0.09675604799440642	1,2,3,4,5,6,7,8,9,10,11,12,13,14,15,16,17,18,19,20,21,22,23,24,25,26,27,28,29,30,31,32,33,34,35,36,37,38,39,40,41,42,43,44,45,46,47,48,49,50,51,52,53,54,55,56,57,58,59,60,61,62,63,64,65,66,67,68,69,70,71,72,73,74,75,76,77,78,79,80,81,82,83,84,85,86,87,88,89,90,91,92,93,94,95,96,97,98,99,100
77	0.0877535188536195	87,11,54,77,69,63,58
78	0.03303413718520741	50,93,58,87,57,42,11
79	0.037137100335432396	38,51,58,30,96,69,11,82
8	0.1457712441292794	25,51,9,32,72
80	0.0994584826857896	44,76,92,45,46,59,97,96,94
81	0.05703560545309994	32,46,93,23,5
82	0.07756722172612686	46,6,89
83	0.03620198332187266	10
84	0.08158809994074379	1,2,3,4,5,6,7,8,9,10,11,12,13,14,15,16,17,18,19,20,21,22,23,24,25,26,27,28,29,30,31,32,33,34,35,36,37,38,39,40,41,42,43,44,45,46,47,48,49,50,51,52,53,54,55,56,57,58,59,60,61,62,63,64,65,66,67,68,69,70,71,72,73,74,75,76,77,78,79,80,81,82,83,84,85,86,87,88,89,90,91,92,93,94,95,96,97,98,99,100
85	0.035590984463877234	86,22
86	0.06459918924415625	21,65,24,58,68,83,7
87	0.0902836777544415	44,9,19,26,4,65,12
88	0.10797372151417435	1,2,3,4,5,6,7,8,9,10,11,12,13,14,15,16,17,18,19,20,21,22,23,24,25,26,27,28,29,30,31,32,33,34,35,36,37,38,39,40,41,42,43,44,45,46,47,48,49,50,51,52,53,54,55,56,57,58,59,60,61,62,63,64,65,66,67,68,69,70,71,72,73,74,75,76,77,78,79,80,81,82,83,84,85,86,87,88,89,90,91,92,93,94,95,96,97,98,99,100
89	0.12713734195166976	10,77,18,55
9	0.07136454837383076	13,34,87,86,97,6
90	0.03523003319849536	11,82,14
91	0.07888594642016554	39,29,5
92	0.043970436286282825	9,28,94,34,37,54,48,25,73
93	0.057777161857084945	34
94	0.09366324901579645	49
95	0.04996131140960366	72,98,22,87,85,8
96	0.040833699427647675	99,97,23,1,80,81,32
97	0.07141980844388153	62,38,33,59,14,95,7,16,25
98	0.07000736801250527	22,16,97,64,74,87,94
99	0.0545792763721714	47,84,7,54,33,87,27
