1	0.02777787546081052	98,86
10	0.08083972794852497	53,27,77,97,40
100	0.01862574391247824	69,55,31,17,6,66,15,87
11	0.07077930764541504	8,4
12	0.0848915084197073	18,33
13	0.05479120528795548	77,44,82,23,28
14	0.03534657079260616	47,29,35,34,8,22
15	0.0628760787114588	76
16	0.06562944170825681	79,24,88,3,76,59
17	0.029003197874322113	33,38,21,54,12,58,8
18	0.09962097527283106	19,53,84,26,70,8,90,59,75
19	0.03879344142568858	1,2,3,4,5,6,7,8,9,10,11,12,13,14,15,16,17,18,19,20,21,22,23,24,25,26,27,28,29,30,31,32,33,34,35,36,37,38,39,40,41,42,43,44,45,46,47,48,49,50,51,52,53,54,55,56,57,58,59,60,61,62,63,64,65,66,67,68,69,70,71,72,73,74,75,76,77,78,79,80,81,82,83,84,85,86,87,88,89,90,91,92,93,94,95,96,97,98,99,100
2	0.049220647259055894	54,4,57,34,36
20	0.05881296872919844	2,51,72,36,44
21	0.03274478928670447	78,47,11,83,80,25
22	0.07053587397874463	64,88,12
23	0.05429322554577904	92,8,54,4,89,66
24	0.054488662412642816	7,31,32,42,16,89,35
25	0.08998598699116564	8,75,39
26	0.09825011728112056	36,5
27	0.06012592170161201	74,5,32,41
28	0.05155426704973373	99,52,43
29	0.06502911366330039	91,18,8,34,37,38,80
3	0.08414814760039428	54,39,75,16,11,73,65
30	0.027118369548613127	1,2,3,4,5,6,7,8,9,10,11,12,13,14,15,16,17,18,19,20,21,22,23,24,25,26,27,28,29,30,31,32,33,34,35,36,37,38,39,40,41,42,43,44,45,46,47,48,49,50,51,52,53,54,55,56,57,58,59,60,61,62,63,64,65,66,67,68,69,70,71,72,73,74,75,76,77,78,79,80,81,82,83,84,85,86,87,88,89,90,91,92,93,94,95,96,97,98,99,100
31	0.05322004991367563	88,40,53,13,57,9,41,93
32	0.17949367759373583	71,8,95,48,55,94,81,34
33	0.07061931117794679	93,44,42,43,31,17
34	0.13045691191727674	54,88,59,91,12
35	0.04119675689671516	21,65,25,54,56,11,73,4
36	0.08153533669548338	1,2,3,4,5,6,7,8,9,10,11,12,13,14,15,16,17,18,19,20,21,22,23,24,25,26,27,28,29,30,31,32,33,34,35,36,37,38,39,40,41,42,43,44,45,46,47,48,49,50,51,52,53,54,55,56,57,58,59,60,61,62,63,64,65,66,67,68,69,70,71,72,73,74,75,76,77,78,79,80,81,82,83,84,85,86,87,88,89,90,91,92,93,94,95,96,97,98,99,100
37	0.03367110729856777	27,26,54,32,36,8
38	0.04091382320588775	55,72,86,39,75
39	0.09487885312417559	50
4	0.08854073301305217	32
40	0.06477420116710796	75,84
41	0.12335449524955171	15,89,61
42	0.03738074803327794	4,93,76,86
43	0.05689553531651105	80,82
44	0.07669070666553468	64,98,50,16
45	0.0368941466356779	1,2,3,4,5,6,7,8,9,10,11,12,13,14,15,16,17,18,19,20,21,22,23,24,25,26,27,28,29,30,31,32,33,34,35,36,37,38,39,40,41,42,43,44,45,46,47,48,49,50,51,52,53,54,55,56,57,58,59,60,61,62,63,64,65,66,67,68,69,70,71,72,73,74,75,76,77,78,79,80,81,82,83,84,85,86,87,88,89,90,91,92,93,94,95,96,97,98,99,100
46	0.06195835688231065	30,20,25,59,91,11,62,67,26
47	0.05322716507893311	88
48	0.07653836761982225	41
49	0.14466345950395862	58,89,59,94,41,51,87,85,29
5	0.106888895984774	27,20,87,49,25
50	0.11916891347542666	80,49,48,47,32
51	0.07184389790876579	54,84,82
52	0.032493564109461824	15,72,24,76
53	0.04540219963530481	8,23,9
54	0.12269893911761376	2,22,59,40,90,95,55,48,77
55	0.1053001816418014	80,91,20,65,66
56	0.026446280881990216	43,66,76,77,38,39,40,67,59
57	0.034731701002985574	1,2,3,4,5,6,7,8,9,10,11,12,13,14,15,16,17,18,19,20,21,22,23,24,25,26,27,28,29,30,31,32,33,34,35,36,37,38,39,40,41,42,43,44,45,46,47,48,49,50,51,52,53,54,55,56,57,58,59,60,61,62,63,64,65,66,67,68,69,70,71,72,73,74,75,76,77,78,79,80,81,82,83,84,85,86,87,88,89,90,91,92,93,94,95,96,97,98,99,100
58	0.1158708859959327	98,99,40,55,35,2,96,12,3
59	0.10957490364300007	3,26
6	0.053919122349713015	74,71,40,56,98,79,22,48,78
60	0.02594498172406777	77,15,96,61,59,25,4,35
61	0.059482337572176344	1,2,3,4,5,6,7,8,9,10,11,12,13,14,15,16,17,18,19,20,21,22,23,24,25,26,27,28,29,30,31,32,33,34,35,36,37,38,39,40,41,42,43,44,45,46,47,48,49,50,51,52,53,54,55,56,57,58,59,60,61,62,63,64,65,66,67,68,69,70,71,72,73,74,75,76,77,78,79,80,81,82,83,84,85,86,87,88,89,90,91,92,93,94,95,96,97,98,99,100
62	0.03454964825232744	73,31,37,62,61,24
63	0.029650299901944822	68
64	0.0874162199794078	39,79,28,31,99,98,93,55
65	0.06901755016164945	1,2,3,4,5,6,7,8,9,10,11,12,13,14,15,16,17,18,19,20,21,22,23,24,25,26,27,28,29,30,31,32,33,34,35,36,37,38,39,40,41,42,43,44,45,46,47,48,49,50,51,52,53,54,55,56,57,58,59,60,61,62,63,64,65,66,67,68,69,70,71,72,73,74,75,76,77,78,79,80,81,82,83,84,85,86,87,88,89,90,91,92,93,94,95,96,97,98,99,100
66	0.04605485431153041	1,2,3,4,5,6,7,8,9,10,11,12,13,14,15,16,17,18,19,20,21,22,23,24,25,26,27,28,29,30,31,32,33,34,35,36,37,38,39,40,41,42,43,44,45,46,47,48,49,50,51,52,53,54,55,56,57,58,59,60,61,62,63,64,65,66,67,68,69,70,71,72,73,74,75,76,77,78,79,80,81,82,83,84,85,86,87,88,89,90,91,92,93,94,95,96,97,98,99,100
67	0.02531053080648476	75,60,99,28,54,26
68	0.05097416079311866	34,31,69,1,80,29,43,60
69	0.039292547098212074	58
7	0.04568342931263314	8,92,97
70	0.035939047970686186	94
71	0.04143726333392832	64,18,43,80
72	0.07497597511261257	81,13,58
73	0.03985972663091399	91,64
74	0.04373347232551139	89
75	0.09904180450355522	45,44,28,41,70,24,83,78,84
76	0.10633553547496069	1,2,3,4,5,6,7,8,9,10,11,12,13,14,15,16,17,18,19,20,21,22,23,24,25,26,27,28,29,30,31,32,33,34,35,36,37,38,39,40,41,42,43,44,45,46,47,48,49,50,51,52,53,54,55,56,57,58,59,60,61,62,63,64,65,66,67,68,69,70,71,72,73,74,75,76,77,78,79,80,81,82,83,84,85,86,87,88,89,90,91,92,93,94,95,96,97,98,99,100
77	0.09697253294725305	87,11,54,77,69,63,58
78	0.035507717024526875	50,93,58,87,57,42,11
79	0.040193754188784646	38,51,58,30,96,69,11,82
8	0.16128535747132802	25,51,9,32,72
80	0.1096282977105891	44,76,92,45,46,59,97,96,94
81	0.06260992381889872	32,46,93,23,5
82	0.08498730173269667	46,6,89
83	0.0389588379306002	10
84	0.09007185243692267	1,2,3,4,5,6,7,8,9,10,11,12,13,14,15,16,17,18,19,20,21,22,23,24,25,26,27,28,29,30,31,32,33,34,35,36,37,38,39,40,41,42,43,44,45,46,47,48,49,50,51,52,53,54,55,56,57,58,59,60,61,62,63,64,65,66,67,68,69,70,71,72,73,74,75,76,77,78,79,80,81,82,83,84,85,86,87,88,89,90,91,92,93,94,95,96,97,98,99,100
85	0.03866934486826215	86,22
86	0.0699845903167622	21,65,24,58,68,83,7
87	0.10006044185937776	44,9,19,26,4,65,12
88	0.11896842868987177	1,2,3,4,5,6,7,8,9,10,11,12,13,14,15,16,17,18,19,20,21,22,23,24,25,26,27,28,29,30,31,32,33,34,35,36,37,38,39,40,41,42,43,44,45,46,47,48,49,50,51,52,53,54,55,56,57,58,59,60,61,62,63,64,65,66,67,68,69,70,71,72,73,74,75,76,77,78,79,80,81,82,83,84,85,86,87,88,89,90,91,92,93,94,95,96,97,98,99,100
89	0.1407066887481467	10,77,18,55
9	0.07858923380651792	13,34,87,86,97,6
90	0.03821571928855462	11,82,14
91	0.08690030054047058	39,29,5
92	0.04759595536136907	9,28,94,34,37,54,48,25,73
93	0.06304978977875429	34
94	0.10334438959521486	49
95	0.054868296988732086	72,98,22,87,85,8
96	0.04427724389132442	99,97,23,1,80,81,32
97	0.07831798565806038	62,38,33,59,14,95,7,16,25
98	0.07661720770262836	22,16,97,64,74,87,94
99	0.0594267159428106	47,84,7,54,33,87,27
