1	0.037609005934563525	98,86
10	0.1244068180425824	53,27,77,97,40
100	0.022614375811484476	69,55,31,17,6,66,15,87
11	0.11025315130554136	8,4
12	0.13567497737798184	18,33
13	0.0842755088989215	77,44,82,23,28
14	0.05067404599053418	47,29,35,34,8,22
15	0.09839731148103575	76
16	0.10373737307299474	79,24,88,3,76,59
17	0.04021885306990207	33,38,21,54,12,58,8
18	0.16147421137064205	19,53,84,26,70,8,90,59,75
19	0.05864420831753443	1,2,3,4,5,6,7,8,9,10,11,12,13,14,15,16,17,18,19,20,21,22,23,24,25,26,27,28,29,30,31,32,33,34,35,36,37,38,39,40,41,42,43,44,45,46,47,48,49,50,51,52,53,54,55,56,57,58,59,60,61,62,63,64,65,66,67,68,69,70,71,72,73,74,75,76,77,78,79,80,81,82,83,84,85,86,87,88,89,90,91,92,93,94,95,96,97,98,99,100
2	0.07592751975139726	54,4,57,34,36
20	0.09349509712199397	2,51,72,36,44
21	0.04565601010650329	78,47,11,83,80,25
22	0.10981265683846157	64,88,12
23	0.0821530374242059	92,8,54,4,89,66
24	0.08221210734802595	7,31,32,42,16,89,35
25	0.1444074778598516	8,75,39
26	0.16075282581261904	36,5
27	0.09326780998623277	74,5,32,41
28	0.07836648617169512	99,52,43
29	0.10200386612350038	91,18,8,34,37,38,80
3	0.13687029776338006	54,39,75,16,11,73,65
30	0.03738371543266654	1,2,3,4,5,6,7,8,9,10,11,12,13,14,15,16,17,18,19,20,21,22,23,24,25,26,27,28,29,30,31,32,33,34,35,36,37,38,39,40,41,42,43,44,45,46,47,48,49,50,51,52,53,54,55,56,57,58,59,60,61,62,63,64,65,66,67,68,69,70,71,72,73,74,75,76,77,78,79,80,81,82,83,84,85,86,87,88,89,90,91,92,93,94,95,96,97,98,99,100
31	0.07982570676400585	88,40,53,13,57,9,41,93
32	0.293939384050813	71,8,95,48,55,94,81,34
33	0.11099339789399995	93,44,42,43,31,17
34	0.20888804668889407	54,88,59,91,12
35	0.06014455548835967	21,65,25,54,56,11,73,4
36	0.13145263421429726	1,2,3,4,5,6,7,8,9,10,11,12,13,14,15,16,17,18,19,20,21,22,23,24,25,26,27,28,29,30,31,32,33,34,35,36,37,38,39,40,41,42,43,44,45,46,47,48,49,50,51,52,53,54,55,56,57,58,59,60,61,62,63,64,65,66,67,68,69,70,71,72,73,74,75,76,77,78,79,80,81,82,83,84,85,86,87,88,89,90,91,92,93,94,95,96,97,98,99,100
37	0.048082592172365594	27,26,54,32,36,8
38	0.060233509420558246	55,72,86,39,75
39	0.15285629120803698	50
4	0.1388662843879539	32
40	0.10076767071797536	75,84
41	0.20371046540988255	15,89,61
42	0.05433276766416264	4,93,76,86
43	0.08563588403871202	80,82
44	0.1231552749256777	64,98,50,16
45	0.05480849810344822	1,2,3,4,5,6,7,8,9,10,11,12,13,14,15,16,17,18,19,20,21,22,23,24,25,26,27,28,29,30,31,32,33,34,35,36,37,38,39,40,41,42,43,44,45,46,47,48,49,50,51,52,53,54,55,56,57,58,59,60,61,62,63,64,65,66,67,68,69,70,71,72,73,74,75,76,77,78,79,80,81,82,83,84,85,86,87,88,89,90,91,92,93,94,95,96,97,98,99,100
46	0.0963152873094528	30,20,25,59,91,11,62,67,26
47	0.08155030001880427	88
48	0.12408150378599864	41
49	0.23971687570677835	58,89,59,94,41,51,87,85,29
5	0.17478129585170238	27,20,87,49,25
50	0.19502892600030805	80,49,48,47,32
51	0.11576000877392875	54,84,82
52	0.04541989204490454	15,72,24,76
53	0.06830317445483745	8,23,9
54	0.19790469034397923	2,22,59,40,90,95,55,48,77
55	0.17177976704089168	80,91,20,65,66
56	0.0359318266082541	43,66,76,77,38,39,40,67,59
57	0.04966213563973187	1,2,3,4,5,6,7,8,9,10,11,12,13,14,15,16,17,18,19,20,21,22,23,24,25,26,27,28,29,30,31,32,33,34,35,36,37,38,39,40,41,42,43,44,45,46,47,48,49,50,51,52,53,54,55,56,57,58,59,60,61,62,63,64,65,66,67,68,69,70,71,72,73,74,75,76,77,78,79,80,81,82,83,84,85,86,87,88,89,90,91,92,93,94,95,96,97,98,99,100
58	0.18270360476054612	98,99,40,55,35,2,96,12,3
59	0.17948465615010592	3,26
6	0.08207663463855798	74,71,40,56,98,79,22,48,78
60	0.03408639567517491	77,15,96,61,59,25,4,35
61	0.09382154920263323	1,2,3,4,5,6,7,8,9,10,11,12,13,14,15,16,17,18,19,20,21,22,23,24,25,26,27,28,29,30,31,32,33,34,35,36,37,38,39,40,41,42,43,44,45,46,47,48,49,50,51,52,53,54,55,56,57,58,59,60,61,62,63,64,65,66,67,68,69,70,71,72,73,74,75,76,77,78,79,80,81,82,83,84,85,86,87,88,89,90,91,92,93,94,95,96,97,98,99,100
62	0.049836752949840496	73,31,37,62,61,24
63	0.04211599879650118	68
64	0.13706187169039735	39,79,28,31,99,98,93,55
65	0.11014323049238456	1,2,3,4,5,6,7,8,9,10,11,12,13,14,15,16,17,18,19,20,21,22,23,24,25,26,27,28,29,30,31,32,33,34,35,36,37,38,39,40,41,42,43,44,45,46,47,48,49,50,51,52,53,54,55,56,57,58,59,60,61,62,63,64,65,66,67,68,69,70,71,72,73,74,75,76,77,78,79,80,81,82,83,84,85,86,87,88,89,90,91,92,93,94,95,96,97,98,99,100
66	0.0695358380991561	1,2,3,4,5,6,7,8,9,10,11,12,13,14,15,16,17,18,19,20,21,22,23,24,25,26,27,28,29,30,31,32,33,34,35,36,37,38,39,40,41,42,43,44,45,46,47,48,49,50,51,52,53,54,55,56,57,58,59,60,61,62,63,64,65,66,67,68,69,70,71,72,73,74,75,76,77,78,79,80,81,82,83,84,85,86,87,88,89,90,91,92,93,94,95,96,97,98,99,100
67	0.03417054832826805	75,60,99,28,54,26
68	0.07237992894503918	34,31,69,1,80,29,43,60
69	0.05739228965045833	58
7	0.06797481391388085	8,92,97
70	0.053452627959735224	94
71	0.06286073895745165	64,18,43,80
72	0.11823088705991223	81,13,58
73	0.058888442095228546	91,64
74	0.06521306926780847	89
75	0.15891033149519146	45,44,28,41,70,24,83,78,84
76	0.16799364917904913	1,2,3,4,5,6,7,8,9,10,11,12,13,14,15,16,17,18,19,20,21,22,23,24,25,26,27,28,29,30,31,32,33,34,35,36,37,38,39,40,41,42,43,44,45,46,47,48,49,50,51,52,53,54,55,56,57,58,59,60,61,62,63,64,65,66,67,68,69,70,71,72,73,74,75,76,77,78,79,80,81,82,83,84,85,86,87,88,89,90,91,92,93,94,95,96,97,98,99,100
77	0.15631070168210412	87,11,54,77,69,63,58
78	0.05142925970382815	50,93,58,87,57,42,11
79	0.05986762326309338	38,51,58,30,96,69,11,82
8	0.2611431124852566	25,51,9,32,72
80	0.17508573223409615	44,76,92,45,46,59,97,96,94
81	0.09849047057398547	32,46,93,23,5
82	0.13274680404361625	46,6,89
83	0.05670370841542046	10
84	0.14467798465165438	1,2,3,4,5,6,7,8,9,10,11,12,13,14,15,16,17,18,19,20,21,22,23,24,25,26,27,28,29,30,31,32,33,34,35,36,37,38,39,40,41,42,43,44,45,46,47,48,49,50,51,52,53,54,55,56,57,58,59,60,61,62,63,64,65,66,67,68,69,70,71,72,73,74,75,76,77,78,79,80,81,82,83,84,85,86,87,88,89,90,91,92,93,94,95,96,97,98,99,100
85	0.05848268464638866	86,22
86	0.10464857896128639	21,65,24,58,68,83,7
87	0.16298937035708577	44,9,19,26,4,65,12
88	0.18973597841471992	1,2,3,4,5,6,7,8,9,10,11,12,13,14,15,16,17,18,19,20,21,22,23,24,25,26,27,28,29,30,31,32,33,34,35,36,37,38,39,40,41,42,43,44,45,46,47,48,49,50,51,52,53,54,55,56,57,58,59,60,61,62,63,64,65,66,67,68,69,70,71,72,73,74,75,76,77,78,79,80,81,82,83,84,85,86,87,88,89,90,91,92,93,94,95,96,97,98,99,100
89	0.2280468692087989	10,77,18,55
9	0.12509075849536863	13,34,87,86,97,6
90	0.05743302859617386	11,82,14
91	0.1384846708811337	39,29,5
92	0.07093218572948447	9,28,94,34,37,54,48,25,73
93	0.09698606416497813	34
94	0.16565672862021133	49
95	0.08645269784444277	72,98,22,87,85,8
96	0.06644229919511489	99,97,23,1,80,81,32
97	0.12271921222706533	62,38,33,59,14,95,7,16,25
98	0.1191620049430288	22,16,97,64,74,87,94
99	0.09062764137874572	47,84,7,54,33,87,27
