1	0.026154152638449592	98,86
10	0.07364365018425015	53,27,77,97,40
100	0.017966953895215895	69,55,31,17,6,66,15,87
11	0.06425935639693517	8,4
12	0.07650348952606223	18,33
13	0.049921500466994416	77,44,82,23,28
14	0.03281490149710778	47,29,35,34,8,22
15	0.05700896814195613	76
16	0.05933514477599697	79,24,88,3,76,59
17	0.027150644940734468	33,38,21,54,12,58,8
18	0.08940468718737068	19,53,84,26,70,8,90,59,75
19	0.0355146784187639	1,2,3,4,5,6,7,8,9,10,11,12,13,14,15,16,17,18,19,20,21,22,23,24,25,26,27,28,29,30,31,32,33,34,35,36,37,38,39,40,41,42,43,44,45,46,47,48,49,50,51,52,53,54,55,56,57,58,59,60,61,62,63,64,65,66,67,68,69,70,71,72,73,74,75,76,77,78,79,80,81,82,83,84,85,86,87,88,89,90,91,92,93,94,95,96,97,98,99,100
2	0.04480950319766131	54,4,57,34,36
20	0.05308472619775308	2,51,72,36,44
21	0.030612264739327065	78,47,11,83,80,25
22	0.06404857494833946	64,88,12
23	0.04969146629664182	92,8,54,4,89,66
24	0.04990960403434426	7,31,32,42,16,89,35
25	0.08099737450400218	8,75,39
26	0.08792659817918959	36,5
27	0.0546521419143048	74,5,32,41
28	0.04712565214112904	99,52,43
29	0.058921963530154574	91,18,8,34,37,38,80
3	0.07544018887335951	54,39,75,16,11,73,65
30	0.025422852739347072	1,2,3,4,5,6,7,8,9,10,11,12,13,14,15,16,17,18,19,20,21,22,23,24,25,26,27,28,29,30,31,32,33,34,35,36,37,38,39,40,41,42,43,44,45,46,47,48,49,50,51,52,53,54,55,56,57,58,59,60,61,62,63,64,65,66,67,68,69,70,71,72,73,74,75,76,77,78,79,80,81,82,83,84,85,86,87,88,89,90,91,92,93,94,95,96,97,98,99,100
31	0.048825579231384544	88,40,53,13,57,9,41,93
32	0.16059076485926765	71,8,95,48,55,94,81,34
33	0.06395082606497574	93,44,42,43,31,17
34	0.11750291247276493	54,88,59,91,12
35	0.03806727500279404	21,65,25,54,56,11,73,4
36	0.07329018795670098	1,2,3,4,5,6,7,8,9,10,11,12,13,14,15,16,17,18,19,20,21,22,23,24,25,26,27,28,29,30,31,32,33,34,35,36,37,38,39,40,41,42,43,44,45,46,47,48,49,50,51,52,53,54,55,56,57,58,59,60,61,62,63,64,65,66,67,68,69,70,71,72,73,74,75,76,77,78,79,80,81,82,83,84,85,86,87,88,89,90,91,92,93,94,95,96,97,98,99,100
37	0.03129077572308006	27,26,54,32,36,8
38	0.03772281812956555	55,72,86,39,75
39	0.08530254333483517	50
4	0.08022867696314247	32
40	0.058829355402491665	75,84
41	0.11008206633192394	15,89,61
42	0.034580721801531	4,93,76,86
43	0.052148495910959186	80,82
44	0.06901604739329807	64,98,50,16
45	0.0339353208093096	1,2,3,4,5,6,7,8,9,10,11,12,13,14,15,16,17,18,19,20,21,22,23,24,25,26,27,28,29,30,31,32,33,34,35,36,37,38,39,40,41,42,43,44,45,46,47,48,49,50,51,52,53,54,55,56,57,58,59,60,61,62,63,64,65,66,67,68,69,70,71,72,73,74,75,76,77,78,79,80,81,82,83,84,85,86,87,88,89,90,91,92,93,94,95,96,97,98,99,100
46	0.05628358181074137	30,20,25,59,91,11,62,67,26
47	0.048548925456897325	88
48	0.06868563115185979	41
49	0.12896377645275306	58,89,59,94,41,51,87,85,29
5	0.09567461922893683	27,20,87,49,25
50	0.10663947795773444	80,49,48,47,32
51	0.06459020155891418	54,84,82
52	0.03035856909378363	15,72,24,76
53	0.04161974207378868	8,23,9
54	0.1102772307854734	2,22,59,40,90,95,55,48,77
55	0.09431984899340706	80,91,20,65,66
56	0.02487955996910739	43,66,76,77,38,39,40,67,59
57	0.032265702482531904	1,2,3,4,5,6,7,8,9,10,11,12,13,14,15,16,17,18,19,20,21,22,23,24,25,26,27,28,29,30,31,32,33,34,35,36,37,38,39,40,41,42,43,44,45,46,47,48,49,50,51,52,53,54,55,56,57,58,59,60,61,62,63,64,65,66,67,68,69,70,71,72,73,74,75,76,77,78,79,80,81,82,83,84,85,86,87,88,89,90,91,92,93,94,95,96,97,98,99,100
58	0.10483224428037674	98,99,40,55,35,2,96,12,3
59	0.0980276968325308	3,26
6	0.04926841132540707	74,71,40,56,98,79,22,48,78
60	0.024600341409242027	77,15,96,61,59,25,4,35
61	0.053810492713164355	1,2,3,4,5,6,7,8,9,10,11,12,13,14,15,16,17,18,19,20,21,22,23,24,25,26,27,28,29,30,31,32,33,34,35,36,37,38,39,40,41,42,43,44,45,46,47,48,49,50,51,52,53,54,55,56,57,58,59,60,61,62,63,64,65,66,67,68,69,70,71,72,73,74,75,76,77,78,79,80,81,82,83,84,85,86,87,88,89,90,91,92,93,94,95,96,97,98,99,100
62	0.03202465759067639	73,31,37,62,61,24
63	0.02759138734865653	68
64	0.07921634322354444	39,79,28,31,99,98,93,55
65	0.062224785537709604	1,2,3,4,5,6,7,8,9,10,11,12,13,14,15,16,17,18,19,20,21,22,23,24,25,26,27,28,29,30,31,32,33,34,35,36,37,38,39,40,41,42,43,44,45,46,47,48,49,50,51,52,53,54,55,56,57,58,59,60,61,62,63,64,65,66,67,68,69,70,71,72,73,74,75,76,77,78,79,80,81,82,83,84,85,86,87,88,89,90,91,92,93,94,95,96,97,98,99,100
66	0.04217660899021749	1,2,3,4,5,6,7,8,9,10,11,12,13,14,15,16,17,18,19,20,21,22,23,24,25,26,27,28,29,30,31,32,33,34,35,36,37,38,39,40,41,42,43,44,45,46,47,48,49,50,51,52,53,54,55,56,57,58,59,60,61,62,63,64,65,66,67,68,69,70,71,72,73,74,75,76,77,78,79,80,81,82,83,84,85,86,87,88,89,90,91,92,93,94,95,96,97,98,99,100
67	0.023847130118259844	75,60,99,28,54,26
68	0.047438559387399146	34,31,69,1,80,29,43,60
69	0.03630313938407899	58
7	0.04200155405852355	8,92,97
70	0.03304637533509984	94
71	0.0378988635472388	64,18,43,80
72	0.06783148741107102	81,13,58
73	0.036716665748081447	91,64
74	0.04018563326337811	89
75	0.08915314913408277	45,44,28,41,70,24,83,78,84
76	0.09615145374352384	1,2,3,4,5,6,7,8,9,10,11,12,13,14,15,16,17,18,19,20,21,22,23,24,25,26,27,28,29,30,31,32,33,34,35,36,37,38,39,40,41,42,43,44,45,46,47,48,49,50,51,52,53,54,55,56,57,58,59,60,61,62,63,64,65,66,67,68,69,70,71,72,73,74,75,76,77,78,79,80,81,82,83,84,85,86,87,88,89,90,91,92,93,94,95,96,97,98,99,100
77	0.08717167531274365	87,11,54,77,69,63,58
78	0.03287802109388353	50,93,58,87,57,42,11
79	0.03694418444591434	38,51,58,30,96,69,11,82
8	0.14479209532786286	25,51,9,32,72
80	0.09881663084502057	44,76,92,45,46,59,97,96,94
81	0.056683791140477224	32,46,93,23,5
82	0.07709891507517322	46,6,89
83	0.036027988790012414	10
84	0.08105266127840374	1,2,3,4,5,6,7,8,9,10,11,12,13,14,15,16,17,18,19,20,21,22,23,24,25,26,27,28,29,30,31,32,33,34,35,36,37,38,39,40,41,42,43,44,45,46,47,48,49,50,51,52,53,54,55,56,57,58,59,60,61,62,63,64,65,66,67,68,69,70,71,72,73,74,75,76,77,78,79,80,81,82,83,84,85,86,87,88,89,90,91,92,93,94,95,96,97,98,99,100
85	0.03539669860010286	86,22
86	0.06425929814768683	21,65,24,58,68,83,7
87	0.0896666327052954	44,9,19,26,4,65,12
88	0.10727980790278673	1,2,3,4,5,6,7,8,9,10,11,12,13,14,15,16,17,18,19,20,21,22,23,24,25,26,27,28,29,30,31,32,33,34,35,36,37,38,39,40,41,42,43,44,45,46,47,48,49,50,51,52,53,54,55,56,57,58,59,60,61,62,63,64,65,66,67,68,69,70,71,72,73,74,75,76,77,78,79,80,81,82,83,84,85,86,87,88,89,90,91,92,93,94,95,96,97,98,99,100
89	0.12628093402981286	10,77,18,55
9	0.07090857374152157	13,34,87,86,97,6
90	0.035041596328937524	11,82,14
91	0.07838013309548199	39,29,5
92	0.04374161736763348	9,28,94,34,37,54,48,25,73
93	0.0574443882569581	34
94	0.09305223909103413	49
95	0.049651614751724575	72,98,22,87,85,8
96	0.04061636554850087	99,97,23,1,80,81,32
97	0.07098444086742496	62,38,33,59,14,95,7,16,25
98	0.06959019840238756	22,16,97,64,74,87,94
99	0.05427333786730516	47,84,7,54,33,87,27
