1	0.026147670467331095	98,86
10	0.07361492224660018	53,27,77,97,40
100	0.01796432389607456	69,55,31,17,6,66,15,87
11	0.0642333276688114	8,4
12	0.07647000316148059	18,33
13	0.04990205979680608	77,44,82,23,28
14	0.032804794652813773	47,29,35,34,8,22
15	0.056985545662335844	76
16	0.05931001689741082	79,24,88,3,76,59
17	0.02714324924172558	33,38,21,54,12,58,8
18	0.08936390206867859	19,53,84,26,70,8,90,59,75
19	0.03550158905232849	1,2,3,4,5,6,7,8,9,10,11,12,13,14,15,16,17,18,19,20,21,22,23,24,25,26,27,28,29,30,31,32,33,34,35,36,37,38,39,40,41,42,43,44,45,46,47,48,49,50,51,52,53,54,55,56,57,58,59,60,61,62,63,64,65,66,67,68,69,70,71,72,73,74,75,76,77,78,79,80,81,82,83,84,85,86,87,88,89,90,91,92,93,94,95,96,97,98,99,100
2	0.04479189317796928	54,4,57,34,36
20	0.05306185810248935	2,51,72,36,44
21	0.03060375134718127	78,47,11,83,80,25
22	0.064022676573281	64,88,12
23	0.049673095309319244	92,8,54,4,89,66
24	0.04989132367280051	7,31,32,42,16,89,35
25	0.08096149047025275	8,75,39
26	0.08788538497673212	36,5
27	0.05463028967657373	74,5,32,41
28	0.04710797237484764	99,52,43
29	0.058897582772680666	91,18,8,34,37,38,80
3	0.07540542525619509	54,39,75,16,11,73,65
30	0.025416083954713717	1,2,3,4,5,6,7,8,9,10,11,12,13,14,15,16,17,18,19,20,21,22,23,24,25,26,27,28,29,30,31,32,33,34,35,36,37,38,39,40,41,42,43,44,45,46,47,48,49,50,51,52,53,54,55,56,57,58,59,60,61,62,63,64,65,66,67,68,69,70,71,72,73,74,75,76,77,78,79,80,81,82,83,84,85,86,87,88,89,90,91,92,93,94,95,96,97,98,99,100
31	0.04880803577460473	88,40,53,13,57,9,41,93
32	0.1605153012922278	71,8,95,48,55,94,81,34
33	0.06392420436512644	93,44,42,43,31,17
34	0.11745119795608852	54,88,59,91,12
35	0.03805478159140773	21,65,25,54,56,11,73,4
36	0.07325727195351035	1,2,3,4,5,6,7,8,9,10,11,12,13,14,15,16,17,18,19,20,21,22,23,24,25,26,27,28,29,30,31,32,33,34,35,36,37,38,39,40,41,42,43,44,45,46,47,48,49,50,51,52,53,54,55,56,57,58,59,60,61,62,63,64,65,66,67,68,69,70,71,72,73,74,75,76,77,78,79,80,81,82,83,84,85,86,87,88,89,90,91,92,93,94,95,96,97,98,99,100
37	0.03128127304410382	27,26,54,32,36,8
38	0.03771007910736143	55,72,86,39,75
39	0.0852643131158004	50
4	0.08019549385505574	32
40	0.05880562259103026	75,84
41	0.11002908059136897	15,89,61
42	0.03456954363178646	4,93,76,86
43	0.052129544941346875	80,82
44	0.06898540887874703	64,98,50,16
45	0.03392350868526328	1,2,3,4,5,6,7,8,9,10,11,12,13,14,15,16,17,18,19,20,21,22,23,24,25,26,27,28,29,30,31,32,33,34,35,36,37,38,39,40,41,42,43,44,45,46,47,48,49,50,51,52,53,54,55,56,57,58,59,60,61,62,63,64,65,66,67,68,69,70,71,72,73,74,75,76,77,78,79,80,81,82,83,84,85,86,87,88,89,90,91,92,93,94,95,96,97,98,99,100
46	0.05626092716620463	30,20,25,59,91,11,62,67,26
47	0.0485302491474223	88
48	0.0686542817237867	41
49	0.12890110071099173	58,89,59,94,41,51,87,85,29
5	0.09562984997353198	27,20,87,49,25
50	0.10658945837051281	80,49,48,47,32
51	0.06456124359836513	54,84,82
52	0.030350045839215155	15,72,24,76
53	0.04160464187516519	8,23,9
54	0.11022764126293846	2,22,59,40,90,95,55,48,77
55	0.09427601368183153	80,91,20,65,66
56	0.024873305359024052	43,66,76,77,38,39,40,67,59
57	0.03225585780694689	1,2,3,4,5,6,7,8,9,10,11,12,13,14,15,16,17,18,19,20,21,22,23,24,25,26,27,28,29,30,31,32,33,34,35,36,37,38,39,40,41,42,43,44,45,46,47,48,49,50,51,52,53,54,55,56,57,58,59,60,61,62,63,64,65,66,67,68,69,70,71,72,73,74,75,76,77,78,79,80,81,82,83,84,85,86,87,88,89,90,91,92,93,94,95,96,97,98,99,100
58	0.1047881761894302	98,99,40,55,35,2,96,12,3
59	0.09798159846511258	3,26
6	0.049249844914738695	74,71,40,56,98,79,22,48,78
60	0.02459497338183541	77,15,96,61,59,25,4,35
61	0.053787849766737755	1,2,3,4,5,6,7,8,9,10,11,12,13,14,15,16,17,18,19,20,21,22,23,24,25,26,27,28,29,30,31,32,33,34,35,36,37,38,39,40,41,42,43,44,45,46,47,48,49,50,51,52,53,54,55,56,57,58,59,60,61,62,63,64,65,66,67,68,69,70,71,72,73,74,75,76,77,78,79,80,81,82,83,84,85,86,87,88,89,90,91,92,93,94,95,96,97,98,99,100
62	0.032014577408629764	73,31,37,62,61,24
63	0.027583167827885093	68
64	0.07918360795393425	39,79,28,31,99,98,93,55
65	0.062197667693215664	1,2,3,4,5,6,7,8,9,10,11,12,13,14,15,16,17,18,19,20,21,22,23,24,25,26,27,28,29,30,31,32,33,34,35,36,37,38,39,40,41,42,43,44,45,46,47,48,49,50,51,52,53,54,55,56,57,58,59,60,61,62,63,64,65,66,67,68,69,70,71,72,73,74,75,76,77,78,79,80,81,82,83,84,85,86,87,88,89,90,91,92,93,94,95,96,97,98,99,100
66	0.042161126390972026	1,2,3,4,5,6,7,8,9,10,11,12,13,14,15,16,17,18,19,20,21,22,23,24,25,26,27,28,29,30,31,32,33,34,35,36,37,38,39,40,41,42,43,44,45,46,47,48,49,50,51,52,53,54,55,56,57,58,59,60,61,62,63,64,65,66,67,68,69,70,71,72,73,74,75,76,77,78,79,80,81,82,83,84,85,86,87,88,89,90,91,92,93,94,95,96,97,98,99,100
67	0.023841287979716276	75,60,99,28,54,26
68	0.04742444467933504	34,31,69,1,80,29,43,60
69	0.03629120517214116	58
7	0.041986855401023065	8,92,97
70	0.033034827305600326	94
71	0.03788473766769877	64,18,43,80
72	0.0678029654295436	81,13,58
73	0.036704118127011846	91,64
74	0.040171469700560174	89
75	0.08911367197955133	45,44,28,41,70,24,83,78,84
76	0.09611079719784217	1,2,3,4,5,6,7,8,9,10,11,12,13,14,15,16,17,18,19,20,21,22,23,24,25,26,27,28,29,30,31,32,33,34,35,36,37,38,39,40,41,42,43,44,45,46,47,48,49,50,51,52,53,54,55,56,57,58,59,60,61,62,63,64,65,66,67,68,69,70,71,72,73,74,75,76,77,78,79,80,81,82,83,84,85,86,87,88,89,90,91,92,93,94,95,96,97,98,99,100
77	0.08713254866133296	87,11,54,77,69,63,58
78	0.03286752291102903	50,93,58,87,57,42,11
79	0.036931211623788665	38,51,58,30,96,69,11,82
8	0.14472625148645046	25,51,9,32,72
80	0.09877346887540706	44,76,92,45,46,59,97,96,94
81	0.05666013303481094	32,46,93,23,5
82	0.0770674233255912	46,6,89
83	0.03601628835352529	10
84	0.08101665516950779	1,2,3,4,5,6,7,8,9,10,11,12,13,14,15,16,17,18,19,20,21,22,23,24,25,26,27,28,29,30,31,32,33,34,35,36,37,38,39,40,41,42,43,44,45,46,47,48,49,50,51,52,53,54,55,56,57,58,59,60,61,62,63,64,65,66,67,68,69,70,71,72,73,74,75,76,77,78,79,80,81,82,83,84,85,86,87,88,89,90,91,92,93,94,95,96,97,98,99,100
85	0.03538363365268679	86,22
86	0.06423644183062754	21,65,24,58,68,83,7
87	0.08962513889321957	44,9,19,26,4,65,12
88	0.10723314498728705	1,2,3,4,5,6,7,8,9,10,11,12,13,14,15,16,17,18,19,20,21,22,23,24,25,26,27,28,29,30,31,32,33,34,35,36,37,38,39,40,41,42,43,44,45,46,47,48,49,50,51,52,53,54,55,56,57,58,59,60,61,62,63,64,65,66,67,68,69,70,71,72,73,74,75,76,77,78,79,80,81,82,83,84,85,86,87,88,89,90,91,92,93,94,95,96,97,98,99,100
89	0.12622334402172686	10,77,18,55
9	0.07087791127087935	13,34,87,86,97,6
90	0.03502892470299318	11,82,14
91	0.07834611917207573	39,29,5
92	0.04372623021037005	9,28,94,34,37,54,48,25,73
93	0.05742201056306595	34
94	0.09301115111693949	49
95	0.04963078888991704	72,98,22,87,85,8
96	0.040601750714216886	99,97,23,1,80,81,32
97	0.070955164138884	62,38,33,59,14,95,7,16,25
98	0.06956214541431172	22,16,97,64,74,87,94
99	0.05425276472625938	47,84,7,54,33,87,27
