1	0.026147701109118807	98,86
10	0.0736150580460647	53,27,77,97,40
100	0.01796433632830967	69,55,31,17,6,66,15,87
11	0.0642334507088773	8,4
12	0.07647016145444387	18,33
13	0.04990215169454805	77,44,82,23,28
14	0.03280484242874743	47,29,35,34,8,22
15	0.05698565638243798	76
16	0.05931013567908246	79,24,88,3,76,59
17	0.027143284201839226	33,38,21,54,12,58,8
18	0.08936409486348854	19,53,84,26,70,8,90,59,75
19	0.03550165092690419	1,2,3,4,5,6,7,8,9,10,11,12,13,14,15,16,17,18,19,20,21,22,23,24,25,26,27,28,29,30,31,32,33,34,35,36,37,38,39,40,41,42,43,44,45,46,47,48,49,50,51,52,53,54,55,56,57,58,59,60,61,62,63,64,65,66,67,68,69,70,71,72,73,74,75,76,77,78,79,80,81,82,83,84,85,86,87,88,89,90,91,92,93,94,95,96,97,98,99,100
2	0.044791976422066844	54,4,57,34,36
20	0.05306196620196829	2,51,72,36,44
21	0.03060379159072777	78,47,11,83,80,25
22	0.0640227989971566	64,88,12
23	0.049673182150577096	92,8,54,4,89,66
24	0.049891410085662405	7,31,32,42,16,89,35
25	0.0809616600972071	8,75,39
26	0.0878855797951313	36,5
27	0.05463039297400562	74,5,32,41
28	0.04710805594864341	99,52,43
29	0.0588976980226457	91,18,8,34,37,38,80
3	0.07540558958684261	54,39,75,16,11,73,65
30	0.02541611595134849	1,2,3,4,5,6,7,8,9,10,11,12,13,14,15,16,17,18,19,20,21,22,23,24,25,26,27,28,29,30,31,32,33,34,35,36,37,38,39,40,41,42,43,44,45,46,47,48,49,50,51,52,53,54,55,56,57,58,59,60,61,62,63,64,65,66,67,68,69,70,71,72,73,74,75,76,77,78,79,80,81,82,83,84,85,86,87,88,89,90,91,92,93,94,95,96,97,98,99,100
31	0.04880811870405359	88,40,53,13,57,9,41,93
32	0.16051565801508483	71,8,95,48,55,94,81,34
33	0.06392433020822136	93,44,42,43,31,17
34	0.11745144241511507	54,88,59,91,12
35	0.038054840648851986	21,65,25,54,56,11,73,4
36	0.07325742755032563	1,2,3,4,5,6,7,8,9,10,11,12,13,14,15,16,17,18,19,20,21,22,23,24,25,26,27,28,29,30,31,32,33,34,35,36,37,38,39,40,41,42,43,44,45,46,47,48,49,50,51,52,53,54,55,56,57,58,59,60,61,62,63,64,65,66,67,68,69,70,71,72,73,74,75,76,77,78,79,80,81,82,83,84,85,86,87,88,89,90,91,92,93,94,95,96,97,98,99,100
37	0.03128131796409537	27,26,54,32,36,8
38	0.03771013932582943	55,72,86,39,75
39	0.08526449383337703	50
4	0.08019565071449912	32
40	0.05880573477809804	75,84
41	0.11002933105958157	15,89,61
42	0.03456959647196887	4,93,76,86
43	0.052129634524231555	80,82
44	0.06898555370967506	64,98,50,16
45	0.033923564522202916	1,2,3,4,5,6,7,8,9,10,11,12,13,14,15,16,17,18,19,20,21,22,23,24,25,26,27,28,29,30,31,32,33,34,35,36,37,38,39,40,41,42,43,44,45,46,47,48,49,50,51,52,53,54,55,56,57,58,59,60,61,62,63,64,65,66,67,68,69,70,71,72,73,74,75,76,77,78,79,80,81,82,83,84,85,86,87,88,89,90,91,92,93,94,95,96,97,98,99,100
46	0.05626103425668338	30,20,25,59,91,11,62,67,26
47	0.04853033743196458	88
48	0.06865442991526488	41
49	0.12890139698468442	58,89,59,94,41,51,87,85,29
5	0.09563006160170331	27,20,87,49,25
50	0.10658969481746017	80,49,48,47,32
51	0.06456138048516794	54,84,82
52	0.030350086129382184	15,72,24,76
53	0.04160471325511985	8,23,9
54	0.11022787567693254	2,22,59,40,90,95,55,48,77
55	0.094276220895169	80,91,20,65,66
56	0.024873334925110922	43,66,76,77,38,39,40,67,59
57	0.03225590434358621	1,2,3,4,5,6,7,8,9,10,11,12,13,14,15,16,17,18,19,20,21,22,23,24,25,26,27,28,29,30,31,32,33,34,35,36,37,38,39,40,41,42,43,44,45,46,47,48,49,50,51,52,53,54,55,56,57,58,59,60,61,62,63,64,65,66,67,68,69,70,71,72,73,74,75,76,77,78,79,80,81,82,83,84,85,86,87,88,89,90,91,92,93,94,95,96,97,98,99,100
58	0.10478838450313605	98,99,40,55,35,2,96,12,3
59	0.09798181637611221	3,26
6	0.04924993267977973	74,71,40,56,98,79,22,48,78
60	0.024594998756968717	77,15,96,61,59,25,4,35
61	0.053787956801918564	1,2,3,4,5,6,7,8,9,10,11,12,13,14,15,16,17,18,19,20,21,22,23,24,25,26,27,28,29,30,31,32,33,34,35,36,37,38,39,40,41,42,43,44,45,46,47,48,49,50,51,52,53,54,55,56,57,58,59,60,61,62,63,64,65,66,67,68,69,70,71,72,73,74,75,76,77,78,79,80,81,82,83,84,85,86,87,88,89,90,91,92,93,94,95,96,97,98,99,100
62	0.03201462505852864	73,31,37,62,61,24
63	0.027583206682276	68
64	0.07918376269640615	39,79,28,31,99,98,93,55
65	0.06219779588162953	1,2,3,4,5,6,7,8,9,10,11,12,13,14,15,16,17,18,19,20,21,22,23,24,25,26,27,28,29,30,31,32,33,34,35,36,37,38,39,40,41,42,43,44,45,46,47,48,49,50,51,52,53,54,55,56,57,58,59,60,61,62,63,64,65,66,67,68,69,70,71,72,73,74,75,76,77,78,79,80,81,82,83,84,85,86,87,88,89,90,91,92,93,94,95,96,97,98,99,100
66	0.04216119957856775	1,2,3,4,5,6,7,8,9,10,11,12,13,14,15,16,17,18,19,20,21,22,23,24,25,26,27,28,29,30,31,32,33,34,35,36,37,38,39,40,41,42,43,44,45,46,47,48,49,50,51,52,53,54,55,56,57,58,59,60,61,62,63,64,65,66,67,68,69,70,71,72,73,74,75,76,77,78,79,80,81,82,83,84,85,86,87,88,89,90,91,92,93,94,95,96,97,98,99,100
67	0.023841315596014236	75,60,99,28,54,26
68	0.04742451140078997	34,31,69,1,80,29,43,60
69	0.0362912615862009	58
7	0.04198692488285785	8,92,97
70	0.033034881894142026	94
71	0.03788480444196223	64,18,43,80
72	0.06780310025543561	81,13,58
73	0.03670417744070999	91,64
74	0.04017153665295577	89
75	0.08911385859150071	45,44,28,41,70,24,83,78,84
76	0.09611098938487629	1,2,3,4,5,6,7,8,9,10,11,12,13,14,15,16,17,18,19,20,21,22,23,24,25,26,27,28,29,30,31,32,33,34,35,36,37,38,39,40,41,42,43,44,45,46,47,48,49,50,51,52,53,54,55,56,57,58,59,60,61,62,63,64,65,66,67,68,69,70,71,72,73,74,75,76,77,78,79,80,81,82,83,84,85,86,87,88,89,90,91,92,93,94,95,96,97,98,99,100
77	0.08713273361642353	87,11,54,77,69,63,58
78	0.032867572536854156	50,93,58,87,57,42,11
79	0.036931272947449245	38,51,58,30,96,69,11,82
8	0.1447265627360262	25,51,9,32,72
80	0.09877367290579839	44,76,92,45,46,59,97,96,94
81	0.05666024486873791	32,46,93,23,5
82	0.07706757218983558	46,6,89
83	0.036016343662508096	10
84	0.08101682537352198	1,2,3,4,5,6,7,8,9,10,11,12,13,14,15,16,17,18,19,20,21,22,23,24,25,26,27,28,29,30,31,32,33,34,35,36,37,38,39,40,41,42,43,44,45,46,47,48,49,50,51,52,53,54,55,56,57,58,59,60,61,62,63,64,65,66,67,68,69,70,71,72,73,74,75,76,77,78,79,80,81,82,83,84,85,86,87,88,89,90,91,92,93,94,95,96,97,98,99,100
85	0.03538369541183166	86,22
86	0.0642365498744299	21,65,24,58,68,83,7
87	0.08962533503808491	44,9,19,26,4,65,12
88	0.10723336556695469	1,2,3,4,5,6,7,8,9,10,11,12,13,14,15,16,17,18,19,20,21,22,23,24,25,26,27,28,29,30,31,32,33,34,35,36,37,38,39,40,41,42,43,44,45,46,47,48,49,50,51,52,53,54,55,56,57,58,59,60,61,62,63,64,65,66,67,68,69,70,71,72,73,74,75,76,77,78,79,80,81,82,83,84,85,86,87,88,89,90,91,92,93,94,95,96,97,98,99,100
89	0.12622361625471323	10,77,18,55
9	0.0708780562150499	13,34,87,86,97,6
90	0.03502898460287319	11,82,14
91	0.07834627995885551	39,29,5
92	0.04372630294680323	9,28,94,34,37,54,48,25,73
93	0.057422116344374885	34
94	0.0930113453433733	49
95	0.0496308873355805	72,98,22,87,85,8
96	0.040601819799812026	99,97,23,1,80,81,32
97	0.07095530253253088	62,38,33,59,14,95,7,16,25
98	0.06956227802323077	22,16,97,64,74,87,94
99	0.054252861977289776	47,84,7,54,33,87,27
