1	0.05648190857099325	98,86
10	0.20805469619279932	53,27,77,97,40
100	0.030300128971127563	69,55,31,17,6,66,15,87
11	0.18622982944214114	8,4
12	0.2332629697400697	18,33
13	0.14117721929225657	77,44,82,23,28
14	0.08011863721894928	47,29,35,34,8,22
15	0.16732208976567997	76
16	0.17708691158994308	79,24,88,3,76,59
17	0.06179111759292398	33,38,21,54,12,58,8
18	0.2804772940261006	19,53,84,26,70,8,90,59,75
19	0.09683841246664168	1,2,3,4,5,6,7,8,9,10,11,12,13,14,15,16,17,18,19,20,21,22,23,24,25,26,27,28,29,30,31,32,33,34,35,36,37,38,39,40,41,42,43,44,45,46,47,48,49,50,51,52,53,54,55,56,57,58,59,60,61,62,63,64,65,66,67,68,69,70,71,72,73,74,75,76,77,78,79,80,81,82,83,84,85,86,87,88,89,90,91,92,93,94,95,96,97,98,99,100
2	0.1272566880117098	54,4,57,34,36
20	0.16034104952872646	2,51,72,36,44
21	0.07041446412812917	78,47,11,83,80,25
22	0.1855030868864101	64,88,12
23	0.1357299149282574	92,8,54,4,89,66
24	0.1355610404326944	7,31,32,42,16,89,35
25	0.2490343387340786	8,75,39
26	0.28132445354257174	36,5
27	0.15711298197224816	74,5,32,41
28	0.12994254863183644	99,52,43
29	0.17328304317795898	91,18,8,34,37,38,80
3	0.23856742794924526	54,39,75,16,11,73,65
30	0.057195231039938677	1,2,3,4,5,6,7,8,9,10,11,12,13,14,15,16,17,18,19,20,21,22,23,24,25,26,27,28,29,30,31,32,33,34,35,36,37,38,39,40,41,42,43,44,45,46,47,48,49,50,51,52,53,54,55,56,57,58,59,60,61,62,63,64,65,66,67,68,69,70,71,72,73,74,75,76,77,78,79,80,81,82,83,84,85,86,87,88,89,90,91,92,93,94,95,96,97,98,99,100
31	0.1310061187110863	88,40,53,13,57,9,41,93
32	0.5137688713894462	71,8,95,48,55,94,81,34
33	0.188845531623709	93,44,42,43,31,17
34	0.36012583711129414	54,88,59,91,12
35	0.0965414759364601	21,65,25,54,56,11,73,4
36	0.227406154897874	1,2,3,4,5,6,7,8,9,10,11,12,13,14,15,16,17,18,19,20,21,22,23,24,25,26,27,28,29,30,31,32,33,34,35,36,37,38,39,40,41,42,43,44,45,46,47,48,49,50,51,52,53,54,55,56,57,58,59,60,61,62,63,64,65,66,67,68,69,70,71,72,73,74,75,76,77,78,79,80,81,82,83,84,85,86,87,88,89,90,91,92,93,94,95,96,97,98,99,100
37	0.07579344864893382	27,26,54,32,36,8
38	0.09736760637563298	55,72,86,39,75
39	0.264708855670951	50
4	0.23557667733332108	32
40	0.17000709313202195	75,84
41	0.3585209195214214	15,89,61
42	0.08695509834278177	4,93,76,86
43	0.1409901908772406	80,82
44	0.21248689728195855	64,98,50,16
45	0.08925494901551492	1,2,3,4,5,6,7,8,9,10,11,12,13,14,15,16,17,18,19,20,21,22,23,24,25,26,27,28,29,30,31,32,33,34,35,36,37,38,39,40,41,42,43,44,45,46,47,48,49,50,51,52,53,54,55,56,57,58,59,60,61,62,63,64,65,66,67,68,69,70,71,72,73,74,75,76,77,78,79,80,81,82,83,84,85,86,87,88,89,90,91,92,93,94,95,96,97,98,99,100
46	0.16234950910567997	30,20,25,59,91,11,62,67,26
47	0.13637003256324615	88
48	0.21602584657101573	41
49	0.42315436990483196	58,89,59,94,41,51,87,85,29
5	0.30549090623591146	27,20,87,49,25
50	0.3411910442425442	80,49,48,47,32
51	0.20012332145867587	54,84,82
52	0.07039325085255636	15,72,24,76
53	0.11239178519189293	8,23,9
54	0.3427464941452572	2,22,59,40,90,95,55,48,77
55	0.29958793490661034	80,91,20,65,66
56	0.05419871842408479	43,66,76,77,38,39,40,67,59
57	0.07835285664685117	1,2,3,4,5,6,7,8,9,10,11,12,13,14,15,16,17,18,19,20,21,22,23,24,25,26,27,28,29,30,31,32,33,34,35,36,37,38,39,40,41,42,43,44,45,46,47,48,49,50,51,52,53,54,55,56,57,58,59,60,61,62,63,64,65,66,67,68,69,70,71,72,73,74,75,76,77,78,79,80,81,82,83,84,85,86,87,88,89,90,91,92,93,94,95,96,97,98,99,100
58	0.3111351862952955	98,99,40,55,35,2,96,12,3
59	0.31410507213267497	3,26
6	0.13624801508032913	74,71,40,56,98,79,22,48,78
60	0.049703257147627855	77,15,96,61,59,25,4,35
61	0.16044251971464904	1,2,3,4,5,6,7,8,9,10,11,12,13,14,15,16,17,18,19,20,21,22,23,24,25,26,27,28,29,30,31,32,33,34,35,36,37,38,39,40,41,42,43,44,45,46,47,48,49,50,51,52,53,54,55,56,57,58,59,60,61,62,63,64,65,66,67,68,69,70,71,72,73,74,75,76,77,78,79,80,81,82,83,84,85,86,87,88,89,90,91,92,93,94,95,96,97,98,99,100
62	0.07929606364367171	73,31,37,62,61,24
63	0.06613907178287783	68
64	0.23268148986958448	39,79,28,31,99,98,93,55
65	0.18913715688589666	1,2,3,4,5,6,7,8,9,10,11,12,13,14,15,16,17,18,19,20,21,22,23,24,25,26,27,28,29,30,31,32,33,34,35,36,37,38,39,40,41,42,43,44,45,46,47,48,49,50,51,52,53,54,55,56,57,58,59,60,61,62,63,64,65,66,67,68,69,70,71,72,73,74,75,76,77,78,79,80,81,82,83,84,85,86,87,88,89,90,91,92,93,94,95,96,97,98,99,100
66	0.11475701472789653	1,2,3,4,5,6,7,8,9,10,11,12,13,14,15,16,17,18,19,20,21,22,23,24,25,26,27,28,29,30,31,32,33,34,35,36,37,38,39,40,41,42,43,44,45,46,47,48,49,50,51,52,53,54,55,56,57,58,59,60,61,62,63,64,65,66,67,68,69,70,71,72,73,74,75,76,77,78,79,80,81,82,83,84,85,86,87,88,89,90,91,92,93,94,95,96,97,98,99,100
67	0.05129117812551087	75,60,99,28,54,26
68	0.11328684404419892	34,31,69,1,80,29,43,60
69	0.09219507665310218	58
7	0.11077451351307303	8,92,97
70	0.08715670619094187	94
71	0.10425147242173631	64,18,43,80
72	0.20137187340164098	81,13,58
73	0.09544650681732013	91,64
74	0.10652362355880336	89
75	0.2741729176067675	45,44,28,41,70,24,83,78,84
76	0.2859253113737358	1,2,3,4,5,6,7,8,9,10,11,12,13,14,15,16,17,18,19,20,21,22,23,24,25,26,27,28,29,30,31,32,33,34,35,36,37,38,39,40,41,42,43,44,45,46,47,48,49,50,51,52,53,54,55,56,57,58,59,60,61,62,63,64,65,66,67,68,69,70,71,72,73,74,75,76,77,78,79,80,81,82,83,84,85,86,87,88,89,90,91,92,93,94,95,96,97,98,99,100
77	0.2703086152562523	87,11,54,77,69,63,58
78	0.08209191752652552	50,93,58,87,57,42,11
79	0.0978219655468836	38,51,58,30,96,69,11,82
8	0.4535303734066835	25,51,9,32,72
80	0.30139123023479397	44,76,92,45,46,59,97,96,94
81	0.1677908927987582	32,46,93,23,5
82	0.22485757176246993	46,6,89
83	0.09078254656075246	10
84	0.24987186526445151	1,2,3,4,5,6,7,8,9,10,11,12,13,14,15,16,17,18,19,20,21,22,23,24,25,26,27,28,29,30,31,32,33,34,35,36,37,38,39,40,41,42,43,44,45,46,47,48,49,50,51,52,53,54,55,56,57,58,59,60,61,62,63,64,65,66,67,68,69,70,71,72,73,74,75,76,77,78,79,80,81,82,83,84,85,86,87,88,89,90,91,92,93,94,95,96,97,98,99,100
85	0.09664645022628462	86,22
86	0.17144422992773228	21,65,24,58,68,83,7
87	0.2842124302134896	44,9,19,26,4,65,12
88	0.32581775042613076	1,2,3,4,5,6,7,8,9,10,11,12,13,14,15,16,17,18,19,20,21,22,23,24,25,26,27,28,29,30,31,32,33,34,35,36,37,38,39,40,41,42,43,44,45,46,47,48,49,50,51,52,53,54,55,56,57,58,59,60,61,62,63,64,65,66,67,68,69,70,71,72,73,74,75,76,77,78,79,80,81,82,83,84,85,86,87,88,89,90,91,92,93,94,95,96,97,98,99,100
89	0.3966714056119479	10,77,18,55
9	0.2143397816598263	13,34,87,86,97,6
90	0.09443713043254018	11,82,14
91	0.2379007021496612	39,29,5
92	0.11593344229594253	9,28,94,34,37,54,48,25,73
93	0.16229968715012721	34
94	0.2855681525001396	49
95	0.14735203397099	72,98,22,87,85,8
96	0.1089985030945126	99,97,23,1,80,81,32
97	0.2082570383919708	62,38,33,59,14,95,7,16,25
98	0.20104742301822245	22,16,97,64,74,87,94
99	0.15070922445417564	47,84,7,54,33,87,27
