1
112
145
1
147
446
336
157
179
68
294
24
442
363
21
168
350
493
52
180
304
99
74
484
1
55
193
83
500
402
211
13
77
368
42
285
154
162
180
320
239
233
227
196
404
55
428
227
47
485
396
238
189
451
482
458
422
119
497
461
387
3
379
404
43
274
310
187
358
449
497
257
52
119
346
273
411
290
9
319
196
445
52
464
429
295
111
132
63
314
410
403
462
357
4
310
367
354
45
289
78
36
339
270
251
468
163
195
212
425
59
98
434
134
402
277
136
278
328
203
161
41
272
193
394
299
428
138
132
314
221
40
129
319
251
285
302
68
19
371
257
247
303
348
57
464
58
405
411
490
161
229
102
475
463
341
418
251
272
432
58
412
340
305
217
279
35
103
294
271
145
244
61
339
188
290
464
447
210
450
49
118
48
430
32
498
186
12
180
411
473
165
277
425
127
201
52
14
376
249
140
1
80
370
228
237
291
21
417
335
475
436
340
370
33
328
320
41
449
183
53
350
332
485
32
93
347
136
101
423
158
351
263
146
91
392
40
229
154
451
146
321
301
339
346
353
208
32
111
349
412
193
186
259
82
290
77
28
224
476
345
31
83
457
19
217
398
444
257
9
36
500
270
151
327
385
191
47
38
71
33
37
221
467
382
428
154
461
384
33
319
143
77
153
288
474
192
217
60
233
443
395
434
322
195
250
27
224
457
295
318
367
29
309
292
98
315
489
196
201
393
285
30
54
469
138
494
102
123
446
81
189
328
96
329
411
347
130
147
64
188
153
124
234
262
245
141
234
487
285
88
478
317
91
343
327
23
344
350
42
173
429
479
391
297
482
340
398
118
19
199
308
478
65
74
29
275
216
342
10
465
417
187
15
359
187
260
128
496
349
219
107
272
141
67
383
257
194
229
344
74
99
79
203
42
205
375
202
66
251
374
385
131
453
420
357
208
487
410
231
192
23
475
266
142
221
76
446
289
420
110
51
156
85
369
281
372
309
309
150
442
209
118
111
259
1
124
439
30
470
327
412
151
365
421
313
332
365
291
463
500
316
350
87
169
32
187
395
161
456
169
346
59
355
435
160
71
114
186
211
150
109
338
105
219
136
432
422
475
82
159
183
386
392
419
195
399
261
243
127
155
174
213
100
422
26
246
202
388
272
446
128
43
284
197
380
370
34
190
338
233
269
309
199
275
155
120
97
283
251
479
3
323
396
104
10
423
113
15
18
158
462
432
12
142
65
435
431
372
242
43
220
393
379
142
313
355
361
81
400
365
329
404
97
303
101
76
352
469
110
24
466
336
426
134
367
434
238
128
373
221
1
448
4
314
193
279
458
378
116
92
158
41
265
404
145
343
204
493
434
262
399
16
268
313
100
255
437
9
358
116
55
4
363
48
398
64
451
456
346
48
216
155
236
76
237
15
162
466
131
66
259
162
196
431
203
230
63
35
83
459
464
265
444
77
407
170
9
61
3
449
26
450
322
173
295
75
147
392
190
189
480
344
191
132
453
192
338
103
349
67
233
159
5
15
97
324
316
287
336
167
51
86
82
191
21
354
102
390
89
103
88
18
25
432
375
257
315
416
82
183
448
497
4
321
415
149
433
176
385
393
171
249
221
287
419
457
411
328
145
100
254
153
417
419
361
447
231
439
448
354
380
165
427
387
102
288
55
419
432
147
146
58
249
104
34
50
142
330
344
449
346
58
149
104
457
188
4
484
323
126
248
496
468
25
172
465
381
209
311
9
290
312
22
152
412
28
374
364
194
304
345
402
128
206
247
443
77
469
296
488
105
122
358
361
181
297
207
367
328
210
151
331
117
484
205
266
228
224
307
11
384
33
86
257
352
294
416
468
484
418
89
230
82
173
356
394
174
48
448
178
482
147
47
332
191
453
77
244
209
499
479
497
324
207
125
104
474
498
419
335
232
137
229
15
2
181
227
281
432
182
49
387
133
496
497
246
211
353
197
178
488
291
405
331
120
282
65
177
461
219
377
367
385
408
316
4
448
486
276
329
63
336
35
257
291
226
409
475
235
56
175
472
67
390
340
218
136
153
399
233
33
402
202
281
220
402
28
83
495
140
288
393
308
416
108
37
274
9
223
467
126
415
183
271
269
119
17
286
463
141
49
325
341
244
156
17
328
399
114
482
86
352
138
451
66
443
334
239
172
450
455
382
152
3
16
388
293
167
38
69
315
123
87
426
366
242
195
397
420
40
480
441
355
350
458
424
157
203
128
254
38
372
354
243
406
243
436
252
20
16
416
110
365
171
353
390
142
201
483
59
181
405
414
431
112
255
63
172
285
413
493
351
260
458
401
387
95
51
148
79
312
253
313
128
237
112
479
10
265
314
78
410
374
399
46
132
113
193
238
80
129
204
35
225
13
442
450
46
334
85
245
44
344
133
178
426
411
266
400
456
87
188
11
131
20
377
413
486
400
186
26
379
85
166
162
14
459
420
339
21
335
202
237
365
389
158
465
145
45
386
238
408
428
370
107
396
489
99
131
59
138
331
65
357
219
384
32
102
349
254
362
430
272
123
28
358
124
96
341
345
198
347
386
214
246
194
115
59
394
443
226
355
241
86
188
290
258
138
288
23
267
68
195
81
148
297
290
64
13
206
115
47
256
494
304
67
130
376
463
299
425
149
5
486
92
209
17
26
344
285
90
386
286
123
143
307
228
376
216
438
173
47
413
136
144
127
143
59
35
429
142
314
442
403
430
3
341
409
147
254
189
426
162
305
79
476
106
16
128
309
314
274
452
378
245
497
343
409
456
122
244
305
17
157
370
442
163
302
318
238
129
208
375
314
277
290
236
391
468
47
317
90
467
346
135
226
107
418
14
99
17
449
46
29
35
285
232
421
243
142
160
122
219
350
183
492
471
228
191
141
343
27
338
135
188
159
266
76
118
451
248
345
367
407
413
61
273
320
388
354
499
118
286
25
179
343
468
453
68
112
401
142
87
166
454
112
442
224
225
145
433
287
133
308
222
31
311
376
364
278
229
442
371
372
303
106
308
161
409
371
213
422
352
99
407
319
335
236
260
58
379
162
38
124
169
156
34
133
46
71
270
280
186
275
266
228
180
118
179
385
177
454
491
289
397
168
207
73
339
163
45
271
312
480
429
240
388
289
41
186
197
336
190
200
437
431
30
25
139
394
388
428
450
111
245
198
164
178
98
446
230
291
58
116
442
120
50
220
163
58
324
45
339
305
312
134
457
439
280
238
102
119
179
378
57
366
301
321
288
296
172
109
428
340
92
375
450
247
343
477
426
167
384
167
74
191
206
192
225
43
340
354
95
171
311
173
96
454
320
498
213
47
56
65
97
329
324
439
440
393
289
213
367
138
148
305
299
196
158
488
251
195
430
388
59
191
394
433
409
114
72
193
196
293
303
24
324
155
441
217
490
458
251
400
250
445
382
363
382
30
62
72
361
396
321
334
273
271
406
225
111
157
156
57
358
46
357
48
346
455
103
105
240
220
493
446
369
430
348
464
454
116
420
401
316
271
404
395
327
129
221
88
344
486
210
122
116
129
193
175
439
451
67
498
453
127
233
488
79
497
126
22
388
148
102
495
453
280
480
328
49
187
214
161
405
126
295
404
404
116
128
106
460
439
284
382
141
373
277
213
75
221
271
27
246
400
98
343
451
50
356
482
19
371
497
268
480
224
254
324
234
59
471
332
128
470
204
196
284
317
271
170
406
29
36
30
10
71
487
467
256
449
428
261
88
342
206
361
184
474
29
187
475
298
184
107
67
422
226
126
86
329
295
357
373
441
170
303
313
235
239
452
418
24
441
15
14
280
180
469
89
463
235
81
94
481
103
203
46
306
304
477
13
160
487
40
500
420
471
137
161
94
410
341
453
37
60
186
183
459
349
412
81
279
330
284
400
340
488
273
457
304
310
489
97
207
486
437
282
310
49
488
91
496
105
118
145
66
370
77
461
480
36
302
316
89
455
379
130
252
371
384
92
148
239
97
266
350
313
28
187
4
70
233
274
430
183
152
228
55
342
92
138
222
262
166
299
298
496
212
265
26
492
453
112
390
274
306
382
44
262
40
77
128
459
318
210
123
450
72
139
49
261
205
370
322
477
373
104
270
288
6
412
451
408
392
103
279
263
288
104
156
277
280
65
456
142
217
196
147
215
105
350
92
2
357
195
36
476
397
416
223
283
257
341
457
421
417
145
271
215
71
174
284
350
410
95
186
473
49
271
94
215
107
225
47
225
406
22
361
66
430
337
94
218
230
128
163
232
270
480
339
261
464
32
305
203
226
332
161
120
44
215
130
148
363
75
265
12
368
44
210
451
314
3
288
210
247
495
90
195
289
467
181
161
131
376
375
39
335
388
298
418
318
240
318
90
368
226
128
212
392
87
60
387
493
21
361
345
259
469
118
423
30
307
183
483
78
466
395
4
125
310
414
143
260
24
386
388
159
500
242
354
447
412
162
244
46
481
365
236
320
356
437
292
258
293
156
312
498
41
236
233
298
98
453
287
489
363
90
150
378
449
286
104
196
161
262
475
456
114
142
335
109
460
283
152
419
450
463
345
155
335
314
290
392
362
11
230
60
92
66
462
392
237
103
82
248
155
459
168
52
308
73
233
144
438
425
206
323
2
496
116
428
37
116
92
68
339
271
17
495
179
1
427
296
346
312
405
291
114
284
440
104
204
353
299
317
306
363
131
257
246
97
336
427
331
57
444
405
269
377
252
39
10
288
153
370
410
7
315
465
336
344
207
222
11
73
134
118
32
382
481
394
458
47
37
350
461
459
104
360
343
54
265
124
255
446
171
145
338
80
55
347
322
326
96
296
257
154
388
250
467
310
226
408
241
28
419
70
309
51
479
200
343
411
169
200
269
312
342
342
295
462
118
281
252
39
8
36
500
266
192
412
290
387
80
279
464
289
335
482
130
18
149
20
447
239
180
147
166
294
99
182
111
430
147
378
189
349
324
29
80
277
433
365
112
128
291
375
332
5
223
212
234
72
416
14
361
442
114
398
80
178
266
55
144
106
400
363
34
19
196
467
420
225
189
276
147
78
366
318
179
56
122
166
396
493
258
497
248
10
428
136
304
148
449
105
130
223
40
454
195
451
489
257
234
476
403
262
273
341
388
160
168
261
164
346
190
100
203
108
452
17
285
189
410
335
493
498
371
468
130
372
148
488
43
379
124
25
157
24
283
89
53
105
334
42
305
148
380
291
281
441
136
397
454
24
239
387
365
37
18
276
500
273
489
288
143
172
414
260
335
42
317
500
464
48
283
189
64
418
375
456
187
249
363
320
492
25
186
306
429
267
136
242
32
115
266
174
138
58
187
430
126
312
280
4
390
456
260
199
235
367
414
164
64
324
223
8
217
289
335
304
2
3
329
444
371
340
32
190
42
462
296
455
63
98
355
195
329
284
327
149
74
2
172
284
290
359
282
496
443
353
244
435
344
238
368
60
391
117
74
431
213
440
184
220
472
3
409
464
355
298
393
127
240
341
317
445
359
297
167
107
379
253
231
493
53
260
421
112
463
51
100
10
37
112
440
33
426
278
48
47
346
21
478
396
248
395
54
321
190
209
349
443
391
300
413
1
18
444
313
4
81
209
248
237
192
180
94
499
490
28
33
414
281
154
420
437
365
451
489
166
133
434
358
326
234
32
18
122
430
497
419
230
462
157
48
256
380
37
243
290
473
251
25
403
349
298
336
6
328
389
438
318
212
193
274
330
500
265
76
94
194
268
252
167
493
95
173
57
203
470
314
70
7
193
12
334
243
436
386
430
450
310
32
91
457
318
34
350
29
420
461
320
292
431
395
247
12
204
3
418
304
418
336
261
433
361
490
13
195
406
96
368
427
469
64
351
449
444
180
82
66
430
305
216
371
266
405
205
26
288
206
268
351
460
100
173
161
151
400
31
51
89
426
44
201
54
435
165
187
368
311
232
466
406
320
378
278
489
51
296
482
209
187
34
111
492
185
291
35
332
309
292
6
428
253
219
62
101
493
215
312
121
452
330
383
389
60
59
188
155
384
297
268
184
117
468
267
279
181
433
381
22
51
170
342
162
295
455
500
11
103
395
66
180
369
468
94
460
38
422
220
341
43
287
325
252
116
22
225
470
403
136
170
178
438
44
252
410
428
462
297
402
402
209
91
107
360
145
38
336
272
224
168
383
139
120
212
285
185
8
194
491
454
333
20
126
162
334
22
71
86
383
131
184
76
320
211
19
180
459
336
240
173
372
42
358
5
480
166
321
20
244
419
442
445
65
315
105
44
433
17
333
385
414
459
279
78
274
336
190
249
288
483
295
195
392
162
18
162
100
439
44
393
384
232
277
263
270
12
184
338
30
186
303
102
205
338
282
156
357
334
340
201
400
437
315
6
269
384
223
338
307
126
130
414
61
75
257
202
329
323
442
378
304
122
248
27
235
411
323
303
105
50
377
89
337
475
312
105
71
402
135
22
180
416
143
158
119
18
152
329
94
136
446
294
304
116
208
302
439
323
68
94
463
322
20
118
355
370
222
259
292
196
247
209
37
83
19
190
451
290
456
87
112
355
491
100
222
406
31
68
363
192
324
84
199
343
312
489
302
132
323
137
98
224
278
51
76
241
342
207
234
189
320
249
427
343
68
376
405
452
43
101
401
248
440
91
414
449
358
475
398
411
242
168
258
115
303
354
7
445
461
179
193
233
439
485
428
331
437
324
284
14
132
263
284
194
131
388
181
434
149
151
64
479
77
373
33
491
38
88
369
445
90
342
195
308
476
398
417
261
34
270
174
25
444
315
274
277
254
406
80
307
397
70
479
344
404
308
424
130
84
339
301
126
250
60
108
399
184
165
357
13
499
420
93
427
100
153
417
375
273
376
265
358
485
43
185
290
351
39
492
220
16
123
96
13
308
295
219
160
86
257
18
201
424
293
435
285
484
479
151
119
446
326
374
2
286
200
331
309
485
170
58
182
486
127
481
90
35
337
202
183
427
489
265
469
334
180
20
296
443
209
290
198
213
412
443
273
292
341
306
107
478
196
6
139
284
189
332
341
438
6
148
27
465
368
314
299
92
483
422
388
51
499
208
335
258
479
101
188
343
113
258
173
303
44
179
106
334
487
442
254
212
126
136
490
306
47
234
139
428
160
438
80
193
193
10
141
444
270
481
243
323
262
149
48
324
23
83
190
33
135
328
153
71
37
26
154
191
216
350
170
341
500
447
182
14
260
165
46
475
90
131
91
366
327
250
264
112
7
292
152
309
201
327
74
366
324
393
387
411
260
360
71
236
438
322
324
72
303
286
205
423
478
19
302
479
11
397
238
407
299
324
304
410
121
397
365
231
473
111
477
40
478
136
74
480
373
32
402
238
23
217
186
212
188
496
212
99
401
461
336
218
229
414
461
85
117
241
366
358
168
35
37
271
307
259
125
313
397
172
103
437
62
134
167
65
45
366
47
37
76
45
153
344
269
22
19
330
81
296
430
418
123
129
154
385
327
273
476
60
266
376
233
228
128
199
343
324
360
163
97
41
235
375
406
247
167
373
487
396
435
71
298
27
31
328
393
182
384
136
24
220
77
490
174
138
360
215
68
82
42
434
347
62
213
436
4
33
71
47
44
168
221
254
228
281
76
251
18
94
445
204
336
307
73
6
356
492
331
28
451
80
77
39
370
277
477
271
16
333
49
365
309
374
136
230
292
144
16
407
470
131
202
246
300
85
17
181
412
454
252
463
351
317
458
221
169
263
44
471
110
114
332
281
68
269
209
33
392
52
91
414
294
110
242
273
392
406
90
367
489
402
223
303
243
350
491
486
444
127
437
140
54
229
114
319
346
30
126
217
244
29
313
244
116
436
280
265
103
14
46
86
433
19
496
46
382
83
343
190
229
179
497
135
118
77
218
27
444
242
216
480
462
475
275
437
267
1
491
377
277
196
244
446
349
62
359
469
250
81
382
102
327
128
17
447
231
291
85
264
371
425
208
266
445
7
345
125
26
86
442
80
245
39
54
17
489
248
209
133
188
456
242
344
24
54
80
453
270
411
345
151
359
317
97
476
180
219
126
341
428
467
174
297
260
295
146
263
90
222
373
5
11
343
57
296
427
345
11
137
481
152
392
287
290
33
318
276
400
478
305
248
145
110
210
401
128
12
178
240
360
216
46
381
148
407
392
98
296
329
38
467
193
382
486
123
179
321
323
124
305
212
489
20
484
461
465
36
458
317
407
458
319
21
19
183
296
246
249
280
270
250
115
263
250
24
148
377
146
104
410
381
272
224
134
498
347
210
401
445
1
431
218
126
352
9
142
85
78
177
191
408
393
86
159
462
49
120
166
162
10
331
276
125
14
396
274
390
229
258
408
367
378
178
367
409
440
125
215
375
444
340
167
292
173
186
8
108
12
324
187
66
5
155
144
461
270
185
331
472
231
350
218
402
4
161
325
380
137
9
110
397
320
224
442
135
369
491
150
377
30
75
290
15
93
247
495
59
402
272
204
80
391
386
94
336
140
44
296
152
197
364
29
478
183
330
421
226
363
398
315
76
234
196
236
232
275
328
318
17
7
470
281
347
480
245
162
231
133
163
424
236
132
198
442
427
429
51
265
78
121
190
99
344
298
64
403
183
22
277
188
73
420
115
69
411
248
464
46
204
332
105
181
309
219
53
424
230
356
427
402
444
284
484
341
106
447
282
145
241
166
147
418
245
458
273
118
49
130
26
57
302
408
25
40
34
54
115
187
118
420
360
395
232
426
207
277
161
98
274
392
470
228
366
350
207
346
388
207
395
395
401
334
6
379
55
347
61
87
208
443
455
440
65
18
122
11
335
370
415
303
350
491
109
150
98
462
132
184
355
421
360
94
496
157
361
148
427
26
324
59
250
91
57
381
42
151
167
470
319
470
257
245
88
361
68
344
379
322
37
432
421
458
101
395
445
354
94
188
32
55
387
150
447
414
355
174
375
164
161
139
271
147
351
481
428
114
452
500
380
438
95
477
16
454
234
192
281
72
41
157
211
467
489
69
320
1
99
244
295
338
489
35
27
17
35
60
409
431
45
30
105
231
183
447
11
208
210
214
116
151
476
406
30
444
426
483
498
190
235
385
164
500
483
378
260
130
488
322
293
54
418
176
231
431
224
227
285
381
335
28
343
168
449
75
197
270
81
244
483
391
204
150
121
254
487
256
491
268
388
325
40
321
142
208
131
409
4
213
394
114
399
219
315
428
225
316
475
367
299
136
256
238
402
378
321
188
167
300
450
198
247
411
247
275
12
171
123
466
121
99
83
53
461
374
111
295
228
83
248
118
424
224
434
26
420
105
174
208
447
497
333
314
360
9
147
326
381
203
234
70
44
360
266
305
258
343
483
303
487
102
86
73
54
99
84
40
270
283
420
77
463
396
331
236
125
5
450
431
222
121
78
130
238
185
10
328
277
213
401
93
45
91
389
468
363
311
386
382
194
438
187
215
59
466
385
90
250
105
479
411
351
160
51
115
348
332
193
112
466
135
316
397
161
118
286
324
239
115
455
43
289
473
172
113
307
210
482
239
150
190
406
24
75
101
3
193
235
73
81
50
289
107
139
281
91
451
290
230
236
482
2
220
174
170
202
77
471
83
91
330
255
326
272
457
398
253
492
302
33
282
332
466
66
254
386
494
10
382
71
242
458
255
264
48
400
112
214
265
44
347
232
186
136
106
334
214
239
61
418
359
247
467
299
219
109
135
422
25
490
418
400
435
490
353
489
447
213
119
154
149
232
301
365
371
410
470
255
431
481
286
485
434
164
465
309
118
11
252
350
174
466
377
49
87
460
56
140
380
134
309
290
255
109
469
127
309
476
175
194
272
126
349
4
6
485
274
315
488
353
129
197
53
327
61
248
465
74
33
455
271
215
312
163
187
289
299
246
429
333
77
14
100
324
100
152
413
159
270
69
460
314
434
309
329
498
264
280
396
188
338
297
23
167
175
381
40
151
290
75
268
59
291
351
420
295
413
492
94
233
300
495
92
391
52
192
291
83
20
467
59
130
351
394
144
374
180
105
363
398
500
104
332
253
464
193
308
417
440
208
333
326
277
480
342
470
370
237
146
316
84
6
326
330
480
232
223
61
123
239
96
456
36
6
458
57
409
161
489
12
15
300
254
61
299
147
297
279
334
226
452
1
269
173
173
125
70
296
405
424
481
39
293
198
369
440
17
20
341
95
114
36
194
122
144
419
298
196
364
155
78
481
432
493
50
329
104
186
499
486
142
207
492
173
75
459
288
477
316
240
410
450
288
10
50
388
391
375
422
319
243
58
190
26
159
412
372
255
179
465
180
57
32
55
444
94
103
371
67
237
152
379
297
236
391
500
239
226
289
404
169
191
457
396
57
339
66
62
64
394
172
490
483
363
452
174
437
359
301
229
418
215
98
34
252
409
276
128
188
128
213
214
461
14
41
74
368
283
315
199
269
295
38
335
138
182
231
89
385
173
175
144
30
283
148
95
370
290
202
241
408
37
377
12
60
490
136
337
396
364
161
426
70
136
64
4
481
437
193
461
82
375
461
341
18
486
293
106
104
142
473
260
465
432
15
150
472
55
128
480
312
261
366
37
311
208
275
324
12
222
52
264
163
434
479
499
36
481
276
128
299
174
48
187
208
65
375
475
65
74
347
230
426
283
379
355
157
477
424
4
387
442
42
156
264
182
255
130
124
255
387
169
388
412
178
384
273
474
18
102
329
412
121
474
406
208
134
489
335
484
145
308
442
281
234
184
27
453
84
114
253
142
318
277
163
223
50
284
361
41
194
382
396
235
434
294
140
95
141
246
5
316
262
3
35
39
73
451
438
494
333
40
434
126
271
428
460
81
167
124
474
60
364
110
411
446
385
417
368
62
208
413
447
374
97
101
463
41
497
154
453
112
238
277
129
354
284
459
225
62
28
41
96
104
86
5
341
268
256
398
460
150
263
237
433
9
85
330
374
246
4
108
275
179
432
465
443
332
491
313
87
48
205
203
262
406
167
478
247
150
464
67
298
395
162
184
138
69
124
43
15
459
220
301
153
23
235
398
146
84
78
318
309
204
366
152
161
499
37
455
438
248
450
452
157
394
52
469
234
261
171
304
36
111
3
373
61
377
345
16
393
311
15
379
84
84
162
366
108
137
408
167
377
420
451
225
438
72
179
250
18
45
85
365
336
202
103
456
39
162
315
481
32
136
6
140
475
363
469
497
63
250
57
30
300
238
287
451
290
254
401
83
229
347
123
401
10
359
407
27
500
180
34
247
413
192
64
262
96
185
206
95
325
385
195
57
382
439
280
302
490
276
23
118
217
205
198
172
269
263
301
411
78
310
260
478
389
308
59
427
463
66
96
424
20
303
100
484
425
410
499
296
324
370
65
12
384
114
485
10
106
17
420
427
86
264
25
336
303
430
249
468
191
185
178
110
496
254
415
114
171
165
362
276
206
212
166
404
467
197
202
18
479
207
485
271
248
395
246
111
462
102
490
36
497
145
417
259
133
433
345
63
263
363
445
409
94
79
335
494
253
153
273
391
325
99
94
194
59
41
400
392
190
25
341
13
125
495
213
193
468
407
270
395
351
189
477
373
497
338
361
244
227
352
335
435
416
38
367
434
204
96
128
322
495
68
329
84
280
413
160
410
171
337
344
239
341
260
201
426
254
261
237
45
359
271
453
437
85
111
246
208
96
183
110
85
93
193
24
42
135
320
384
122
232
255
339
86
248
224
249
399
87
356
390
17
197
60
384
246
495
191
475
26
311
336
467
299
252
82
50
193
134
477
191
405
109
449
385
454
253
394
252
324
153
94
250
213
432
329
223
259
241
224
75
104
207
75
186
480
305
369
149
194
20
452
160
94
217
39
374
330
162
497
321
398
299
120
75
461
82
395
474
422
247
440
23
378
23
158
145
440
397
39
437
496
405
168
167
340
252
42
348
58
364
488
297
123
346
275
225
173
250
345
435
231
443
414
266
188
480
281
178
209
293
444
349
201
456
61
216
404
443
34
360
432
147
145
311
466
246
160
134
306
14
237
35
14
483
350
185
200
70
45
280
151
85
463
393
23
255
160
105
409
117
428
322
363
446
135
178
142
189
360
403
431
428
240
38
278
147
145
148
30
149
270
460
418
124
27
327
170
436
377
250
241
382
273
162
499
155
358
110
372
123
427
75
413
441
423
16
335
462
427
483
410
72
279
461
67
468
70
260
269
441
256
51
123
88
479
267
219
231
10
24
131
291
405
51
102
187
488
256
273
276
22
500
92
177
264
484
329
145
383
487
256
199
386
312
35
429
30
353
466
289
448
336
353
335
12
271
101
192
213
72
308
425
410
342
413
157
295
252
154
197
187
59
287
130
498
481
314
6
427
456
417
354
493
19
226
458
246
491
41
350
124
462
7
481
163
164
114
62
276
415
10
49
298
352
244
178
70
410
391
301
446
434
251
153
492
165
94
162
279
251
420
186
25
432
499
492
205
45
357
31
14
404
87
392
100
396
136
120
423
395
129
4
438
372
214
435
50
487
493
130
310
244
366
211
336
421
311
140
85
470
437
333
232
43
120
108
460
454
118
350
92
138
344
355
273
278
49
300
375
347
393
246
7
500
175
354
474
192
457
492
486
488
276
35
459
281
50
140
81
103
433
393
308
329
239
81
303
63
373
439
201
22
167
219
114
122
469
172
362
358
4
407
174
301
207
243
171
489
118
449
481
455
46
484
156
364
313
87
150
32
103
392
233
242
376
371
372
292
34
240
37
440
409
294
52
500
156
208
166
449
204
10
434
138
482
50
197
432
413
369
171
153
280
203
308
175
367
237
301
180
7
175
271
75
95
447
207
486
212
412
428
166
32
81
140
63
450
82
499
137
30
246
290
325
332
253
473
187
110
203
387
367
88
278
32
242
485
119
465
154
196
274
487
490
21
242
354
193
363
56
9
178
28
215
272
392
300
390
129
490
59
297
275
92
56
336
242
89
284
430
299
157
284
483
255
192
335
50
30
475
403
360
257
406
310
162
134
232
216
81
35
26
180
60
107
223
152
302
486
464
362
250
172
208
322
406
370
197
465
59
117
52
269
165
103
460
180
405
65
483
46
314
445
18
430
141
12
163
377
94
251
324
222
96
360
103
20
461
276
432
409
181
184
8
24
257
436
333
96
486
457
349
337
242
358
25
376
186
414
406
210
291
402
241
39
242
348
85
193
9
495
167
233
182
109
310
17
258
259
90
35
93
444
378
302
490
178
60
460
330
418
174
296
458
162
420
20
435
457
22
423
426
234
153
58
119
369
281
436
222
433
354
325
243
165
171
1
415
229
431
322
182
4
468
165
192
355
276
14
407
482
115
223
288
60
448
354
188
492
11
345
382
188
235
131
481
362
219
347
169
57
498
414
350
233
62
161
438
288
486
243
49
412
105
77
153
460
130
268
30
35
497
78
282
238
407
115
212
497
22
338
156
231
44
29
488
399
18
359
288
267
113
367
401
355
67
408
420
199
388
196
68
319
127
442
193
239
194
20
376
184
493
393
204
24
319
224
333
292
47
273
154
457
377
187
57
423
459
240
153
224
82
130
408
87
137
199
93
479
433
279
325
96
484
278
165
62
244
294
476
62
188
133
488
249
199
68
311
363
181
344
325
490
218
469
156
122
377
227
402
308
189
306
315
374
265
143
326
367
59
129
26
78
411
128
13
234
69
243
371
28
80
122
225
483
292
408
456
417
236
409
186
33
183
477
269
231
212
372
496
235
421
246
134
309
370
196
60
133
185
205
141
423
22
456
190
5
487
499
24
197
230
10
50
469
311
104
320
42
374
51
16
499
55
462
227
47
191
228
115
57
139
457
330
350
170
457
458
484
95
214
264
179
453
116
155
97
147
181
247
408
253
186
325
427
232
10
309
464
466
494
478
403
368
37
420
56
288
213
243
2
421
322
294
189
203
29
70
224
451
276
125
87
323
211
459
48
75
380
117
90
422
176
449
121
389
88
47
72
65
317
380
163
352
68
72
46
429
299
233
445
448
99
55
326
328
302
451
421
303
260
57
184
375
190
74
244
327
60
112
21
371
41
159
8
87
428
353
89
5
166
469
495
448
279
124
385
130
297
332
27
288
109
10
69
348
197
157
216
26
373
442
26
101
362
203
13
6
379
405
491
33
170
291
41
321
312
27
371
217
273
364
204
21
464
169
494
6
93
162
372
184
132
343
427
242
466
7
255
351
101
219
268
239
85
133
357
299
287
227
338
46
254
94
105
284
312
498
224
500
101
102
38
249
230
451
437
382
202
498
124
145
187
81
355
303
137
447
466
8
433
125
416
214
429
197
145
127
397
272
347
124
288
153
298
168
454
358
185
169
252
84
134
109
309
306
391
461
477
135
489
159
330
258
267
255
246
36
80
422
318
140
302
100
58
217
186
241
344
71
316
274
102
114
248
329
202
143
160
39
17
84
379
84
228
178
304
343
336
283
458
42
486
365
272
306
203
391
259
33
36
403
498
202
390
410
212
52
197
197
466
120
117
229
459
78
481
276
134
314
197
137
208
181
98
255
180
312
180
368
486
367
285
271
77
452
405
82
479
482
80
44
262
193
404
400
229
388
428
199
159
299
47
174
487
149
270
423
260
317
69
490
430
475
384
125
31
448
211
427
308
254
157
197
228
295
112
249
309
223
318
247
348
129
464
437
379
47
172
225
137
218
274
362
377
347
215
375
43
455
379
419
494
464
340
181
395
463
329
96
339
83
325
220
43
48
173
131
274
426
441
288
158
392
190
229
236
365
219
108
152
229
447
142
31
51
253
153
474
244
17
212
416
381
480
321
368
241
427
313
467
7
47
20
469
448
26
167
433
271
23
101
217
316
174
75
142
382
374
445
363
258
471
386
18
36
300
421
291
147
490
89
464
168
60
19
390
429
89
161
458
299
111
268
433
375
317
449
196
378
91
255
477
131
301
458
448
447
20
319
359
80
263
152
3
454
17
256
75
47
208
192
83
84
383
193
351
363
98
149
168
84
321
266
173
270
474
278
139
457
461
298
106
419
61
136
59
250
113
290
312
99
191
203
295
25
140
230
291
388
25
298
80
382
95
85
165
284
270
386
258
378
310
428
118
120
3
26
314
476
71
187
457
134
50
500
210
105
486
55
150
434
487
124
40
235
106
323
50
264
113
202
33
163
287
115
100
413
413
232
96
500
88
130
430
467
305
150
214
221
192
470
401
341
226
44
328
414
443
406
341
337
227
83
487
464
451
447
130
262
109
114
481
427
100
343
217
215
16
138
366
393
390
318
70
110
2
331
120
350
314
218
10
178
14
243
437
173
155
410
391
290
459
152
269
176
216
207
24
336
148
94
484
325
39
1
298
497
5
331
103
100
335
427
427
385
371
355
105
68
54
396
269
23
44
411
4
466
15
244
478
238
209
410
489
146
397
399
210
275
439
274
392
124
240
322
415
248
445
308
226
350
145
223
33
104
90
480
194
67
391
12
143
13
434
38
227
356
150
242
186
275
51
54
378
356
274
194
293
125
324
303
145
43
81
476
409
471
331
320
307
225
42
47
65
254
320
454
334
232
46
234
393
371
244
55
160
310
159
62
262
471
338
322
466
148
122
98
114
27
37
450
342
87
403
435
323
459
290
387
485
236
247
329
263
2
453
494
186
270
115
218
361
191
110
225
64
141
320
61
297
165
189
291
442
160
169
57
485
4
264
14
91
23
268
240
393
128
293
362
94
55
456
214
219
87
401
454
205
113
397
136
473
32
299
416
342
29
167
394
220
130
190
186
452
453
205
89
305
27
187
80
448
218
4
222
488
85
299
425
12
428
327
257
189
411
355
40
239
394
216
363
290
473
183
188
231
299
71
363
356
198
481
202
26
216
128
296
110
48
212
352
22
424
335
333
173
80
82
371
205
284
110
235
498
294
383
377
242
471
134
16
165
82
386
401
52
353
257
370
374
488
247
411
383
483
41
437
40
328
50
141
119
266
242
462
380
93
451
118
339
397
393
345
232
11
85
301
461
395
98
346
484
177
133
488
49
73
490
494
191
487
464
78
150
78
481
345
435
476
146
438
329
353
353
2
212
49
499
408
37
204
408
392
22
353
437
321
462
39
143
347
201
71
125
420
368
293
474
104
245
54
293
393
15
127
107
30
228
434
29
329
71
489
70
399
473
371
15
236
483
407
72
388
215
89
469
189
201
97
14
120
279
367
100
267
76
430
471
284
263
161
270
497
377
11
474
207
318
396
500
128
323
429
83
377
389
269
208
481
376
14
324
8
459
55
305
28
415
313
293
177
99
77
374
111
400
244
276
452
311
53
339
388
306
470
253
330
266
24
472
112
237
33
349
164
236
488
84
251
500
17
389
342
367
69
382
200
108
440
58
421
279
359
175
254
432
434
29
10
119
111
221
464
406
11
60
207
139
254
411
46
204
389
145
379
213
248
218
94
175
312
263
235
244
355
75
389
178
193
58
330
332
407
452
55
306
422
464
231
157
418
395
390
177
156
91
51
185
233
424
454
121
74
150
188
415
178
265
49
494
145
335
399
136
226
485
374
264
243
290
358
16
274
266
91
361
20
216
411
74
118
381
308
463
266
208
317
448
124
373
429
273
261
30
476
312
363
103
10
8
252
243
390
269
14
206
435
479
109
69
280
406
148
385
121
189
293
31
217
500
244
115
411
483
372
428
136
400
438
31
212
455
362
120
298
132
273
100
95
356
267
286
307
264
133
25
169
327
10
172
108
315
147
276
169
246
376
218
38
469
178
158
338
241
354
309
496
164
439
332
423
349
64
202
205
82
312
473
203
239
391
188
356
306
242
105
360
63
200
492
179
307
487
230
62
243
23
176
368
427
442
388
136
289
34
110
36
24
315
194
17
354
220
309
66
87
169
350
18
267
360
318
186
97
167
296
175
26
440
230
499
240
130
239
119
90
273
94
421
300
209
342
349
473
421
204
443
340
82
6
72
365
432
495
378
385
14
41
110
335
371
312
272
380
336
138
462
58
342
432
245
500
279
471
197
467
3
195
277
453
297
294
153
170
156
378
335
198
111
456
99
234
202
364
310
359
296
76
143
60
127
431
17
49
409
97
406
362
38
304
419
364
453
103
457
469
254
15
273
357
409
265
422
387
282
183
239
353
297
484
131
280
96
33
173
78
18
140
185
287
491
387
210
38
80
263
72
254
265
61
59
213
30
352
108
237
56
234
171
410
405
379
157
316
417
49
384
156
348
170
127
411
223
262
294
243
485
223
26
146
130
321
292
438
470
124
191
215
66
395
362
96
66
201
304
440
402
36
304
266
154
457
429
264
477
14
142
361
80
85
277
361
156
90
210
276
333
491
106
139
258
211
240
107
72
300
225
447
224
68
95
61
88
186
130
333
494
71
242
288
217
332
235
192
16
101
273
420
457
125
318
476
375
482
238
96
251
291
220
321
185
144
459
209
237
242
236
63
409
300
129
115
339
255
274
353
1
308
71
394
260
336
22
170
225
12
194
193
455
248
35
144
362
320
138
232
444
388
478
99
380
73
454
297
441
186
145
139
278
302
43
419
136
292
35
402
397
325
153
89
53
283
440
230
375
230
154
111
194
434
189
369
37
411
330
318
41
141
347
376
487
193
332
186
11
193
404
323
225
225
85
160
490
315
77
364
488
108
298
76
479
366
419
336
446
3
140
307
181
326
261
231
232
26
298
23
261
288
109
318
150
128
415
401
457
262
190
213
481
34
370
226
255
427
456
400
204
488
11
429
264
156
414
171
413
460
36
189
190
184
378
333
347
326
77
425
71
395
340
401
177
182
268
54
408
50
380
215
330
257
315
238
333
328
434
377
352
331
476
103
40
116
240
24
221
399
167
226
289
295
482
54
33
125
223
120
263
204
500
280
334
136
331
430
483
484
161
400
406
123
349
115
76
444
98
318
83
127
197
495
344
350
457
472
476
440
223
264
102
181
78
234
379
165
366
2
207
186
334
235
125
127
463
280
208
364
198
287
308
229
235
158
108
336
223
195
316
409
337
447
87
380
139
393
436
16
352
297
266
92
391
272
120
332
418
483
416
228
363
319
72
29
187
235
227
321
112
138
85
454
464
296
149
482
449
63
33
98
326
392
228
84
431
479
374
65
413
127
48
356
402
483
247
76
140
151
298
277
45
173
61
120
6
242
105
389
441
426
190
317
97
79
233
412
155
165
182
146
199
425
273
252
231
357
467
339
462
429
397
348
66
187
102
79
186
243
126
401
495
337
400
99
397
471
367
193
177
327
346
143
52
180
52
447
179
28
395
459
300
366
68
294
484
256
34
117
333
180
31
11
23
328
282
132
474
493
388
336
6
376
488
18
339
411
458
99
444
415
22
219
353
173
275
122
38
20
426
21
437
281
178
1
297
499
91
301
351
459
276
179
322
91
108
3
454
392
34
284
33
338
446
204
98
287
314
313
169
218
466
188
106
57
90
103
484
291
52
82
420
231
3
156
44
402
308
383
320
355
252
243
411
404
466
471
215
102
272
352
412
190
188
299
398
430
27
227
193
399
75
8
481
484
94
462
281
380
82
383
214
37
130
196
274
149
218
427
31
423
410
383
417
378
371
391
118
144
138
192
270
481
40
81
251
59
237
345
360
220
121
455
68
396
353
419
62
106
28
333
383
424
186
157
247
278
74
412
85
122
216
286
42
451
374
355
204
96
212
437
290
463
459
166
82
292
401
430
48
63
327
334
485
446
403
408
161
178
295
342
30
286
464
319
219
355
488
460
315
389
326
201
479
10
47
66
262
252
184
219
478
497
433
65
32
105
114
5
388
283
108
14
113
258
344
452
460
144
452
418
199
155
225
282
106
103
229
15
493
242
373
450
435
126
179
133
294
81
500
130
403
7
143
386
435
430
366
378
85
369
367
249
178
278
433
6
489
21
495
26
216
383
155
448
43
455
96
50
373
284
132
139
190
280
134
338
87
194
55
260
457
117
22
58
59
280
159
438
97
160
373
466
387
439
252
392
167
240
463
349
119
444
51
138
86
100
130
403
40
261
494
230
353
320
252
90
124
157
356
120
34
106
408
26
413
401
393
367
426
75
153
497
15
207
474
210
288
472
354
398
413
433
198
312
308
419
21
246
302
119
258
360
267
447
74
99
362
291
467
412
230
5
198
139
479
267
246
336
94
393
362
324
360
451
177
489
259
419
112
199
201
331
278
329
478
444
25
287
410
329
78
228
442
196
456
371
463
222
448
317
213
430
219
168
373
401
227
135
313
257
39
275
283
57
479
450
132
329
420
73
163
414
146
307
351
61
118
92
141
4
476
275
266
409
223
81
257
429
454
307
196
401
221
497
106
237
138
228
125
315
216
287
191
428
168
180
397
128
226
357
420
169
30
115
37
193
407
399
264
78
383
60
300
464
284
482
404
98
140
102
352
171
101
442
407
2
24
296
457
22
420
248
206
126
379
458
33
429
302
500
39
118
62
81
386
148
349
188
3
31
66
410
295
426
69
291
190
404
326
218
454
357
425
225
187
243
372
269
495
422
388
281
8
78
39
453
250
388
317
313
411
277
498
306
481
258
219
156
38
82
129
442
160
306
32
338
93
19
200
405
373
372
285
432
82
81
222
408
164
385
118
411
267
77
224
484
421
74
330
427
303
84
425
312
90
315
215
177
361
44
331
66
295
304
326
119
494
241
412
134
64
123
305
31
244
289
233
314
120
344
137
452
436
13
350
80
116
69
191
186
264
305
85
163
383
33
145
356
55
226
287
375
368
418
228
142
280
358
174
298
215
38
437
324
353
371
443
62
30
4
498
349
350
152
172
78
359
29
266
263
242
344
23
110
372
385
182
352
262
456
77
231
29
430
177
424
35
232
25
166
139
429
3
372
323
339
201
67
486
88
154
17
185
441
45
68
495
465
277
275
208
79
295
54
231
120
26
203
42
120
225
94
435
30
375
205
399
182
387
66
281
289
494
306
146
202
393
20
245
483
392
258
94
7
204
102
270
343
53
338
444
271
412
377
369
455
407
362
459
328
416
267
415
272
230
457
413
54
238
258
191
150
247
331
468
287
266
86
298
141
404
232
147
351
145
367
340
34
131
381
5
186
127
409
367
111
442
479
424
327
437
401
70
489
382
309
153
454
346
499
166
71
441
366
471
153
35
442
306
280
411
391
68
213
375
356
174
182
224
131
194
330
2
188
187
452
290
217
410
177
168
124
120
166
101
244
265
442
438
126
435
368
3
493
254
174
453
293
240
97
185
275
498
45
103
93
259
12
463
155
22
368
498
330
444
256
263
399
455
443
49
168
444
350
200
125
373
350
346
367
441
190
355
216
427
137
347
146
251
90
309
246
485
360
14
223
305
63
158
117
334
377
195
191
186
306
284
246
107
14
230
353
291
53
34
26
360
127
425
70
500
99
196
496
404
130
27
439
112
433
375
277
206
102
62
263
341
55
299
209
209
69
64
448
94
342
283
292
314
31
12
412
149
366
33
219
398
128
158
433
222
200
81
33
420
46
75
273
443
136
324
219
481
29
440
430
40
37
53
200
415
7
256
216
186
82
270
209
98
285
194
176
442
343
60
336
86
160
158
403
209
416
157
472
3
30
454
424
133
198
243
236
182
418
477
368
354
357
82
452
482
368
9
427
448
160
213
234
494
358
218
207
496
174
135
189
154
51
31
380
182
429
387
300
174
103
285
461
209
13
70
110
264
61
264
99
186
114
338
358
455
275
442
75
149
145
369
170
452
385
137
323
235
22
281
409
339
14
135
389
20
330
103
10
122
433
289
323
188
24
81
464
32
435
256
242
375
42
452
50
240
224
478
93
252
301
411
317
346
291
264
243
271
473
278
291
193
318
59
498
376
243
231
490
422
427
260
418
151
351
210
477
3
376
187
497
344
493
84
42
320
278
255
136
203
304
101
455
149
258
245
308
87
491
498
83
52
273
228
469
281
7
85
214
203
40
2
449
402
122
391
345
39
40
56
333
27
334
137
122
275
158
415
252
422
369
50
407
233
396
52
6
147
244
237
213
349
419
216
226
100
380
377
152
419
438
106
375
111
259
375
236
165
63
231
1
354
492
317
171
145
321
51
135
403
260
407
230
386
197
229
479
313
310
100
197
285
287
419
303
26
25
2
269
89
324
415
297
478
159
305
86
269
28
342
313
58
15
211
445
404
497
42
475
330
306
189
154
26
336
363
123
140
342
464
451
167
257
292
86
48
95
40
479
358
108
469
148
138
182
308
301
372
134
2
205
473
163
430
59
288
344
165
32
174
493
363
252
354
162
376
313
231
209
433
82
492
62
133
446
90
95
200
115
50
330
71
265
236
351
149
162
460
5
283
462
326
107
280
402
421
350
63
73
228
481
443
296
293
385
326
149
22
478
374
488
85
441
140
130
21
175
27
471
188
393
128
266
127
485
367
298
448
253
466
297
271
240
500
395
183
226
271
138
203
113
80
488
103
122
361
212
315
131
488
90
472
96
101
310
132
225
351
494
164
90
82
161
8
67
85
146
390
486
494
310
84
236
75
117
355
56
49
388
44
186
147
269
256
486
347
261
266
487
79
494
400
434
261
228
364
479
131
288
494
253
255
92
55
281
479
304
233
468
87
146
461
83
370
147
215
399
385
410
103
132
225
2
38
372
384
278
368
380
471
439
189
75
13
133
26
465
383
312
494
415
357
70
95
357
213
126
412
289
29
58
192
417
90
40
274
128
212
183
138
200
193
99
477
116
268
222
193
356
231
84
436
457
151
124
147
496
329
460
22
285
123
263
399
391
371
189
280
421
421
305
147
491
219
370
391
281
438
112
242
102
430
376
11
252
34
444
22
33
325
147
349
379
237
259
242
453
359
356
196
417
326
45
368
147
488
32
404
292
204
170
266
421
70
440
203
432
50
332
221
152
160
306
387
11
493
453
186
276
72
321
139
101
93
380
134
114
96
174
476
497
40
466
409
225
26
467
480
278
74
445
456
349
463
348
449
308
442
36
390
387
64
160
99
115
454
68
353
437
483
432
229
447
160
180
142
451
252
214
17
114
364
300
453
289
150
391
388
478
328
235
440
32
181
166
402
210
80
58
165
98
199
361
188
136
469
314
290
56
62
476
186
139
358
481
132
322
308
139
190
103
381
17
66
335
13
217
230
50
461
380
63
86
316
408
155
476
40
169
475
370
193
93
244
56
326
159
138
486
337
173
167
421
383
33
77
370
17
162
426
446
340
332
214
40
469
326
243
210
290
456
136
291
241
302
74
188
221
260
202
199
234
483
448
413
328
233
395
332
279
259
331
391
16
233
26
8
285
126
377
301
106
2
255
181
398
264
355
496
484
355
98
35
342
94
155
72
67
383
405
249
282
151
301
322
64
424
361
181
137
474
123
482
470
433
66
265
191
67
44
226
13
128
94
205
66
418
101
147
309
291
175
285
301
15
462
141
4
105
92
479
368
393
437
237
235
465
133
56
267
304
455
404
317
200
100
89
27
414
392
498
416
494
109
307
346
300
248
408
485
18
450
188
302

