1	0.026147677678683458	98,86
10	0.07361495420615158	53,27,77,97,40
100	0.01796432682192304	69,55,31,17,6,66,15,87
11	0.06423335662551846	8,4
12	0.07647004041473571	18,33
13	0.04990208142436269	77,44,82,23,28
14	0.03280480589657981	47,29,35,34,8,22
15	0.05698557171961677	76
16	0.05931004485193152	79,24,88,3,76,59
17	0.02714325746936884	33,38,21,54,12,58,8
18	0.08936394744172671	19,53,84,26,70,8,90,59,75
19	0.035501603614121406	1,2,3,4,5,6,7,8,9,10,11,12,13,14,15,16,17,18,19,20,21,22,23,24,25,26,27,28,29,30,31,32,33,34,35,36,37,38,39,40,41,42,43,44,45,46,47,48,49,50,51,52,53,54,55,56,57,58,59,60,61,62,63,64,65,66,67,68,69,70,71,72,73,74,75,76,77,78,79,80,81,82,83,84,85,86,87,88,89,90,91,92,93,94,95,96,97,98,99,100
2	0.044791912768945015	54,4,57,34,36
20	0.05306188354302304	2,51,72,36,44
21	0.030603760818247283	78,47,11,83,80,25
22	0.06402270538497153	64,88,12
23	0.04967311574686409	92,8,54,4,89,66
24	0.04989134400952505	7,31,32,42,16,89,35
25	0.08096153039089149	8,75,39
26	0.08788543082601924	36,5
27	0.054630313986975806	74,5,32,41
28	0.04710799204341577	99,52,43
29	0.05889760989603637	91,18,8,34,37,38,80
3	0.07540546393038128	54,39,75,16,11,73,65
30	0.025416091484920827	1,2,3,4,5,6,7,8,9,10,11,12,13,14,15,16,17,18,19,20,21,22,23,24,25,26,27,28,29,30,31,32,33,34,35,36,37,38,39,40,41,42,43,44,45,46,47,48,49,50,51,52,53,54,55,56,57,58,59,60,61,62,63,64,65,66,67,68,69,70,71,72,73,74,75,76,77,78,79,80,81,82,83,84,85,86,87,88,89,90,91,92,93,94,95,96,97,98,99,100
31	0.048808055291529866	88,40,53,13,57,9,41,93
32	0.1605153852447126	71,8,95,48,55,94,81,34
33	0.06392423398150879	93,44,42,43,31,17
34	0.11745125548798563	54,88,59,91,12
35	0.038054795490206454	21,65,25,54,56,11,73,4
36	0.07325730857224397	1,2,3,4,5,6,7,8,9,10,11,12,13,14,15,16,17,18,19,20,21,22,23,24,25,26,27,28,29,30,31,32,33,34,35,36,37,38,39,40,41,42,43,44,45,46,47,48,49,50,51,52,53,54,55,56,57,58,59,60,61,62,63,64,65,66,67,68,69,70,71,72,73,74,75,76,77,78,79,80,81,82,83,84,85,86,87,88,89,90,91,92,93,94,95,96,97,98,99,100
37	0.03128128361574181	27,26,54,32,36,8
38	0.037710093279399816	55,72,86,39,75
39	0.08526435564654748	50
4	0.08019553077094095	32
40	0.058805648993552326	75,84
41	0.1100291395374903	15,89,61
42	0.03456955606739164	4,93,76,86
43	0.052129566024116364	80,82
44	0.06898544296379666	64,98,50,16
45	0.03392352182613646	1,2,3,4,5,6,7,8,9,10,11,12,13,14,15,16,17,18,19,20,21,22,23,24,25,26,27,28,29,30,31,32,33,34,35,36,37,38,39,40,41,42,43,44,45,46,47,48,49,50,51,52,53,54,55,56,57,58,59,60,61,62,63,64,65,66,67,68,69,70,71,72,73,74,75,76,77,78,79,80,81,82,83,84,85,86,87,88,89,90,91,92,93,94,95,96,97,98,99,100
46	0.05626095236927645	30,20,25,59,91,11,62,67,26
47	0.04853026992463506	88
48	0.06865431659972072	41
49	0.12890117043714522	58,89,59,94,41,51,87,85,29
5	0.09562989977889345	27,20,87,49,25
50	0.10658951401681739	80,49,48,47,32
51	0.06456127581381474	54,84,82
52	0.03035005532125301	15,72,24,76
53	0.041604658673989374	8,23,9
54	0.11022769643080028	2,22,59,40,90,95,55,48,77
55	0.09427606244818956	80,91,20,65,66
56	0.024873312317216976	43,66,76,77,38,39,40,67,59
57	0.032255868759052786	1,2,3,4,5,6,7,8,9,10,11,12,13,14,15,16,17,18,19,20,21,22,23,24,25,26,27,28,29,30,31,32,33,34,35,36,37,38,39,40,41,42,43,44,45,46,47,48,49,50,51,52,53,54,55,56,57,58,59,60,61,62,63,64,65,66,67,68,69,70,71,72,73,74,75,76,77,78,79,80,81,82,83,84,85,86,87,88,89,90,91,92,93,94,95,96,97,98,99,100
58	0.10478822521475303	98,99,40,55,35,2,96,12,3
59	0.09798164974909823	3,26
6	0.04924986556969009	74,71,40,56,98,79,22,48,78
60	0.02459497935371372	77,15,96,61,59,25,4,35
61	0.05378787495679557	1,2,3,4,5,6,7,8,9,10,11,12,13,14,15,16,17,18,19,20,21,22,23,24,25,26,27,28,29,30,31,32,33,34,35,36,37,38,39,40,41,42,43,44,45,46,47,48,49,50,51,52,53,54,55,56,57,58,59,60,61,62,63,64,65,66,67,68,69,70,71,72,73,74,75,76,77,78,79,80,81,82,83,84,85,86,87,88,89,90,91,92,93,94,95,96,97,98,99,100
62	0.0320145886227343	73,31,37,62,61,24
63	0.027583176972022054	68
64	0.07918364437160351	39,79,28,31,99,98,93,55
65	0.062197697861554074	1,2,3,4,5,6,7,8,9,10,11,12,13,14,15,16,17,18,19,20,21,22,23,24,25,26,27,28,29,30,31,32,33,34,35,36,37,38,39,40,41,42,43,44,45,46,47,48,49,50,51,52,53,54,55,56,57,58,59,60,61,62,63,64,65,66,67,68,69,70,71,72,73,74,75,76,77,78,79,80,81,82,83,84,85,86,87,88,89,90,91,92,93,94,95,96,97,98,99,100
66	0.042161143615213184	1,2,3,4,5,6,7,8,9,10,11,12,13,14,15,16,17,18,19,20,21,22,23,24,25,26,27,28,29,30,31,32,33,34,35,36,37,38,39,40,41,42,43,44,45,46,47,48,49,50,51,52,53,54,55,56,57,58,59,60,61,62,63,64,65,66,67,68,69,70,71,72,73,74,75,76,77,78,79,80,81,82,83,84,85,86,87,88,89,90,91,92,93,94,95,96,97,98,99,100
67	0.02384129447903862	75,60,99,28,54,26
68	0.04742446038181057	34,31,69,1,80,29,43,60
69	0.03629121844883595	58
7	0.04198687175313666	8,92,97
70	0.0330348401526709	94
71	0.03788475338260244	64,18,43,80
72	0.06780299715997083	81,13,58
73	0.036704132086118314	91,64
74	0.04017148545738613	89
75	0.08911371589750204	45,44,28,41,70,24,83,78,84
76	0.09611084242785406	1,2,3,4,5,6,7,8,9,10,11,12,13,14,15,16,17,18,19,20,21,22,23,24,25,26,27,28,29,30,31,32,33,34,35,36,37,38,39,40,41,42,43,44,45,46,47,48,49,50,51,52,53,54,55,56,57,58,59,60,61,62,63,64,65,66,67,68,69,70,71,72,73,74,75,76,77,78,79,80,81,82,83,84,85,86,87,88,89,90,91,92,93,94,95,96,97,98,99,100
77	0.08713259218935236	87,11,54,77,69,63,58
78	0.03286753459015541	50,93,58,87,57,42,11
79	0.03693122605592717	38,51,58,30,96,69,11,82
8	0.14472632473708402	25,51,9,32,72
80	0.09877351689267871	44,76,92,45,46,59,97,96,94
81	0.05666015935422354	32,46,93,23,5
82	0.07706745835985651	46,6,89
83	0.03601630137014716	10
84	0.08101669522595395	1,2,3,4,5,6,7,8,9,10,11,12,13,14,15,16,17,18,19,20,21,22,23,24,25,26,27,28,29,30,31,32,33,34,35,36,37,38,39,40,41,42,43,44,45,46,47,48,49,50,51,52,53,54,55,56,57,58,59,60,61,62,63,64,65,66,67,68,69,70,71,72,73,74,75,76,77,78,79,80,81,82,83,84,85,86,87,88,89,90,91,92,93,94,95,96,97,98,99,100
85	0.03538364818731379	86,22
86	0.0642364672580581	21,65,24,58,68,83,7
87	0.08962518505468221	44,9,19,26,4,65,12
88	0.107233196899327	1,2,3,4,5,6,7,8,9,10,11,12,13,14,15,16,17,18,19,20,21,22,23,24,25,26,27,28,29,30,31,32,33,34,35,36,37,38,39,40,41,42,43,44,45,46,47,48,49,50,51,52,53,54,55,56,57,58,59,60,61,62,63,64,65,66,67,68,69,70,71,72,73,74,75,76,77,78,79,80,81,82,83,84,85,86,87,88,89,90,91,92,93,94,95,96,97,98,99,100
89	0.12622340809005103	10,77,18,55
9	0.0708779453825799	13,34,87,86,97,6
90	0.035028938800053866	11,82,14
91	0.0783461570122349	39,29,5
92	0.04372624732843294	9,28,94,34,37,54,48,25,73
93	0.057422035458032886	34
94	0.09301119682691128	49
95	0.04963081205848587	72,98,22,87,85,8
96	0.04060176697307796	99,97,23,1,80,81,32
97	0.07095519670895992	62,38,33,59,14,95,7,16,25
98	0.06956217662298826	22,16,97,64,74,87,94
99	0.05425278761367884	47,84,7,54,33,87,27
