1	0.035889451723240484	98,86
10	0.11678920265911473	53,27,77,97,40
100	0.021916805084851845	69,55,31,17,6,66,15,87
11	0.10335070054744339	8,4
12	0.12679551326084357	18,33
13	0.07911822854901315	77,44,82,23,28
14	0.0479939300561652	47,29,35,34,8,22
15	0.09218595431431834	76
16	0.09707351374637804	79,24,88,3,76,59
17	0.03825793293075777	33,38,21,54,12,58,8
18	0.15065772094939026	19,53,84,26,70,8,90,59,75
19	0.05517299938464591	1,2,3,4,5,6,7,8,9,10,11,12,13,14,15,16,17,18,19,20,21,22,23,24,25,26,27,28,29,30,31,32,33,34,35,36,37,38,39,40,41,42,43,44,45,46,47,48,49,50,51,52,53,54,55,56,57,58,59,60,61,62,63,64,65,66,67,68,69,70,71,72,73,74,75,76,77,78,79,80,81,82,83,84,85,86,87,88,89,90,91,92,93,94,95,96,97,98,99,100
2	0.07125731057768488	54,4,57,34,36
20	0.08742862957804114	2,51,72,36,44
21	0.043398209423562935	78,47,11,83,80,25
22	0.10294392082444695	64,88,12
23	0.07728258116447582	92,8,54,4,89,66
24	0.07736392149590533	7,31,32,42,16,89,35
25	0.13488967032569307	8,75,39
26	0.14982199790652662	36,5
27	0.08747027002919402	74,5,32,41
28	0.07367817140537306	99,52,43
29	0.09553824628366044	91,18,8,34,37,38,80
3	0.1276492522502616	54,39,75,16,11,73,65
30	0.03558846957228955	1,2,3,4,5,6,7,8,9,10,11,12,13,14,15,16,17,18,19,20,21,22,23,24,25,26,27,28,29,30,31,32,33,34,35,36,37,38,39,40,41,42,43,44,45,46,47,48,49,50,51,52,53,54,55,56,57,58,59,60,61,62,63,64,65,66,67,68,69,70,71,72,73,74,75,76,77,78,79,80,81,82,83,84,85,86,87,88,89,90,91,92,93,94,95,96,97,98,99,100
31	0.07517327728461773	88,40,53,13,57,9,41,93
32	0.2739277757576581	71,8,95,48,55,94,81,34
33	0.10393232118927498	93,44,42,43,31,17
34	0.1951694135754855	54,88,59,91,12
35	0.056830547006341804	21,65,25,54,56,11,73,4
36	0.12272530148144324	1,2,3,4,5,6,7,8,9,10,11,12,13,14,15,16,17,18,19,20,21,22,23,24,25,26,27,28,29,30,31,32,33,34,35,36,37,38,39,40,41,42,43,44,45,46,47,48,49,50,51,52,53,54,55,56,57,58,59,60,61,62,63,64,65,66,67,68,69,70,71,72,73,74,75,76,77,78,79,80,81,82,83,84,85,86,87,88,89,90,91,92,93,94,95,96,97,98,99,100
37	0.045562346370765124	27,26,54,32,36,8
38	0.056854880307997666	55,72,86,39,75
39	0.1427189604936984	50
4	0.13006447464824228	32
40	0.09447236137339278	75,84
41	0.18965862880509596	15,89,61
42	0.051368750071369824	4,93,76,86
43	0.08061007282767303	80,82
44	0.1150308452294379	64,98,50,16
45	0.05167516348468139	1,2,3,4,5,6,7,8,9,10,11,12,13,14,15,16,17,18,19,20,21,22,23,24,25,26,27,28,29,30,31,32,33,34,35,36,37,38,39,40,41,42,43,44,45,46,47,48,49,50,51,52,53,54,55,56,57,58,59,60,61,62,63,64,65,66,67,68,69,70,71,72,73,74,75,76,77,78,79,80,81,82,83,84,85,86,87,88,89,90,91,92,93,94,95,96,97,98,99,100
46	0.09030765427245194	30,20,25,59,91,11,62,67,26
47	0.07659826547654651	88
48	0.11576814303931428	41
49	0.22309276212687323	58,89,59,94,41,51,87,85,29
5	0.16291186909118816	27,20,87,49,25
50	0.18176013006885464	80,49,48,47,32
51	0.10808116283987272	54,84,82
52	0.04315910437196033	15,72,24,76
53	0.06429778768077155	8,23,9
54	0.1847535584634247	2,22,59,40,90,95,55,48,77
55	0.16015419806988967	80,91,20,65,66
56	0.034273131980084026	43,66,76,77,38,39,40,67,59
57	0.04705094632172984	1,2,3,4,5,6,7,8,9,10,11,12,13,14,15,16,17,18,19,20,21,22,23,24,25,26,27,28,29,30,31,32,33,34,35,36,37,38,39,40,41,42,43,44,45,46,47,48,49,50,51,52,53,54,55,56,57,58,59,60,61,62,63,64,65,66,67,68,69,70,71,72,73,74,75,76,77,78,79,80,81,82,83,84,85,86,87,88,89,90,91,92,93,94,95,96,97,98,99,100
58	0.17101647680096477	98,99,40,55,35,2,96,12,3
59	0.1672610578359992	3,26
6	0.07715236778069055	74,71,40,56,98,79,22,48,78
60	0.032662285929385936	77,15,96,61,59,25,4,35
61	0.08781665649269997	1,2,3,4,5,6,7,8,9,10,11,12,13,14,15,16,17,18,19,20,21,22,23,24,25,26,27,28,29,30,31,32,33,34,35,36,37,38,39,40,41,42,43,44,45,46,47,48,49,50,51,52,53,54,55,56,57,58,59,60,61,62,63,64,65,66,67,68,69,70,71,72,73,74,75,76,77,78,79,80,81,82,83,84,85,86,87,88,89,90,91,92,93,94,95,96,97,98,99,100
62	0.04716360337563929	73,31,37,62,61,24
63	0.039935851827568876	68
64	0.1283795834702808	39,79,28,31,99,98,93,55
65	0.10295211248841911	1,2,3,4,5,6,7,8,9,10,11,12,13,14,15,16,17,18,19,20,21,22,23,24,25,26,27,28,29,30,31,32,33,34,35,36,37,38,39,40,41,42,43,44,45,46,47,48,49,50,51,52,53,54,55,56,57,58,59,60,61,62,63,64,65,66,67,68,69,70,71,72,73,74,75,76,77,78,79,80,81,82,83,84,85,86,87,88,89,90,91,92,93,94,95,96,97,98,99,100
66	0.06542905128209348	1,2,3,4,5,6,7,8,9,10,11,12,13,14,15,16,17,18,19,20,21,22,23,24,25,26,27,28,29,30,31,32,33,34,35,36,37,38,39,40,41,42,43,44,45,46,47,48,49,50,51,52,53,54,55,56,57,58,59,60,61,62,63,64,65,66,67,68,69,70,71,72,73,74,75,76,77,78,79,80,81,82,83,84,85,86,87,88,89,90,91,92,93,94,95,96,97,98,99,100
67	0.032621096002476535	75,60,99,28,54,26
68	0.06863701722146262	34,31,69,1,80,29,43,60
69	0.05422647014119165	58
7	0.06407696412556109	8,92,97
70	0.050389630958688494	94
71	0.059113832514844686	64,18,43,80
72	0.11066771931884899	81,13,58
73	0.05556148637624587	91,64
74	0.06145756889603091	89
75	0.1484426817283644	45,44,28,41,70,24,83,78,84
76	0.1572108573301386	1,2,3,4,5,6,7,8,9,10,11,12,13,14,15,16,17,18,19,20,21,22,23,24,25,26,27,28,29,30,31,32,33,34,35,36,37,38,39,40,41,42,43,44,45,46,47,48,49,50,51,52,53,54,55,56,57,58,59,60,61,62,63,64,65,66,67,68,69,70,71,72,73,74,75,76,77,78,79,80,81,82,83,84,85,86,87,88,89,90,91,92,93,94,95,96,97,98,99,100
77	0.14593432189300296	87,11,54,77,69,63,58
78	0.04864461998479392	50,93,58,87,57,42,11
79	0.05642743896427241	38,51,58,30,96,69,11,82
8	0.2436795827473501	25,51,9,32,72
80	0.16363992007952569	44,76,92,45,46,59,97,96,94
81	0.09221460944758506	32,46,93,23,5
82	0.1243947172857852	46,6,89
83	0.05360026526978473	10
84	0.13512858888848214	1,2,3,4,5,6,7,8,9,10,11,12,13,14,15,16,17,18,19,20,21,22,23,24,25,26,27,28,29,30,31,32,33,34,35,36,37,38,39,40,41,42,43,44,45,46,47,48,49,50,51,52,53,54,55,56,57,58,59,60,61,62,63,64,65,66,67,68,69,70,71,72,73,74,75,76,77,78,79,80,81,82,83,84,85,86,87,88,89,90,91,92,93,94,95,96,97,98,99,100
85	0.05501848347718491	86,22
86	0.09858590351049457	21,65,24,58,68,83,7
87	0.15198386721043852	44,9,19,26,4,65,12
88	0.1773602527496261	1,2,3,4,5,6,7,8,9,10,11,12,13,14,15,16,17,18,19,20,21,22,23,24,25,26,27,28,29,30,31,32,33,34,35,36,37,38,39,40,41,42,43,44,45,46,47,48,49,50,51,52,53,54,55,56,57,58,59,60,61,62,63,64,65,66,67,68,69,70,71,72,73,74,75,76,77,78,79,80,81,82,83,84,85,86,87,88,89,90,91,92,93,94,95,96,97,98,99,100
89	0.21277197984223062	10,77,18,55
9	0.11695942833327765	13,34,87,86,97,6
90	0.05407243151662956	11,82,14
91	0.1294640782661685	39,29,5
92	0.0668505573732119	9,28,94,34,37,54,48,25,73
93	0.09105258299229245	34
94	0.15476055650368925	49
95	0.0809290109941827	72,98,22,87,85,8
96	0.06256563475764795	99,97,23,1,80,81,32
97	0.11495355909468782	62,38,33,59,14,95,7,16,25
98	0.111721773867064	22,16,97,64,74,87,94
99	0.08517115771550585	47,84,7,54,33,87,27
