1	0.029821755833221046	98,86
10	0.08989787965891195	53,27,77,97,40
100	0.019455003729256667	69,55,31,17,6,66,15,87
11	0.07898637470586942	8,4
12	0.09545003300908485	18,33
13	0.06092100196271493	77,44,82,23,28
14	0.03853334088934797	47,29,35,34,8,22
15	0.07026137344650642	76
16	0.07355246412823256	79,24,88,3,76,59
17	0.03133512245862455	33,38,21,54,12,58,8
18	0.11248085144658632	19,53,84,26,70,8,90,59,75
19	0.04292062467033708	1,2,3,4,5,6,7,8,9,10,11,12,13,14,15,16,17,18,19,20,21,22,23,24,25,26,27,28,29,30,31,32,33,34,35,36,37,38,39,40,41,42,43,44,45,46,47,48,49,50,51,52,53,54,55,56,57,58,59,60,61,62,63,64,65,66,67,68,69,70,71,72,73,74,75,76,77,78,79,80,81,82,83,84,85,86,87,88,89,90,91,92,93,94,95,96,97,98,99,100
2	0.054773229067395506	54,4,57,34,36
20	0.06602346138998821	2,51,72,36,44
21	0.035429130789888484	78,47,11,83,80,25
22	0.07870184011032343	64,88,12
23	0.060085749265686626	92,8,54,4,89,66
24	0.06025260859802081	7,31,32,42,16,89,35
25	0.10130051310015592	8,75,39
26	0.1112449696223781	36,5
27	0.06701610569914927	74,5,32,41
28	0.057128841834423294	99,52,43
29	0.07271656043384023	91,18,8,34,37,38,80
3	0.09510939410684738	54,39,75,16,11,73,65
30	0.029252621231612912	1,2,3,4,5,6,7,8,9,10,11,12,13,14,15,16,17,18,19,20,21,22,23,24,25,26,27,28,29,30,31,32,33,34,35,36,37,38,39,40,41,42,43,44,45,46,47,48,49,50,51,52,53,54,55,56,57,58,59,60,61,62,63,64,65,66,67,68,69,70,71,72,73,74,75,76,77,78,79,80,81,82,83,84,85,86,87,88,89,90,91,92,93,94,95,96,97,98,99,100
31	0.05875164423119403	88,40,53,13,57,9,41,93
32	0.2032879569260091	71,8,95,48,55,94,81,34
33	0.0790133441784784	93,44,42,43,31,17
34	0.1467629087897589	54,88,59,91,12
35	0.04513603008503336	21,65,25,54,56,11,73,4
36	0.09191401994712327	1,2,3,4,5,6,7,8,9,10,11,12,13,14,15,16,17,18,19,20,21,22,23,24,25,26,27,28,29,30,31,32,33,34,35,36,37,38,39,40,41,42,43,44,45,46,47,48,49,50,51,52,53,54,55,56,57,58,59,60,61,62,63,64,65,66,67,68,69,70,71,72,73,74,75,76,77,78,79,80,81,82,83,84,85,86,87,88,89,90,91,92,93,94,95,96,97,98,99,100
37	0.036667379728319564	27,26,54,32,36,8
38	0.04493054064329745	55,72,86,39,75
39	0.10693314809490274	50
4	0.09900363342060152	32
40	0.07225734669371664	75,84
41	0.14006133011208527	15,89,61
42	0.04090531628732668	4,93,76,86
43	0.06287092958094581	80,82
44	0.0863512806043693	64,98,50,16
45	0.040618603901937445	1,2,3,4,5,6,7,8,9,10,11,12,13,14,15,16,17,18,19,20,21,22,23,24,25,26,27,28,29,30,31,32,33,34,35,36,37,38,39,40,41,42,43,44,45,46,47,48,49,50,51,52,53,54,55,56,57,58,59,60,61,62,63,64,65,66,67,68,69,70,71,72,73,74,75,76,77,78,79,80,81,82,83,84,85,86,87,88,89,90,91,92,93,94,95,96,97,98,99,100
46	0.0691015509210324	30,20,25,59,91,11,62,67,26
47	0.05911595579088374	88
48	0.08642309325852952	41
49	0.1644256277496808	58,89,59,94,41,51,87,85,29
5	0.12100500673431949	27,20,87,49,25
50	0.13494049427006813	80,49,48,47,32
51	0.08097457825850132	54,84,82
52	0.035181013741324	15,72,24,76
53	0.05016341246634839	8,23,9
54	0.13833491552677576	2,22,59,40,90,95,55,48,77
55	0.11912180813250342	80,91,20,65,66
56	0.028418409791104104	43,66,76,77,38,39,40,67,59
57	0.03783580624640395	1,2,3,4,5,6,7,8,9,10,11,12,13,14,15,16,17,18,19,20,21,22,23,24,25,26,27,28,29,30,31,32,33,34,35,36,37,38,39,40,41,42,43,44,45,46,47,48,49,50,51,52,53,54,55,56,57,58,59,60,61,62,63,64,65,66,67,68,69,70,71,72,73,74,75,76,77,78,79,80,81,82,83,84,85,86,87,88,89,90,91,92,93,94,95,96,97,98,99,100
58	0.12976590874587426	98,99,40,55,35,2,96,12,3
59	0.12411009266975404	3,26
6	0.05977326083709908	74,71,40,56,98,79,22,48,78
60	0.027637563773420814	77,15,96,61,59,25,4,35
61	0.06662183864791592	1,2,3,4,5,6,7,8,9,10,11,12,13,14,15,16,17,18,19,20,21,22,23,24,25,26,27,28,29,30,31,32,33,34,35,36,37,38,39,40,41,42,43,44,45,46,47,48,49,50,51,52,53,54,55,56,57,58,59,60,61,62,63,64,65,66,67,68,69,70,71,72,73,74,75,76,77,78,79,80,81,82,83,84,85,86,87,88,89,90,91,92,93,94,95,96,97,98,99,100
62	0.03772801083282428	73,31,37,62,61,24
63	0.032241980073504546	68
64	0.09773791304124131	39,79,28,31,99,98,93,55
65	0.07756802702747596	1,2,3,4,5,6,7,8,9,10,11,12,13,14,15,16,17,18,19,20,21,22,23,24,25,26,27,28,29,30,31,32,33,34,35,36,37,38,39,40,41,42,43,44,45,46,47,48,49,50,51,52,53,54,55,56,57,58,59,60,61,62,63,64,65,66,67,68,69,70,71,72,73,74,75,76,77,78,79,80,81,82,83,84,85,86,87,88,89,90,91,92,93,94,95,96,97,98,99,100
66	0.05093664108828923	1,2,3,4,5,6,7,8,9,10,11,12,13,14,15,16,17,18,19,20,21,22,23,24,25,26,27,28,29,30,31,32,33,34,35,36,37,38,39,40,41,42,43,44,45,46,47,48,49,50,51,52,53,54,55,56,57,58,59,60,61,62,63,64,65,66,67,68,69,70,71,72,73,74,75,76,77,78,79,80,81,82,83,84,85,86,87,88,89,90,91,92,93,94,95,96,97,98,99,100
67	0.027152603468941605	75,60,99,28,54,26
68	0.05542464312917453	34,31,69,1,80,29,43,60
69	0.043055499063208755	58
7	0.05031803581013869	8,92,97
70	0.039580234200298506	94
71	0.04589126467378429	64,18,43,80
72	0.08396918899373909	81,13,58
73	0.04381609386391615	91,64
74	0.04819935918657368	89
75	0.1114892703587834	45,44,28,41,70,24,83,78,84
76	0.11915487104918207	1,2,3,4,5,6,7,8,9,10,11,12,13,14,15,16,17,18,19,20,21,22,23,24,25,26,27,28,29,30,31,32,33,34,35,36,37,38,39,40,41,42,43,44,45,46,47,48,49,50,51,52,53,54,55,56,57,58,59,60,61,62,63,64,65,66,67,68,69,70,71,72,73,74,75,76,77,78,79,80,81,82,83,84,85,86,87,88,89,90,91,92,93,94,95,96,97,98,99,100
77	0.10930948244899272	87,11,54,77,69,63,58
78	0.0388178781942287	50,93,58,87,57,42,11
79	0.04428418979373141	38,51,58,30,96,69,11,82
8	0.18204644767650915	25,51,9,32,72
80	0.12323761521350737	44,76,92,45,46,59,97,96,94
81	0.0700695108121643	32,46,93,23,5
82	0.09491690344336842	46,6,89
83	0.04264807998978563	10
84	0.10142486786054576	1,2,3,4,5,6,7,8,9,10,11,12,13,14,15,16,17,18,19,20,21,22,23,24,25,26,27,28,29,30,31,32,33,34,35,36,37,38,39,40,41,42,43,44,45,46,47,48,49,50,51,52,53,54,55,56,57,58,59,60,61,62,63,64,65,66,67,68,69,70,71,72,73,74,75,76,77,78,79,80,81,82,83,84,85,86,87,88,89,90,91,92,93,94,95,96,97,98,99,100
85	0.0427888281165278	86,22
86	0.07719136903114089	21,65,24,58,68,83,7
87	0.11314377237462313	44,9,19,26,4,65,12
88	0.13368162548640602	1,2,3,4,5,6,7,8,9,10,11,12,13,14,15,16,17,18,19,20,21,22,23,24,25,26,27,28,29,30,31,32,33,34,35,36,37,38,39,40,41,42,43,44,45,46,47,48,49,50,51,52,53,54,55,56,57,58,59,60,61,62,63,64,65,66,67,68,69,70,71,72,73,74,75,76,77,78,79,80,81,82,83,84,85,86,87,88,89,90,91,92,93,94,95,96,97,98,99,100
89	0.15886527605386808	10,77,18,55
9	0.08825736147927646	13,34,87,86,97,6
90	0.04221118468240098	11,82,14
91	0.09762516689223984	39,29,5
92	0.05244764746669342	9,28,94,34,37,54,48,25,73
93	0.0701056596674124	34
94	0.11629975723564004	49
95	0.06143485725887853	72,98,22,87,85,8
96	0.04888541883813836	99,97,23,1,80,81,32
97	0.08754917060886361	62,38,33,59,14,95,7,16,25
98	0.08546254068634491	22,16,97,64,74,87,94
99	0.0659135925193565	47,84,7,54,33,87,27
