1	0.08341900020998301	98,86
10	0.32486886220646255	53,27,77,97,40
100	0.04063732425324097	69,55,31,17,6,66,15,87
11	0.29677849316623917	8,4
12	0.3746913816743336	18,33
13	0.22356805401343693	77,44,82,23,28
14	0.12226932106111489	47,29,35,34,8,22
15	0.2572597608540826	76
16	0.28151981888950584	79,24,88,3,76,59
17	0.09730857864989662	33,38,21,54,12,58,8
18	0.448174619350148	19,53,84,26,70,8,90,59,75
19	0.1535588866083406	1,2,3,4,5,6,7,8,9,10,11,12,13,14,15,16,17,18,19,20,21,22,23,24,25,26,27,28,29,30,31,32,33,34,35,36,37,38,39,40,41,42,43,44,45,46,47,48,49,50,51,52,53,54,55,56,57,58,59,60,61,62,63,64,65,66,67,68,69,70,71,72,73,74,75,76,77,78,79,80,81,82,83,84,85,86,87,88,89,90,91,92,93,94,95,96,97,98,99,100
2	0.2032725645633806	54,4,57,34,36
20	0.2527084881469739	2,51,72,36,44
21	0.10598862813476775	78,47,11,83,80,25
22	0.2978329372758442	64,88,12
23	0.2189167079477367	92,8,54,4,89,66
24	0.21551483041349803	7,31,32,42,16,89,35
25	0.40128455969272037	8,75,39
26	0.46276852829560533	36,5
27	0.2528303009682058	74,5,32,41
28	0.20797101039841256	99,52,43
29	0.2717675686878338	91,18,8,34,37,38,80
3	0.392212353223346	54,39,75,16,11,73,65
30	0.08528170035669283	1,2,3,4,5,6,7,8,9,10,11,12,13,14,15,16,17,18,19,20,21,22,23,24,25,26,27,28,29,30,31,32,33,34,35,36,37,38,39,40,41,42,43,44,45,46,47,48,49,50,51,52,53,54,55,56,57,58,59,60,61,62,63,64,65,66,67,68,69,70,71,72,73,74,75,76,77,78,79,80,81,82,83,84,85,86,87,88,89,90,91,92,93,94,95,96,97,98,99,100
31	0.20801202227589427	88,40,53,13,57,9,41,93
32	0.8224570500311263	71,8,95,48,55,94,81,34
33	0.30828907715660103	93,44,42,43,31,17
34	0.5927217784199602	54,88,59,91,12
35	0.1510058417410768	21,65,25,54,56,11,73,4
36	0.3543989368271691	1,2,3,4,5,6,7,8,9,10,11,12,13,14,15,16,17,18,19,20,21,22,23,24,25,26,27,28,29,30,31,32,33,34,35,36,37,38,39,40,41,42,43,44,45,46,47,48,49,50,51,52,53,54,55,56,57,58,59,60,61,62,63,64,65,66,67,68,69,70,71,72,73,74,75,76,77,78,79,80,81,82,83,84,85,86,87,88,89,90,91,92,93,94,95,96,97,98,99,100
37	0.11693406757748022	27,26,54,32,36,8
38	0.15366059617590783	55,72,86,39,75
39	0.435497628994618	50
4	0.38170996468554813	32
40	0.28284718870527054	75,84
41	0.5791789659626976	15,89,61
42	0.139428637145065	4,93,76,86
43	0.2290439266881963	80,82
44	0.35053151571135904	64,98,50,16
45	0.14186388193119404	1,2,3,4,5,6,7,8,9,10,11,12,13,14,15,16,17,18,19,20,21,22,23,24,25,26,27,28,29,30,31,32,33,34,35,36,37,38,39,40,41,42,43,44,45,46,47,48,49,50,51,52,53,54,55,56,57,58,59,60,61,62,63,64,65,66,67,68,69,70,71,72,73,74,75,76,77,78,79,80,81,82,83,84,85,86,87,88,89,90,91,92,93,94,95,96,97,98,99,100
46	0.2622606711479024	30,20,25,59,91,11,62,67,26
47	0.21548241978525665	88
48	0.3565672536111708	41
49	0.6819107380652762	58,89,59,94,41,51,87,85,29
5	0.4921797244352031	27,20,87,49,25
50	0.5482361105185677	80,49,48,47,32
51	0.3149544707600974	54,84,82
52	0.10670618067138186	15,72,24,76
53	0.18697715712665453	8,23,9
54	0.5614277908762827	2,22,59,40,90,95,55,48,77
55	0.4865783919437979	80,91,20,65,66
56	0.08139442462924802	43,66,76,77,38,39,40,67,59
57	0.11947766038955109	1,2,3,4,5,6,7,8,9,10,11,12,13,14,15,16,17,18,19,20,21,22,23,24,25,26,27,28,29,30,31,32,33,34,35,36,37,38,39,40,41,42,43,44,45,46,47,48,49,50,51,52,53,54,55,56,57,58,59,60,61,62,63,64,65,66,67,68,69,70,71,72,73,74,75,76,77,78,79,80,81,82,83,84,85,86,87,88,89,90,91,92,93,94,95,96,97,98,99,100
58	0.49282702929593186	98,99,40,55,35,2,96,12,3
59	0.5148376929707801	3,26
6	0.2157295709988253	74,71,40,56,98,79,22,48,78
60	0.07106401392736057	77,15,96,61,59,25,4,35
61	0.2468295200043813	1,2,3,4,5,6,7,8,9,10,11,12,13,14,15,16,17,18,19,20,21,22,23,24,25,26,27,28,29,30,31,32,33,34,35,36,37,38,39,40,41,42,43,44,45,46,47,48,49,50,51,52,53,54,55,56,57,58,59,60,61,62,63,64,65,66,67,68,69,70,71,72,73,74,75,76,77,78,79,80,81,82,83,84,85,86,87,88,89,90,91,92,93,94,95,96,97,98,99,100
62	0.12470063993137509	73,31,37,62,61,24
63	0.1014545382355984	68
64	0.3627366811230489	39,79,28,31,99,98,93,55
65	0.30722772585175223	1,2,3,4,5,6,7,8,9,10,11,12,13,14,15,16,17,18,19,20,21,22,23,24,25,26,27,28,29,30,31,32,33,34,35,36,37,38,39,40,41,42,43,44,45,46,47,48,49,50,51,52,53,54,55,56,57,58,59,60,61,62,63,64,65,66,67,68,69,70,71,72,73,74,75,76,77,78,79,80,81,82,83,84,85,86,87,88,89,90,91,92,93,94,95,96,97,98,99,100
66	0.1847127233922438	1,2,3,4,5,6,7,8,9,10,11,12,13,14,15,16,17,18,19,20,21,22,23,24,25,26,27,28,29,30,31,32,33,34,35,36,37,38,39,40,41,42,43,44,45,46,47,48,49,50,51,52,53,54,55,56,57,58,59,60,61,62,63,64,65,66,67,68,69,70,71,72,73,74,75,76,77,78,79,80,81,82,83,84,85,86,87,88,89,90,91,92,93,94,95,96,97,98,99,100
67	0.07551208755513353	75,60,99,28,54,26
68	0.17310048972575792	34,31,69,1,80,29,43,60
69	0.14278529939251405	58
7	0.17740706017083574	8,92,97
70	0.13923532421455936	94
71	0.17209062903893457	64,18,43,80
72	0.3255007043083477	81,13,58
73	0.15097741394794825	91,64
74	0.16769805761878825	89
75	0.4553020891254302	45,44,28,41,70,24,83,78,84
76	0.42287455132176016	1,2,3,4,5,6,7,8,9,10,11,12,13,14,15,16,17,18,19,20,21,22,23,24,25,26,27,28,29,30,31,32,33,34,35,36,37,38,39,40,41,42,43,44,45,46,47,48,49,50,51,52,53,54,55,56,57,58,59,60,61,62,63,64,65,66,67,68,69,70,71,72,73,74,75,76,77,78,79,80,81,82,83,84,85,86,87,88,89,90,91,92,93,94,95,96,97,98,99,100
77	0.43948815571167527	87,11,54,77,69,63,58
78	0.128540094351001	50,93,58,87,57,42,11
79	0.15059984429815035	38,51,58,30,96,69,11,82
8	0.7599329676729646	25,51,9,32,72
80	0.48745614517374797	44,76,92,45,46,59,97,96,94
81	0.27589858423406094	32,46,93,23,5
82	0.35416462557562406	46,6,89
83	0.14174030427102235	10
84	0.4127608032617033	1,2,3,4,5,6,7,8,9,10,11,12,13,14,15,16,17,18,19,20,21,22,23,24,25,26,27,28,29,30,31,32,33,34,35,36,37,38,39,40,41,42,43,44,45,46,47,48,49,50,51,52,53,54,55,56,57,58,59,60,61,62,63,64,65,66,67,68,69,70,71,72,73,74,75,76,77,78,79,80,81,82,83,84,85,86,87,88,89,90,91,92,93,94,95,96,97,98,99,100
85	0.14428773277268384	86,22
86	0.27043637218115113	21,65,24,58,68,83,7
87	0.4533372832468501	44,9,19,26,4,65,12
88	0.5244997303085935	1,2,3,4,5,6,7,8,9,10,11,12,13,14,15,16,17,18,19,20,21,22,23,24,25,26,27,28,29,30,31,32,33,34,35,36,37,38,39,40,41,42,43,44,45,46,47,48,49,50,51,52,53,54,55,56,57,58,59,60,61,62,63,64,65,66,67,68,69,70,71,72,73,74,75,76,77,78,79,80,81,82,83,84,85,86,87,88,89,90,91,92,93,94,95,96,97,98,99,100
89	0.629171078876998	10,77,18,55
9	0.34800412354893395	13,34,87,86,97,6
90	0.15060716472775693	11,82,14
91	0.39055795565892026	39,29,5
92	0.18771458557973106	9,28,94,34,37,54,48,25,73
93	0.265000977049862	34
94	0.454873867603202	49
95	0.2476270322870894	72,98,22,87,85,8
96	0.17450742932162508	99,97,23,1,80,81,32
97	0.3514020177077623	62,38,33,59,14,95,7,16,25
98	0.3175835748435568	22,16,97,64,74,87,94
99	0.24045654615968903	47,84,7,54,33,87,27
