1	0.026147790374518472	98,86
10	0.0736154536559289	53,27,77,97,40
100	0.017964372545793004	69,55,31,17,6,66,15,87
11	0.06423380914816812	8,4
12	0.07647062259218042	18,33
13	0.04990241941028131	77,44,82,23,28
14	0.03280498160919773	47,29,35,34,8,22
15	0.05698597893131338	76
16	0.059310481712854746	79,24,88,3,76,59
17	0.027143386047349897	33,38,21,54,12,58,8
18	0.08936465651171624	19,53,84,26,70,8,90,59,75
19	0.035501831179400575	1,2,3,4,5,6,7,8,9,10,11,12,13,14,15,16,17,18,19,20,21,22,23,24,25,26,27,28,29,30,31,32,33,34,35,36,37,38,39,40,41,42,43,44,45,46,47,48,49,50,51,52,53,54,55,56,57,58,59,60,61,62,63,64,65,66,67,68,69,70,71,72,73,74,75,76,77,78,79,80,81,82,83,84,85,86,87,88,89,90,91,92,93,94,95,96,97,98,99,100
2	0.044792218928075576	54,4,57,34,36
20	0.053062281116466235	2,51,72,36,44
21	0.030603908827890824	78,47,11,83,80,25
22	0.064023155641367	64,88,12
23	0.049673435135803135	92,8,54,4,89,66
24	0.04989166182288893	7,31,32,42,16,89,35
25	0.08096215425303169	8,75,39
26	0.08788614733846231	36,5
27	0.05463069389922017	74,5,32,41
28	0.04710829941512619	99,52,43
29	0.05889803376787985	91,18,8,34,37,38,80
3	0.07540606831351045	54,39,75,16,11,73,65
30	0.02541620916367727	1,2,3,4,5,6,7,8,9,10,11,12,13,14,15,16,17,18,19,20,21,22,23,24,25,26,27,28,29,30,31,32,33,34,35,36,37,38,39,40,41,42,43,44,45,46,47,48,49,50,51,52,53,54,55,56,57,58,59,60,61,62,63,64,65,66,67,68,69,70,71,72,73,74,75,76,77,78,79,80,81,82,83,84,85,86,87,88,89,90,91,92,93,94,95,96,97,98,99,100
31	0.04880836029343042	88,40,53,13,57,9,41,93
32	0.16051669721712813	71,8,95,48,55,94,81,34
33	0.06392469681327287	93,44,42,43,31,17
34	0.11745215457110647	54,88,59,91,12
35	0.03805501269450461	21,65,25,54,56,11,73,4
36	0.07325788083366643	1,2,3,4,5,6,7,8,9,10,11,12,13,14,15,16,17,18,19,20,21,22,23,24,25,26,27,28,29,30,31,32,33,34,35,36,37,38,39,40,41,42,43,44,45,46,47,48,49,50,51,52,53,54,55,56,57,58,59,60,61,62,63,64,65,66,67,68,69,70,71,72,73,74,75,76,77,78,79,80,81,82,83,84,85,86,87,88,89,90,91,92,93,94,95,96,97,98,99,100
37	0.031281448824639034	27,26,54,32,36,8
38	0.03771031475376671	55,72,86,39,75
39	0.0852650202983097	50
4	0.0801961076761176	32
40	0.05880606160052552	75,84
41	0.11003006072148354	15,89,61
42	0.034569750405546294	4,93,76,86
43	0.05212989549634191	80,82
44	0.06898597562992315	64,98,50,16
45	0.033923727185908414	1,2,3,4,5,6,7,8,9,10,11,12,13,14,15,16,17,18,19,20,21,22,23,24,25,26,27,28,29,30,31,32,33,34,35,36,37,38,39,40,41,42,43,44,45,46,47,48,49,50,51,52,53,54,55,56,57,58,59,60,61,62,63,64,65,66,67,68,69,70,71,72,73,74,75,76,77,78,79,80,81,82,83,84,85,86,87,88,89,90,91,92,93,94,95,96,97,98,99,100
46	0.056261346231770405	30,20,25,59,91,11,62,67,26
47	0.0485305946217547	88
48	0.06865486162543961	41
49	0.1289022600867277	58,89,59,94,41,51,87,85,29
5	0.09563067811512194	27,20,87,49,25
50	0.10659038363272941	80,49,48,47,32
51	0.06456177926265692	54,84,82
52	0.030350203502359778	15,72,24,76
53	0.041604921198606766	8,23,9
54	0.11022855856981939	2,22,59,40,90,95,55,48,77
55	0.09427682454733055	80,91,20,65,66
56	0.02487342105678789	43,66,76,77,38,39,40,67,59
57	0.03225603991373464	1,2,3,4,5,6,7,8,9,10,11,12,13,14,15,16,17,18,19,20,21,22,23,24,25,26,27,28,29,30,31,32,33,34,35,36,37,38,39,40,41,42,43,44,45,46,47,48,49,50,51,52,53,54,55,56,57,58,59,60,61,62,63,64,65,66,67,68,69,70,71,72,73,74,75,76,77,78,79,80,81,82,83,84,85,86,87,88,89,90,91,92,93,94,95,96,97,98,99,100
58	0.10478899136088149	98,99,40,55,35,2,96,12,3
59	0.09798245119261367	3,26
6	0.049250188356163196	74,71,40,56,98,79,22,48,78
60	0.024595072679594807	77,15,96,61,59,25,4,35
61	0.05378826861591195	1,2,3,4,5,6,7,8,9,10,11,12,13,14,15,16,17,18,19,20,21,22,23,24,25,26,27,28,29,30,31,32,33,34,35,36,37,38,39,40,41,42,43,44,45,46,47,48,49,50,51,52,53,54,55,56,57,58,59,60,61,62,63,64,65,66,67,68,69,70,71,72,73,74,75,76,77,78,79,80,81,82,83,84,85,86,87,88,89,90,91,92,93,94,95,96,97,98,99,100
62	0.03201476387181552	73,31,37,62,61,24
63	0.0275833198725626	68
64	0.07918421349088094	39,79,28,31,99,98,93,55
65	0.062198169319044636	1,2,3,4,5,6,7,8,9,10,11,12,13,14,15,16,17,18,19,20,21,22,23,24,25,26,27,28,29,30,31,32,33,34,35,36,37,38,39,40,41,42,43,44,45,46,47,48,49,50,51,52,53,54,55,56,57,58,59,60,61,62,63,64,65,66,67,68,69,70,71,72,73,74,75,76,77,78,79,80,81,82,83,84,85,86,87,88,89,90,91,92,93,94,95,96,97,98,99,100
66	0.04216141278805948	1,2,3,4,5,6,7,8,9,10,11,12,13,14,15,16,17,18,19,20,21,22,23,24,25,26,27,28,29,30,31,32,33,34,35,36,37,38,39,40,41,42,43,44,45,46,47,48,49,50,51,52,53,54,55,56,57,58,59,60,61,62,63,64,65,66,67,68,69,70,71,72,73,74,75,76,77,78,79,80,81,82,83,84,85,86,87,88,89,90,91,92,93,94,95,96,97,98,99,100
67	0.02384139604758246	75,60,99,28,54,26
68	0.04742470577317438	34,31,69,1,80,29,43,60
69	0.03629142593116786	58
7	0.04198712729675782	8,92,97
70	0.033035040921025105	94
71	0.03788499896818804	64,18,43,80
72	0.06780349302909641	81,13,58
73	0.03670435023287933	91,64
74	0.04017173169811463	89
75	0.08911440222787073	45,44,28,41,70,24,83,78,84
76	0.09611154926253654	1,2,3,4,5,6,7,8,9,10,11,12,13,14,15,16,17,18,19,20,21,22,23,24,25,26,27,28,29,30,31,32,33,34,35,36,37,38,39,40,41,42,43,44,45,46,47,48,49,50,51,52,53,54,55,56,57,58,59,60,61,62,63,64,65,66,67,68,69,70,71,72,73,74,75,76,77,78,79,80,81,82,83,84,85,86,87,88,89,90,91,92,93,94,95,96,97,98,99,100
77	0.0871332724260464	87,11,54,77,69,63,58
78	0.03286771710639284	50,93,58,87,57,42,11
79	0.03693145159502436	38,51,58,30,96,69,11,82
8	0.14472746946568696	25,51,9,32,72
80	0.0987742672854279	44,76,92,45,46,59,97,96,94
81	0.05666057066239856	32,46,93,23,5
82	0.07706800585990708	46,6,89
83	0.036016504788174204	10
84	0.08101732121043251	1,2,3,4,5,6,7,8,9,10,11,12,13,14,15,16,17,18,19,20,21,22,23,24,25,26,27,28,29,30,31,32,33,34,35,36,37,38,39,40,41,42,43,44,45,46,47,48,49,50,51,52,53,54,55,56,57,58,59,60,61,62,63,64,65,66,67,68,69,70,71,72,73,74,75,76,77,78,79,80,81,82,83,84,85,86,87,88,89,90,91,92,93,94,95,96,97,98,99,100
85	0.035383875328055925	86,22
86	0.06423686462673123	21,65,24,58,68,83,7
87	0.0896259064456659	44,9,19,26,4,65,12
88	0.10723400815779738	1,2,3,4,5,6,7,8,9,10,11,12,13,14,15,16,17,18,19,20,21,22,23,24,25,26,27,28,29,30,31,32,33,34,35,36,37,38,39,40,41,42,43,44,45,46,47,48,49,50,51,52,53,54,55,56,57,58,59,60,61,62,63,64,65,66,67,68,69,70,71,72,73,74,75,76,77,78,79,80,81,82,83,84,85,86,87,88,89,90,91,92,93,94,95,96,97,98,99,100
89	0.12622440932157222	10,77,18,55
9	0.07087847846519518	13,34,87,86,97,6
90	0.03502915910270258	11,82,14
91	0.07834674836155756	39,29,5
92	0.04372651484197194	9,28,94,34,37,54,48,25,73
93	0.05742242450559932	34
94	0.09301191116219569	49
95	0.04963117412666386	72,98,22,87,85,8
96	0.040602021059389946	99,97,23,1,80,81,32
97	0.07095570569974542	62,38,33,59,14,95,7,16,25
98	0.06956266433842465	22,16,97,64,74,87,94
99	0.054253145288178095	47,84,7,54,33,87,27
