1	0.02806556068316326	98,86
10	0.08211470279385191	53,27,77,97,40
100	0.018742465906889223	69,55,31,17,6,66,15,87
11	0.07193448870334976	8,4
12	0.0863776670208039	18,33
13	0.05565400158844304	77,44,82,23,28
14	0.03579512271943357	47,29,35,34,8,22
15	0.06391559179509905	76
16	0.06674464212088126	79,24,88,3,76,59
17	0.029331426459395907	33,38,21,54,12,58,8
18	0.10143105982117678	19,53,84,26,70,8,90,59,75
19	0.03937436066148179	1,2,3,4,5,6,7,8,9,10,11,12,13,14,15,16,17,18,19,20,21,22,23,24,25,26,27,28,29,30,31,32,33,34,35,36,37,38,39,40,41,42,43,44,45,46,47,48,49,50,51,52,53,54,55,56,57,58,59,60,61,62,63,64,65,66,67,68,69,70,71,72,73,74,75,76,77,78,79,80,81,82,83,84,85,86,87,88,89,90,91,92,93,94,95,96,97,98,99,100
2	0.05000219763983166	54,4,57,34,36
20	0.05982787759482516	2,51,72,36,44
21	0.03312262217456044	78,47,11,83,80,25
22	0.07168526984593983	64,88,12
23	0.05510854855329222	92,8,54,4,89,66
24	0.05529996325215826	7,31,32,42,16,89,35
25	0.09157855639612542	8,75,39
26	0.10007920041567661	36,5
27	0.061095745792551254	74,5,32,41
28	0.05233891291243076	99,52,43
29	0.06611115607944756	91,18,8,34,37,38,80
3	0.08569099167141755	54,39,75,16,11,73,65
30	0.02741877497140785	1,2,3,4,5,6,7,8,9,10,11,12,13,14,15,16,17,18,19,20,21,22,23,24,25,26,27,28,29,30,31,32,33,34,35,36,37,38,39,40,41,42,43,44,45,46,47,48,49,50,51,52,53,54,55,56,57,58,59,60,61,62,63,64,65,66,67,68,69,70,71,72,73,74,75,76,77,78,79,80,81,82,83,84,85,86,87,88,89,90,91,92,93,94,95,96,97,98,99,100
31	0.0539986461519953	88,40,53,13,57,9,41,93
32	0.1828428265368951	71,8,95,48,55,94,81,34
33	0.07180080878789065	93,44,42,43,31,17
34	0.13275205372703971	54,88,59,91,12
35	0.041751226989242406	21,65,25,54,56,11,73,4
36	0.08299618210870448	1,2,3,4,5,6,7,8,9,10,11,12,13,14,15,16,17,18,19,20,21,22,23,24,25,26,27,28,29,30,31,32,33,34,35,36,37,38,39,40,41,42,43,44,45,46,47,48,49,50,51,52,53,54,55,56,57,58,59,60,61,62,63,64,65,66,67,68,69,70,71,72,73,74,75,76,77,78,79,80,81,82,83,84,85,86,87,88,89,90,91,92,93,94,95,96,97,98,99,100
37	0.034092845763183006	27,26,54,32,36,8
38	0.04147919381502972	55,72,86,39,75
39	0.09657554860612365	50
4	0.090013432614821	32
40	0.06582748708120906	75,84
41	0.12570605576151225	15,89,61
42	0.03787684644744341	4,93,76,86
43	0.057736598330091746	80,82
44	0.07805047486897351	64,98,50,16
45	0.037418380543315595	1,2,3,4,5,6,7,8,9,10,11,12,13,14,15,16,17,18,19,20,21,22,23,24,25,26,27,28,29,30,31,32,33,34,35,36,37,38,39,40,41,42,43,44,45,46,47,48,49,50,51,52,53,54,55,56,57,58,59,60,61,62,63,64,65,66,67,68,69,70,71,72,73,74,75,76,77,78,79,80,81,82,83,84,85,86,87,88,89,90,91,92,93,94,95,96,97,98,99,100
46	0.06296379278935112	30,20,25,59,91,11,62,67,26
47	0.05405603841753896	88
48	0.07792968665798702	41
49	0.14744507168915139	58,89,59,94,41,51,87,85,29
5	0.10887580069510652	27,20,87,49,25
50	0.12138883290340663	80,49,48,47,32
51	0.07312908134006024	54,84,82
52	0.03287183462248929	15,72,24,76
53	0.04607236152347783	8,23,9
54	0.12489977189190087	2,22,59,40,90,95,55,48,77
55	0.10724563687321592	80,91,20,65,66
56	0.026723866760633857	43,66,76,77,38,39,40,67,59
57	0.03516861755080846	1,2,3,4,5,6,7,8,9,10,11,12,13,14,15,16,17,18,19,20,21,22,23,24,25,26,27,28,29,30,31,32,33,34,35,36,37,38,39,40,41,42,43,44,45,46,47,48,49,50,51,52,53,54,55,56,57,58,59,60,61,62,63,64,65,66,67,68,69,70,71,72,73,74,75,76,77,78,79,80,81,82,83,84,85,86,87,88,89,90,91,92,93,94,95,96,97,98,99,100
58	0.11782667210705958	98,99,40,55,35,2,96,12,3
59	0.11162079560682883	3,26
6	0.05474311822185095	74,71,40,56,98,79,22,48,78
60	0.026183220141171422	77,15,96,61,59,25,4,35
61	0.06048725414926361	1,2,3,4,5,6,7,8,9,10,11,12,13,14,15,16,17,18,19,20,21,22,23,24,25,26,27,28,29,30,31,32,33,34,35,36,37,38,39,40,41,42,43,44,45,46,47,48,49,50,51,52,53,54,55,56,57,58,59,60,61,62,63,64,65,66,67,68,69,70,71,72,73,74,75,76,77,78,79,80,81,82,83,84,85,86,87,88,89,90,91,92,93,94,95,96,97,98,99,100
62	0.0349970168513188	73,31,37,62,61,24
63	0.030015090438426033	68
64	0.08886904396764522	39,79,28,31,99,98,93,55
65	0.0702210673506315	1,2,3,4,5,6,7,8,9,10,11,12,13,14,15,16,17,18,19,20,21,22,23,24,25,26,27,28,29,30,31,32,33,34,35,36,37,38,39,40,41,42,43,44,45,46,47,48,49,50,51,52,53,54,55,56,57,58,59,60,61,62,63,64,65,66,67,68,69,70,71,72,73,74,75,76,77,78,79,80,81,82,83,84,85,86,87,88,89,90,91,92,93,94,95,96,97,98,99,100
66	0.04674198749376873	1,2,3,4,5,6,7,8,9,10,11,12,13,14,15,16,17,18,19,20,21,22,23,24,25,26,27,28,29,30,31,32,33,34,35,36,37,38,39,40,41,42,43,44,45,46,47,48,49,50,51,52,53,54,55,56,57,58,59,60,61,62,63,64,65,66,67,68,69,70,71,72,73,74,75,76,77,78,79,80,81,82,83,84,85,86,87,88,89,90,91,92,93,94,95,96,97,98,99,100
67	0.025569810754770307	75,60,99,28,54,26
68	0.05160058579179311	34,31,69,1,80,29,43,60
69	0.03982219931887052	58
7	0.0463357705104487	8,92,97
70	0.03645156107897278	94
71	0.04206418399435975	64,18,43,80
72	0.07624180938778882	81,13,58
73	0.040416602696141564	91,64
74	0.04436206552862918	89
75	0.10079384029094098	45,44,28,41,70,24,83,78,84
76	0.10813991401978855	1,2,3,4,5,6,7,8,9,10,11,12,13,14,15,16,17,18,19,20,21,22,23,24,25,26,27,28,29,30,31,32,33,34,35,36,37,38,39,40,41,42,43,44,45,46,47,48,49,50,51,52,53,54,55,56,57,58,59,60,61,62,63,64,65,66,67,68,69,70,71,72,73,74,75,76,77,78,79,80,81,82,83,84,85,86,87,88,89,90,91,92,93,94,95,96,97,98,99,100
77	0.0987090131259239	87,11,54,77,69,63,58
78	0.03597363690188843	50,93,58,87,57,42,11
79	0.04076950109876507	38,51,58,30,96,69,11,82
8	0.16420757312747247	25,51,9,32,72
80	0.1115438692152067	44,76,92,45,46,59,97,96,94
81	0.0636598941447739	32,46,93,23,5
82	0.08638493719767133	46,6,89
83	0.03947811503796461	10
84	0.09166983965515957	1,2,3,4,5,6,7,8,9,10,11,12,13,14,15,16,17,18,19,20,21,22,23,24,25,26,27,28,29,30,31,32,33,34,35,36,37,38,39,40,41,42,43,44,45,46,47,48,49,50,51,52,53,54,55,56,57,58,59,60,61,62,63,64,65,66,67,68,69,70,71,72,73,74,75,76,77,78,79,80,81,82,83,84,85,86,87,88,89,90,91,92,93,94,95,96,97,98,99,100
85	0.03924918036451101	86,22
86	0.07099897653629184	21,65,24,58,68,83,7
87	0.10190197874460782	44,9,19,26,4,65,12
88	0.12103937590487479	1,2,3,4,5,6,7,8,9,10,11,12,13,14,15,16,17,18,19,20,21,22,23,24,25,26,27,28,29,30,31,32,33,34,35,36,37,38,39,40,41,42,43,44,45,46,47,48,49,50,51,52,53,54,55,56,57,58,59,60,61,62,63,64,65,66,67,68,69,70,71,72,73,74,75,76,77,78,79,80,81,82,83,84,85,86,87,88,89,90,91,92,93,94,95,96,97,98,99,100
89	0.1432625907740757	10,77,18,55
9	0.07995006514320643	13,34,87,86,97,6
90	0.03877809874130078	11,82,14
91	0.08840987262389831	39,29,5
92	0.04827885275930192	9,28,94,34,37,54,48,25,73
93	0.06404293439224781	34
94	0.10516791515262722	49
95	0.05579256959820008	72,98,22,87,85,8
96	0.044925864889035085	99,97,23,1,80,81,32
97	0.07961731612030927	62,38,33,59,14,95,7,16,25
98	0.07786222742526742	22,16,97,64,74,87,94
99	0.06033977253755231	47,84,7,54,33,87,27
