1	0.02623511425072163	98,86
10	0.07400245900106103	53,27,77,97,40
100	0.017999802298453733	69,55,31,17,6,66,15,87
11	0.06458445238032853	8,4
12	0.0769217305777252	18,33
13	0.05016431232328829	77,44,82,23,28
14	0.03294113488312417	47,29,35,34,8,22
15	0.05730151236499524	76
16	0.05964898924664115	79,24,88,3,76,59
17	0.02724301641700263	33,38,21,54,12,58,8
18	0.08991408888406416	19,53,84,26,70,8,90,59,75
19	0.03567816318194881	1,2,3,4,5,6,7,8,9,10,11,12,13,14,15,16,17,18,19,20,21,22,23,24,25,26,27,28,29,30,31,32,33,34,35,36,37,38,39,40,41,42,43,44,45,46,47,48,49,50,51,52,53,54,55,56,57,58,59,60,61,62,63,64,65,66,67,68,69,70,71,72,73,74,75,76,77,78,79,80,81,82,83,84,85,86,87,88,89,90,91,92,93,94,95,96,97,98,99,100
2	0.045029450428357085	54,4,57,34,36
20	0.05337034622047351	2,51,72,36,44
21	0.030718596081315455	78,47,11,83,80,25
22	0.06437204283612427	64,88,12
23	0.0499209179302805	92,8,54,4,89,66
24	0.050137923761861825	7,31,32,42,16,89,35
25	0.08144556218280158	8,75,39
26	0.08844134659555453	36,5
27	0.05492507398692663	74,5,32,41
28	0.04734647049914065	99,52,43
29	0.05922647653936381	91,18,8,34,37,38,80
3	0.07587438267086816	54,39,75,16,11,73,65
30	0.025507394123247786	1,2,3,4,5,6,7,8,9,10,11,12,13,14,15,16,17,18,19,20,21,22,23,24,25,26,27,28,29,30,31,32,33,34,35,36,37,38,39,40,41,42,43,44,45,46,47,48,49,50,51,52,53,54,55,56,57,58,59,60,61,62,63,64,65,66,67,68,69,70,71,72,73,74,75,76,77,78,79,80,81,82,83,84,85,86,87,88,89,90,91,92,93,94,95,96,97,98,99,100
31	0.0490446950985461	88,40,53,13,57,9,41,93
32	0.1615332966042134	71,8,95,48,55,94,81,34
33	0.06428332820072936	93,44,42,43,31,17
34	0.1181488211616061	54,88,59,91,12
35	0.03822331635223148	21,65,25,54,56,11,73,4
36	0.07370130525662222	1,2,3,4,5,6,7,8,9,10,11,12,13,14,15,16,17,18,19,20,21,22,23,24,25,26,27,28,29,30,31,32,33,34,35,36,37,38,39,40,41,42,43,44,45,46,47,48,49,50,51,52,53,54,55,56,57,58,59,60,61,62,63,64,65,66,67,68,69,70,71,72,73,74,75,76,77,78,79,80,81,82,83,84,85,86,87,88,89,90,91,92,93,94,95,96,97,98,99,100
37	0.031409463149986334	27,26,54,32,36,8
38	0.037881927131404786	55,72,86,39,75
39	0.08578003461267812	50
4	0.08064313037416591	32
40	0.05912577563647475	75,84
41	0.11074385246875058	15,89,61
42	0.034720335925907696	4,93,76,86
43	0.052385191460318156	80,82
44	0.06939871910780956	64,98,50,16
45	0.03408285295396708	1,2,3,4,5,6,7,8,9,10,11,12,13,14,15,16,17,18,19,20,21,22,23,24,25,26,27,28,29,30,31,32,33,34,35,36,37,38,39,40,41,42,43,44,45,46,47,48,49,50,51,52,53,54,55,56,57,58,59,60,61,62,63,64,65,66,67,68,69,70,71,72,73,74,75,76,77,78,79,80,81,82,83,84,85,86,87,88,89,90,91,92,93,94,95,96,97,98,99,100
46	0.05656653585709679	30,20,25,59,91,11,62,67,26
47	0.04878219053101361	88
48	0.06907718209894306	41
49	0.1297465896507667	58,89,59,94,41,51,87,85,29
5	0.09623378235985981	27,20,87,49,25
50	0.10726421716202533	80,49,48,47,32
51	0.0649518833367176	54,84,82
52	0.030465023616358673	15,72,24,76
53	0.04180834191230538	8,23,9
54	0.11089659852860113	2,22,59,40,90,95,55,48,77
55	0.09486734726747731	80,91,20,65,66
56	0.02495767936879977	43,66,76,77,38,39,40,67,59
57	0.03238866140988627	1,2,3,4,5,6,7,8,9,10,11,12,13,14,15,16,17,18,19,20,21,22,23,24,25,26,27,28,29,30,31,32,33,34,35,36,37,38,39,40,41,42,43,44,45,46,47,48,49,50,51,52,53,54,55,56,57,58,59,60,61,62,63,64,65,66,67,68,69,70,71,72,73,74,75,76,77,78,79,80,81,82,83,84,85,86,87,88,89,90,91,92,93,94,95,96,97,98,99,100
58	0.10538264994347382	98,99,40,55,35,2,96,12,3
59	0.09860346042794722	3,26
6	0.049500303775380866	74,71,40,56,98,79,22,48,78
60	0.024667387487726455	77,15,96,61,59,25,4,35
61	0.054093300651396066	1,2,3,4,5,6,7,8,9,10,11,12,13,14,15,16,17,18,19,20,21,22,23,24,25,26,27,28,29,30,31,32,33,34,35,36,37,38,39,40,41,42,43,44,45,46,47,48,49,50,51,52,53,54,55,56,57,58,59,60,61,62,63,64,65,66,67,68,69,70,71,72,73,74,75,76,77,78,79,80,81,82,83,84,85,86,87,88,89,90,91,92,93,94,95,96,97,98,99,100
62	0.032150557968122925	73,31,37,62,61,24
63	0.0276940482691405	68
64	0.07962520318070278	39,79,28,31,99,98,93,55
65	0.06256348446611483	1,2,3,4,5,6,7,8,9,10,11,12,13,14,15,16,17,18,19,20,21,22,23,24,25,26,27,28,29,30,31,32,33,34,35,36,37,38,39,40,41,42,43,44,45,46,47,48,49,50,51,52,53,54,55,56,57,58,59,60,61,62,63,64,65,66,67,68,69,70,71,72,73,74,75,76,77,78,79,80,81,82,83,84,85,86,87,88,89,90,91,92,93,94,95,96,97,98,99,100
66	0.042369984970913044	1,2,3,4,5,6,7,8,9,10,11,12,13,14,15,16,17,18,19,20,21,22,23,24,25,26,27,28,29,30,31,32,33,34,35,36,37,38,39,40,41,42,43,44,45,46,47,48,49,50,51,52,53,54,55,56,57,58,59,60,61,62,63,64,65,66,67,68,69,70,71,72,73,74,75,76,77,78,79,80,81,82,83,84,85,86,87,88,89,90,91,92,93,94,95,96,97,98,99,100
67	0.023920097793280776	75,60,99,28,54,26
68	0.047614850556010654	34,31,69,1,80,29,43,60
69	0.03645219639322307	58
7	0.04218513869208532	8,92,97
70	0.033190608967590324	94
71	0.038075294246369726	64,18,43,80
72	0.06818772385831089	81,13,58
73	0.03687338417056731	91,64
74	0.0403625346225516	89
75	0.08964621450066317	45,44,28,41,70,24,83,78,84
76	0.09665924957730034	1,2,3,4,5,6,7,8,9,10,11,12,13,14,15,16,17,18,19,20,21,22,23,24,25,26,27,28,29,30,31,32,33,34,35,36,37,38,39,40,41,42,43,44,45,46,47,48,49,50,51,52,53,54,55,56,57,58,59,60,61,62,63,64,65,66,67,68,69,70,71,72,73,74,75,76,77,78,79,80,81,82,83,84,85,86,87,88,89,90,91,92,93,94,95,96,97,98,99,100
77	0.08766036293346653	87,11,54,77,69,63,58
78	0.033009142255958794	50,93,58,87,57,42,11
79	0.03710621358334585	38,51,58,30,96,69,11,82
8	0.14561447774595704	25,51,9,32,72
80	0.09935571915121688	44,76,92,45,46,59,97,96,94
81	0.05697927830720435	32,46,93,23,5
82	0.07749224360242427	46,6,89
83	0.03617412596920252	10
84	0.0815023736625064	1,2,3,4,5,6,7,8,9,10,11,12,13,14,15,16,17,18,19,20,21,22,23,24,25,26,27,28,29,30,31,32,33,34,35,36,37,38,39,40,41,42,43,44,45,46,47,48,49,50,51,52,53,54,55,56,57,58,59,60,61,62,63,64,65,66,67,68,69,70,71,72,73,74,75,76,77,78,79,80,81,82,83,84,85,86,87,88,89,90,91,92,93,94,95,96,97,98,99,100
85	0.035559878372391926	86,22
86	0.0645447710619148	21,65,24,58,68,83,7
87	0.09018488590527449	44,9,19,26,4,65,12
88	0.10786262264233988	1,2,3,4,5,6,7,8,9,10,11,12,13,14,15,16,17,18,19,20,21,22,23,24,25,26,27,28,29,30,31,32,33,34,35,36,37,38,39,40,41,42,43,44,45,46,47,48,49,50,51,52,53,54,55,56,57,58,59,60,61,62,63,64,65,66,67,68,69,70,71,72,73,74,75,76,77,78,79,80,81,82,83,84,85,86,87,88,89,90,91,92,93,94,95,96,97,98,99,100
89	0.12700022696734475	10,77,18,55
9	0.07129154466500681	13,34,87,86,97,6
90	0.03519986355882217	11,82,14
91	0.07880496329948743	39,29,5
92	0.043933801288353516	9,28,94,34,37,54,48,25,73
93	0.0577238832198833	34
94	0.09356542341876714	49
95	0.04991172750068961	72,98,22,87,85,8
96	0.04079890323920525	99,97,23,1,80,81,32
97	0.07135010402277805	62,38,33,59,14,95,7,16,25
98	0.06994057717242504	22,16,97,64,74,87,94
99	0.054530294161441464	47,84,7,54,33,87,27
