1	0.027533342979694796	98,86
10	0.07975599952289933	53,27,77,97,40
100	0.018526530208622258	69,55,31,17,6,66,15,87
11	0.06979740373465373	8,4
12	0.08362827379170804	18,33
13	0.05405782824978056	77,44,82,23,28
14	0.034965301700148596	47,29,35,34,8,22
15	0.06199249250147223	76
16	0.06468152129777023	79,24,88,3,76,59
17	0.028724203630484585	33,38,21,54,12,58,8
18	0.09808240347783956	19,53,84,26,70,8,90,59,75
19	0.038299660099060114	1,2,3,4,5,6,7,8,9,10,11,12,13,14,15,16,17,18,19,20,21,22,23,24,25,26,27,28,29,30,31,32,33,34,35,36,37,38,39,40,41,42,43,44,45,46,47,48,49,50,51,52,53,54,55,56,57,58,59,60,61,62,63,64,65,66,67,68,69,70,71,72,73,74,75,76,77,78,79,80,81,82,83,84,85,86,87,88,89,90,91,92,93,94,95,96,97,98,99,100
2	0.04855632948664316	54,4,57,34,36
20	0.05795029599958053	2,51,72,36,44
21	0.032423631337815624	78,47,11,83,80,25
22	0.06955888748563599	64,88,12
23	0.053600201192641805	92,8,54,4,89,66
24	0.05379905676535553	7,31,32,42,16,89,35
25	0.08863230297539859	8,75,39
26	0.09669539642570561	36,5
27	0.05930157103287386	74,5,32,41
28	0.05088731818809078	99,52,43
29	0.06410937753923975	91,18,8,34,37,38,80
3	0.08283672995407174	54,39,75,16,11,73,65
30	0.02686302489990679	1,2,3,4,5,6,7,8,9,10,11,12,13,14,15,16,17,18,19,20,21,22,23,24,25,26,27,28,29,30,31,32,33,34,35,36,37,38,39,40,41,42,43,44,45,46,47,48,49,50,51,52,53,54,55,56,57,58,59,60,61,62,63,64,65,66,67,68,69,70,71,72,73,74,75,76,77,78,79,80,81,82,83,84,85,86,87,88,89,90,91,92,93,94,95,96,97,98,99,100
31	0.05255824314484711	88,40,53,13,57,9,41,93
32	0.1766469011837729	71,8,95,48,55,94,81,34
33	0.06961503803884746	93,44,42,43,31,17
34	0.1285060409700566	54,88,59,91,12
35	0.04072545727008267	21,65,25,54,56,11,73,4
36	0.08029361830506548	1,2,3,4,5,6,7,8,9,10,11,12,13,14,15,16,17,18,19,20,21,22,23,24,25,26,27,28,29,30,31,32,33,34,35,36,37,38,39,40,41,42,43,44,45,46,47,48,49,50,51,52,53,54,55,56,57,58,59,60,61,62,63,64,65,66,67,68,69,70,71,72,73,74,75,76,77,78,79,80,81,82,83,84,85,86,87,88,89,90,91,92,93,94,95,96,97,98,99,100
37	0.03331262964634315	27,26,54,32,36,8
38	0.040433258212089984	55,72,86,39,75
39	0.09343666198406327	50
4	0.08728893831674606	32
40	0.06387890805136201	75,84
41	0.12135566902953278	15,89,61
42	0.036959064414297235	4,93,76,86
43	0.05618063171627058	80,82
44	0.0755349039290237	64,98,50,16
45	0.03644854779868828	1,2,3,4,5,6,7,8,9,10,11,12,13,14,15,16,17,18,19,20,21,22,23,24,25,26,27,28,29,30,31,32,33,34,35,36,37,38,39,40,41,42,43,44,45,46,47,48,49,50,51,52,53,54,55,56,57,58,59,60,61,62,63,64,65,66,67,68,69,70,71,72,73,74,75,76,77,78,79,80,81,82,83,84,85,86,87,88,89,90,91,92,93,94,95,96,97,98,99,100
46	0.06110373642143253	30,20,25,59,91,11,62,67,26
47	0.05252262273230747	88
48	0.07535574641158742	41
49	0.14229908897278898	58,89,59,94,41,51,87,85,29
5	0.10520002728370383	27,20,87,49,25
50	0.11728198188357586	80,49,48,47,32
51	0.0707514921095329	54,84,82
52	0.032172034077841694	15,72,24,76
53	0.04483256192785581	8,23,9
54	0.12082823127690423	2,22,59,40,90,95,55,48,77
55	0.10364654485661409	80,91,20,65,66
56	0.026210332898434635	43,66,76,77,38,39,40,67,59
57	0.03436032189896806	1,2,3,4,5,6,7,8,9,10,11,12,13,14,15,16,17,18,19,20,21,22,23,24,25,26,27,28,29,30,31,32,33,34,35,36,37,38,39,40,41,42,43,44,45,46,47,48,49,50,51,52,53,54,55,56,57,58,59,60,61,62,63,64,65,66,67,68,69,70,71,72,73,74,75,76,77,78,79,80,81,82,83,84,85,86,87,88,89,90,91,92,93,94,95,96,97,98,99,100
58	0.11420846784298783	98,99,40,55,35,2,96,12,3
59	0.1078358956888431	3,26
6	0.053218725779510506	74,71,40,56,98,79,22,48,78
60	0.025742479038095505	77,15,96,61,59,25,4,35
61	0.05862815833992383	1,2,3,4,5,6,7,8,9,10,11,12,13,14,15,16,17,18,19,20,21,22,23,24,25,26,27,28,29,30,31,32,33,34,35,36,37,38,39,40,41,42,43,44,45,46,47,48,49,50,51,52,53,54,55,56,57,58,59,60,61,62,63,64,65,66,67,68,69,70,71,72,73,74,75,76,77,78,79,80,81,82,83,84,85,86,87,88,89,90,91,92,93,94,95,96,97,98,99,100
62	0.034169384950959246	73,31,37,62,61,24
63	0.029340227890678812	68
64	0.08618131943556523	39,79,28,31,99,98,93,55
65	0.06799456060691979	1,2,3,4,5,6,7,8,9,10,11,12,13,14,15,16,17,18,19,20,21,22,23,24,25,26,27,28,29,30,31,32,33,34,35,36,37,38,39,40,41,42,43,44,45,46,47,48,49,50,51,52,53,54,55,56,57,58,59,60,61,62,63,64,65,66,67,68,69,70,71,72,73,74,75,76,77,78,79,80,81,82,83,84,85,86,87,88,89,90,91,92,93,94,95,96,97,98,99,100
66	0.045470790969602645	1,2,3,4,5,6,7,8,9,10,11,12,13,14,15,16,17,18,19,20,21,22,23,24,25,26,27,28,29,30,31,32,33,34,35,36,37,38,39,40,41,42,43,44,45,46,47,48,49,50,51,52,53,54,55,56,57,58,59,60,61,62,63,64,65,66,67,68,69,70,71,72,73,74,75,76,77,78,79,80,81,82,83,84,85,86,87,88,89,90,91,92,93,94,95,96,97,98,99,100
67	0.02509014282286972	75,60,99,28,54,26
68	0.05044169966373935	34,31,69,1,80,29,43,60
69	0.03884234260974531	58
7	0.04512893933573192	8,92,97
70	0.0355034117906778	94
71	0.04090438072249308	64,18,43,80
72	0.0739000161328084	81,13,58
73	0.03938638204469483	91,64
74	0.04319916820364179	89
75	0.09755257417752572	45,44,28,41,70,24,83,78,84
76	0.10480181399721884	1,2,3,4,5,6,7,8,9,10,11,12,13,14,15,16,17,18,19,20,21,22,23,24,25,26,27,28,29,30,31,32,33,34,35,36,37,38,39,40,41,42,43,44,45,46,47,48,49,50,51,52,53,54,55,56,57,58,59,60,61,62,63,64,65,66,67,68,69,70,71,72,73,74,75,76,77,78,79,80,81,82,83,84,85,86,87,88,89,90,91,92,93,94,95,96,97,98,99,100
77	0.09549652495609462	87,11,54,77,69,63,58
78	0.035111685115936285	50,93,58,87,57,42,11
79	0.03970436937868806	38,51,58,30,96,69,11,82
8	0.15880147406310563	25,51,9,32,72
80	0.10800006192566536	44,76,92,45,46,59,97,96,94
81	0.06171744887404822	32,46,93,23,5
82	0.08379931161732238	46,6,89
83	0.03851745238486388	10
84	0.08871356327995499	1,2,3,4,5,6,7,8,9,10,11,12,13,14,15,16,17,18,19,20,21,22,23,24,25,26,27,28,29,30,31,32,33,34,35,36,37,38,39,40,41,42,43,44,45,46,47,48,49,50,51,52,53,54,55,56,57,58,59,60,61,62,63,64,65,66,67,68,69,70,71,72,73,74,75,76,77,78,79,80,81,82,83,84,85,86,87,88,89,90,91,92,93,94,95,96,97,98,99,100
85	0.03817648472724111	86,22
86	0.06912236195157204	21,65,24,58,68,83,7
87	0.0984951353495582	44,9,19,26,4,65,12
88	0.11720812380272586	1,2,3,4,5,6,7,8,9,10,11,12,13,14,15,16,17,18,19,20,21,22,23,24,25,26,27,28,29,30,31,32,33,34,35,36,37,38,39,40,41,42,43,44,45,46,47,48,49,50,51,52,53,54,55,56,57,58,59,60,61,62,63,64,65,66,67,68,69,70,71,72,73,74,75,76,77,78,79,80,81,82,83,84,85,86,87,88,89,90,91,92,93,94,95,96,97,98,99,100
89	0.138534171616013	10,77,18,55
9	0.07743252733058005	13,34,87,86,97,6
90	0.037737696726449985	11,82,14
91	0.0856171643114099	39,29,5
92	0.047015492472187094	9,28,94,34,37,54,48,25,73
93	0.0622056169942341	34
94	0.10179439293838617	49
95	0.05408266523732592	72,98,22,87,85,8
96	0.043725916027201	99,97,23,1,80,81,32
97	0.07721355461106862	62,38,33,59,14,95,7,16,25
98	0.07555894090253074	22,16,97,64,74,87,94
99	0.058650617782565	47,84,7,54,33,87,27
