1	0.026149163029309613	98,86
10	0.07362153704072914	53,27,77,97,40
100	0.017964929470449274	69,55,31,17,6,66,15,87
11	0.06423932095242525	8,4
12	0.07647771361429952	18,33
13	0.04990653613731447	77,44,82,23,28
14	0.03280712181932022	47,29,35,34,8,22
15	0.05699093884031354	76
16	0.05931580275457085	79,24,88,3,76,59
17	0.02714495214943095	33,38,21,54,12,58,8
18	0.08937329310701071	19,53,84,26,70,8,90,59,75
19	0.03550460296391879	1,2,3,4,5,6,7,8,9,10,11,12,13,14,15,16,17,18,19,20,21,22,23,24,25,26,27,28,29,30,31,32,33,34,35,36,37,38,39,40,41,42,43,44,45,46,47,48,49,50,51,52,53,54,55,56,57,58,59,60,61,62,63,64,65,66,67,68,69,70,71,72,73,74,75,76,77,78,79,80,81,82,83,84,85,86,87,88,89,90,91,92,93,94,95,96,97,98,99,100
2	0.04479594799931736	54,4,57,34,36
20	0.05306712362987019	2,51,72,36,44
21	0.030605711610986824	78,47,11,83,80,25
22	0.0640286398422554	64,88,12
23	0.04967732534840403	92,8,54,4,89,66
24	0.04989553284471143	7,31,32,42,16,89,35
25	0.08096975300196183	8,75,39
26	0.08789487458413006	36,5
27	0.05463532129616333	74,5,32,41
28	0.04711204325580069	99,52,43
29	0.058903196600354736	91,18,8,34,37,38,80
3	0.07541342980471237	54,39,75,16,11,73,65
30	0.025417642511314554	1,2,3,4,5,6,7,8,9,10,11,12,13,14,15,16,17,18,19,20,21,22,23,24,25,26,27,28,29,30,31,32,33,34,35,36,37,38,39,40,41,42,43,44,45,46,47,48,49,50,51,52,53,54,55,56,57,58,59,60,61,62,63,64,65,66,67,68,69,70,71,72,73,74,75,76,77,78,79,80,81,82,83,84,85,86,87,88,89,90,91,92,93,94,95,96,97,98,99,100
31	0.04881207526941019	88,40,53,13,57,9,41,93
32	0.1605326772684043	71,8,95,48,55,94,81,34
33	0.06393033418432933	93,44,42,43,31,17
34	0.1174631055592538	54,88,59,91,12
35	0.03805765828047938	21,65,25,54,56,11,73,4
36	0.07326485107691655	1,2,3,4,5,6,7,8,9,10,11,12,13,14,15,16,17,18,19,20,21,22,23,24,25,26,27,28,29,30,31,32,33,34,35,36,37,38,39,40,41,42,43,44,45,46,47,48,49,50,51,52,53,54,55,56,57,58,59,60,61,62,63,64,65,66,67,68,69,70,71,72,73,74,75,76,77,78,79,80,81,82,83,84,85,86,87,88,89,90,91,92,93,94,95,96,97,98,99,100
37	0.03128346109762396	27,26,54,32,36,8
38	0.03771301234991825	55,72,86,39,75
39	0.08527311587190152	50
4	0.08020313448109814	32
40	0.058811087224928844	75,84
41	0.11004128090208437	15,89,61
42	0.03457211747793231	4,93,76,86
43	0.05213390852511879	80,82
44	0.06899246359560982	64,98,50,16
45	0.03392622850350238	1,2,3,4,5,6,7,8,9,10,11,12,13,14,15,16,17,18,19,20,21,22,23,24,25,26,27,28,29,30,31,32,33,34,35,36,37,38,39,40,41,42,43,44,45,46,47,48,49,50,51,52,53,54,55,56,57,58,59,60,61,62,63,64,65,66,67,68,69,70,71,72,73,74,75,76,77,78,79,80,81,82,83,84,85,86,87,88,89,90,91,92,93,94,95,96,97,98,99,100
46	0.056266143545169976	30,20,25,59,91,11,62,67,26
47	0.04853454948891467	88
48	0.06866150013310278	41
49	0.12891553220738672	58,89,59,94,41,51,87,85,29
5	0.09564015838520491	27,20,87,49,25
50	0.10660097570516866	80,49,48,47,32
51	0.06456791135675978	54,84,82
52	0.03035200837390755	15,72,24,76
53	0.04160811879391995	8,23,9
54	0.11023905957240843	2,22,59,40,90,95,55,48,77
55	0.09428610704687512	80,91,20,65,66
56	0.02487474552359703	43,66,76,77,38,39,40,67,59
57	0.03225812460740624	1,2,3,4,5,6,7,8,9,10,11,12,13,14,15,16,17,18,19,20,21,22,23,24,25,26,27,28,29,30,31,32,33,34,35,36,37,38,39,40,41,42,43,44,45,46,47,48,49,50,51,52,53,54,55,56,57,58,59,60,61,62,63,64,65,66,67,68,69,70,71,72,73,74,75,76,77,78,79,80,81,82,83,84,85,86,87,88,89,90,91,92,93,94,95,96,97,98,99,100
58	0.10479832315343504	98,99,40,55,35,2,96,12,3
59	0.09799221291345439	3,26
6	0.04925411995131742	74,71,40,56,98,79,22,48,78
60	0.024596209404991895	77,15,96,61,59,25,4,35
61	0.05379306345213732	1,2,3,4,5,6,7,8,9,10,11,12,13,14,15,16,17,18,19,20,21,22,23,24,25,26,27,28,29,30,31,32,33,34,35,36,37,38,39,40,41,42,43,44,45,46,47,48,49,50,51,52,53,54,55,56,57,58,59,60,61,62,63,64,65,66,67,68,69,70,71,72,73,74,75,76,77,78,79,80,81,82,83,84,85,86,87,88,89,90,91,92,93,94,95,96,97,98,99,100
62	0.03201689843598068	73,31,37,62,61,24
63	0.027585060425899068	68
64	0.07919114546226033	39,79,28,31,99,98,93,55
65	0.062203911752943666	1,2,3,4,5,6,7,8,9,10,11,12,13,14,15,16,17,18,19,20,21,22,23,24,25,26,27,28,29,30,31,32,33,34,35,36,37,38,39,40,41,42,43,44,45,46,47,48,49,50,51,52,53,54,55,56,57,58,59,60,61,62,63,64,65,66,67,68,69,70,71,72,73,74,75,76,77,78,79,80,81,82,83,84,85,86,87,88,89,90,91,92,93,94,95,96,97,98,99,100
66	0.04216469135995232	1,2,3,4,5,6,7,8,9,10,11,12,13,14,15,16,17,18,19,20,21,22,23,24,25,26,27,28,29,30,31,32,33,34,35,36,37,38,39,40,41,42,43,44,45,46,47,48,49,50,51,52,53,54,55,56,57,58,59,60,61,62,63,64,65,66,67,68,69,70,71,72,73,74,75,76,77,78,79,80,81,82,83,84,85,86,87,88,89,90,91,92,93,94,95,96,97,98,99,100
67	0.023842633170039696	75,60,99,28,54,26
68	0.04742769468249129	34,31,69,1,80,29,43,60
69	0.03629395310190982	58
7	0.04199023986232768	8,92,97
70	0.033037486314355685	94
71	0.03788799024315985	64,18,43,80
72	0.06780953280093842	81,13,58
73	0.03670700729821497	91,64
74	0.04017473095284062	89
75	0.08912276185064492	45,44,28,41,70,24,83,78,84
76	0.09612015863140402	1,2,3,4,5,6,7,8,9,10,11,12,13,14,15,16,17,18,19,20,21,22,23,24,25,26,27,28,29,30,31,32,33,34,35,36,37,38,39,40,41,42,43,44,45,46,47,48,49,50,51,52,53,54,55,56,57,58,59,60,61,62,63,64,65,66,67,68,69,70,71,72,73,74,75,76,77,78,79,80,81,82,83,84,85,86,87,88,89,90,91,92,93,94,95,96,97,98,99,100
77	0.08714155782680773	87,11,54,77,69,63,58
78	0.03286994018577937	50,93,58,87,57,42,11
79	0.03693419870029511	38,51,58,30,96,69,11,82
8	0.14474141245835556	25,51,9,32,72
80	0.09878340719909298	44,76,92,45,46,59,97,96,94
81	0.05666558046721526	32,46,93,23,5
82	0.07707467450535858	46,6,89
83	0.03601898245497888	10
84	0.08102494580981177	1,2,3,4,5,6,7,8,9,10,11,12,13,14,15,16,17,18,19,20,21,22,23,24,25,26,27,28,29,30,31,32,33,34,35,36,37,38,39,40,41,42,43,44,45,46,47,48,49,50,51,52,53,54,55,56,57,58,59,60,61,62,63,64,65,66,67,68,69,70,71,72,73,74,75,76,77,78,79,80,81,82,83,84,85,86,87,88,89,90,91,92,93,94,95,96,97,98,99,100
85	0.035386641941639374	86,22
86	0.06424170464600035	21,65,24,58,68,83,7
87	0.08963469311280373	44,9,19,26,4,65,12
88	0.10724388942648937	1,2,3,4,5,6,7,8,9,10,11,12,13,14,15,16,17,18,19,20,21,22,23,24,25,26,27,28,29,30,31,32,33,34,35,36,37,38,39,40,41,42,43,44,45,46,47,48,49,50,51,52,53,54,55,56,57,58,59,60,61,62,63,64,65,66,67,68,69,70,71,72,73,74,75,76,77,78,79,80,81,82,83,84,85,86,87,88,89,90,91,92,93,94,95,96,97,98,99,100
89	0.12623660449492946	10,77,18,55
9	0.07088497150378764	13,34,87,86,97,6
90	0.03503184242712369	11,82,14
91	0.07835395109873862	39,29,5
92	0.04372977320321444	9,28,94,34,37,54,48,25,73
93	0.0574271631723476	34
94	0.09302061188969397	49
95	0.04963558417978761	72,98,22,87,85,8
96	0.04060511587468177	99,97,23,1,80,81,32
97	0.07096190529567804	62,38,33,59,14,95,7,16,25
98	0.06956860479691986	22,16,97,64,74,87,94
99	0.05425750182553403	47,84,7,54,33,87,27
