1	0.02840401398430671	98,86
10	0.08361467271774248	53,27,77,97,40
100	0.018879785921506916	69,55,31,17,6,66,15,87
11	0.07329352530349606	8,4
12	0.08812608836394052	18,33
13	0.05666905656489714	77,44,82,23,28
14	0.03632283073696253	47,29,35,34,8,22
15	0.06513854869021547	76
16	0.0680566427774823	79,24,88,3,76,59
17	0.029717577582297365	33,38,21,54,12,58,8
18	0.10356057087826762	19,53,84,26,70,8,90,59,75
19	0.04005779498508133	1,2,3,4,5,6,7,8,9,10,11,12,13,14,15,16,17,18,19,20,21,22,23,24,25,26,27,28,29,30,31,32,33,34,35,36,37,38,39,40,41,42,43,44,45,46,47,48,49,50,51,52,53,54,55,56,57,58,59,60,61,62,63,64,65,66,67,68,69,70,71,72,73,74,75,76,77,78,79,80,81,82,83,84,85,86,87,88,89,90,91,92,93,94,95,96,97,98,99,100
2	0.050921668518587225	54,4,57,34,36
20	0.06102188852445632	2,51,72,36,44
21	0.03356713142975277	78,47,11,83,80,25
22	0.07303750028858289	64,88,12
23	0.056067751524073374	92,8,54,4,89,66
24	0.056254434619425406	7,31,32,42,16,89,35
25	0.09345216744991916	8,75,39
26	0.10223106344928468	36,5
27	0.06223671579551194	74,5,32,41
28	0.053262025331077156	99,52,43
29	0.06738414743914203	91,18,8,34,37,38,80
3	0.0875061028050651	54,39,75,16,11,73,65
30	0.0277721932341629	1,2,3,4,5,6,7,8,9,10,11,12,13,14,15,16,17,18,19,20,21,22,23,24,25,26,27,28,29,30,31,32,33,34,35,36,37,38,39,40,41,42,43,44,45,46,47,48,49,50,51,52,53,54,55,56,57,58,59,60,61,62,63,64,65,66,67,68,69,70,71,72,73,74,75,76,77,78,79,80,81,82,83,84,85,86,87,88,89,90,91,92,93,94,95,96,97,98,99,100
31	0.05491464161529298	88,40,53,13,57,9,41,93
32	0.18678300115059698	71,8,95,48,55,94,81,34
33	0.07319080647572372	93,44,42,43,31,17
34	0.1354522217114678	54,88,59,91,12
35	0.04240354483317685	21,65,25,54,56,11,73,4
36	0.08471482323003397	1,2,3,4,5,6,7,8,9,10,11,12,13,14,15,16,17,18,19,20,21,22,23,24,25,26,27,28,29,30,31,32,33,34,35,36,37,38,39,40,41,42,43,44,45,46,47,48,49,50,51,52,53,54,55,56,57,58,59,60,61,62,63,64,65,66,67,68,69,70,71,72,73,74,75,76,77,78,79,80,81,82,83,84,85,86,87,88,89,90,91,92,93,94,95,96,97,98,99,100
37	0.034589008507425065	27,26,54,32,36,8
38	0.04214433560516477	55,72,86,39,75
39	0.09857166100418413	50
4	0.09174602042766927	32
40	0.0670666471874517	75,84
41	0.128472596971095	15,89,61
42	0.03846049154306474	4,93,76,86
43	0.05872608431908667	80,82
44	0.07965020150035955	64,98,50,16
45	0.038035126342208736	1,2,3,4,5,6,7,8,9,10,11,12,13,14,15,16,17,18,19,20,21,22,23,24,25,26,27,28,29,30,31,32,33,34,35,36,37,38,39,40,41,42,43,44,45,46,47,48,49,50,51,52,53,54,55,56,57,58,59,60,61,62,63,64,65,66,67,68,69,70,71,72,73,74,75,76,77,78,79,80,81,82,83,84,85,86,87,88,89,90,91,92,93,94,95,96,97,98,99,100
46	0.0641466583514334	30,20,25,59,91,11,62,67,26
47	0.05503118362557409	88
48	0.0795665327737841	41
49	0.15071755692833294	58,89,59,94,41,51,87,85,29
5	0.11121333489873464	27,20,87,49,25
50	0.12400050285131009	80,49,48,47,32
51	0.07464106154728874	54,84,82
52	0.03331685902708064	15,72,24,76
53	0.046860787548325115	8,23,9
54	0.12748898686424126	2,22,59,40,90,95,55,48,77
55	0.10953440731871963	80,91,20,65,66
56	0.02705043835722347	43,66,76,77,38,39,40,67,59
57	0.0356826371145456	1,2,3,4,5,6,7,8,9,10,11,12,13,14,15,16,17,18,19,20,21,22,23,24,25,26,27,28,29,30,31,32,33,34,35,36,37,38,39,40,41,42,43,44,45,46,47,48,49,50,51,52,53,54,55,56,57,58,59,60,61,62,63,64,65,66,67,68,69,70,71,72,73,74,75,76,77,78,79,80,81,82,83,84,85,86,87,88,89,90,91,92,93,94,95,96,97,98,99,100
58	0.12012759684642196	98,99,40,55,35,2,96,12,3
59	0.1140277268026161	3,26
6	0.05571252530400578	74,71,40,56,98,79,22,48,78
60	0.02646350069632787	77,15,96,61,59,25,4,35
61	0.06166950940998874	1,2,3,4,5,6,7,8,9,10,11,12,13,14,15,16,17,18,19,20,21,22,23,24,25,26,27,28,29,30,31,32,33,34,35,36,37,38,39,40,41,42,43,44,45,46,47,48,49,50,51,52,53,54,55,56,57,58,59,60,61,62,63,64,65,66,67,68,69,70,71,72,73,74,75,76,77,78,79,80,81,82,83,84,85,86,87,88,89,90,91,92,93,94,95,96,97,98,99,100
62	0.03552333283467735	73,31,37,62,61,24
63	0.030444255921891893	68
64	0.09057824907418327	39,79,28,31,99,98,93,55
65	0.07163696975235882	1,2,3,4,5,6,7,8,9,10,11,12,13,14,15,16,17,18,19,20,21,22,23,24,25,26,27,28,29,30,31,32,33,34,35,36,37,38,39,40,41,42,43,44,45,46,47,48,49,50,51,52,53,54,55,56,57,58,59,60,61,62,63,64,65,66,67,68,69,70,71,72,73,74,75,76,77,78,79,80,81,82,83,84,85,86,87,88,89,90,91,92,93,94,95,96,97,98,99,100
66	0.04755037984053466	1,2,3,4,5,6,7,8,9,10,11,12,13,14,15,16,17,18,19,20,21,22,23,24,25,26,27,28,29,30,31,32,33,34,35,36,37,38,39,40,41,42,43,44,45,46,47,48,49,50,51,52,53,54,55,56,57,58,59,60,61,62,63,64,65,66,67,68,69,70,71,72,73,74,75,76,77,78,79,80,81,82,83,84,85,86,87,88,89,90,91,92,93,94,95,96,97,98,99,100
67	0.025874846078927746	75,60,99,28,54,26
68	0.05233755600453384	34,31,69,1,80,29,43,60
69	0.04044531982741499	58
7	0.047103230608983505	8,92,97
70	0.037054517767336544	94
71	0.04280173789237669	64,18,43,80
72	0.0777310257498605	81,13,58
73	0.04107175082041544	91,64
74	0.04510158668429824	89
75	0.10285505867488602	45,44,28,41,70,24,83,78,84
76	0.11026271148663097	1,2,3,4,5,6,7,8,9,10,11,12,13,14,15,16,17,18,19,20,21,22,23,24,25,26,27,28,29,30,31,32,33,34,35,36,37,38,39,40,41,42,43,44,45,46,47,48,49,50,51,52,53,54,55,56,57,58,59,60,61,62,63,64,65,66,67,68,69,70,71,72,73,74,75,76,77,78,79,80,81,82,83,84,85,86,87,88,89,90,91,92,93,94,95,96,97,98,99,100
77	0.1007519305312081	87,11,54,77,69,63,58
78	0.03652177796346079	50,93,58,87,57,42,11
79	0.04144685025189835	38,51,58,30,96,69,11,82
8	0.16764547419193487	25,51,9,32,72
80	0.11379748285366212	44,76,92,45,46,59,97,96,94
81	0.06489515385395159	32,46,93,23,5
82	0.08802921416470524	46,6,89
83	0.040089029265484015	10
84	0.09354982466605502	1,2,3,4,5,6,7,8,9,10,11,12,13,14,15,16,17,18,19,20,21,22,23,24,25,26,27,28,29,30,31,32,33,34,35,36,37,38,39,40,41,42,43,44,45,46,47,48,49,50,51,52,53,54,55,56,57,58,59,60,61,62,63,64,65,66,67,68,69,70,71,72,73,74,75,76,77,78,79,80,81,82,83,84,85,86,87,88,89,90,91,92,93,94,95,96,97,98,99,100
85	0.03993133973582703	86,22
86	0.0721923723047888	21,65,24,58,68,83,7
87	0.10406849317825351	44,9,19,26,4,65,12
88	0.12347578369007271	1,2,3,4,5,6,7,8,9,10,11,12,13,14,15,16,17,18,19,20,21,22,23,24,25,26,27,28,29,30,31,32,33,34,35,36,37,38,39,40,41,42,43,44,45,46,47,48,49,50,51,52,53,54,55,56,57,58,59,60,61,62,63,64,65,66,67,68,69,70,71,72,73,74,75,76,77,78,79,80,81,82,83,84,85,86,87,88,89,90,91,92,93,94,95,96,97,98,99,100
89	0.14626953551536737	10,77,18,55
9	0.08155104268801266	13,34,87,86,97,6
90	0.03943972170486019	11,82,14
91	0.09018583962548214	39,29,5
92	0.04908226176261788	9,28,94,34,37,54,48,25,73
93	0.0652113394521632	34
94	0.10731323925265245	49
95	0.056879949255640536	72,98,22,87,85,8
96	0.04568894841828962	99,97,23,1,80,81,32
97	0.08114594063168724	62,38,33,59,14,95,7,16,25
98	0.07932695658802182	22,16,97,64,74,87,94
99	0.0614139569013685	47,84,7,54,33,87,27
