1	0.02699864217216356	98,86
10	0.07738629168691412	53,27,77,97,40
100	0.01830958705123519	69,55,31,17,6,66,15,87
11	0.0676503480982289	8,4
12	0.08086605322240387	18,33
13	0.052454207828229696	77,44,82,23,28
14	0.03413160913481717	47,29,35,34,8,22
15	0.06006042089231298	76
16	0.06260877487263294	79,24,88,3,76,59
17	0.028114147799471394	33,38,21,54,12,58,8
18	0.09471812387842721	19,53,84,26,70,8,90,59,75
19	0.037219945489254995	1,2,3,4,5,6,7,8,9,10,11,12,13,14,15,16,17,18,19,20,21,22,23,24,25,26,27,28,29,30,31,32,33,34,35,36,37,38,39,40,41,42,43,44,45,46,47,48,49,50,51,52,53,54,55,56,57,58,59,60,61,62,63,64,65,66,67,68,69,70,71,72,73,74,75,76,77,78,79,80,81,82,83,84,85,86,87,88,89,90,91,92,93,94,95,96,97,98,99,100
2	0.0471037155905213	54,4,57,34,36
20	0.056063954416025574	2,51,72,36,44
21	0.0317213793290864	78,47,11,83,80,25
22	0.06742258440828432	64,88,12
23	0.05208481664477384	92,8,54,4,89,66
24	0.052291147765559265	7,31,32,42,16,89,35
25	0.0856723036858967	8,75,39
26	0.09329580511487054	36,5
27	0.05749902542325842	74,5,32,41
28	0.04942895103629018	99,52,43
29	0.06209825957814657	91,18,8,34,37,38,80
3	0.07996915151845217	54,39,75,16,11,73,65
30	0.026304681940434817	1,2,3,4,5,6,7,8,9,10,11,12,13,14,15,16,17,18,19,20,21,22,23,24,25,26,27,28,29,30,31,32,33,34,35,36,37,38,39,40,41,42,43,44,45,46,47,48,49,50,51,52,53,54,55,56,57,58,59,60,61,62,63,64,65,66,67,68,69,70,71,72,73,74,75,76,77,78,79,80,81,82,83,84,85,86,87,88,89,90,91,92,93,94,95,96,97,98,99,100
31	0.051111119887368946	88,40,53,13,57,9,41,93
32	0.17042206849807892	71,8,95,48,55,94,81,34
33	0.06741906941805116	93,44,42,43,31,17
34	0.12424021812082103	54,88,59,91,12
35	0.039694901759825874	21,65,25,54,56,11,73,4
36	0.07757844564954758	1,2,3,4,5,6,7,8,9,10,11,12,13,14,15,16,17,18,19,20,21,22,23,24,25,26,27,28,29,30,31,32,33,34,35,36,37,38,39,40,41,42,43,44,45,46,47,48,49,50,51,52,53,54,55,56,57,58,59,60,61,62,63,64,65,66,67,68,69,70,71,72,73,74,75,76,77,78,79,80,81,82,83,84,85,86,87,88,89,90,91,92,93,94,95,96,97,98,99,100
37	0.032528773422951865	27,26,54,32,36,8
38	0.03938244277103869	55,72,86,39,75
39	0.09028313074039543	50
4	0.0845517327667573	32
40	0.06192123781659136	75,84
41	0.1169849855090922	15,89,61
42	0.036037000443067145	4,93,76,86
43	0.05461740566293839	80,82
44	0.07300759657940521	64,98,50,16
45	0.035474190263209554	1,2,3,4,5,6,7,8,9,10,11,12,13,14,15,16,17,18,19,20,21,22,23,24,25,26,27,28,29,30,31,32,33,34,35,36,37,38,39,40,41,42,43,44,45,46,47,48,49,50,51,52,53,54,55,56,57,58,59,60,61,62,63,64,65,66,67,68,69,70,71,72,73,74,75,76,77,78,79,80,81,82,83,84,85,86,87,88,89,90,91,92,93,94,95,96,97,98,99,100
46	0.05923500192062905	30,20,25,59,91,11,62,67,26
47	0.05098205281239158	88
48	0.07276979730610346	41
49	0.13712909744887142	58,89,59,94,41,51,87,85,29
5	0.10150710450292343	27,20,87,49,25
50	0.1131559702135874	80,49,48,47,32
51	0.0683628101710962	54,84,82
52	0.0314689685488817	15,72,24,76
53	0.04358697796801346	8,23,9
54	0.11673769472354667	2,22,59,40,90,95,55,48,77
55	0.10003066118049135	80,91,20,65,66
56	0.025694403121820447	43,66,76,77,38,39,40,67,59
57	0.03354825509367402	1,2,3,4,5,6,7,8,9,10,11,12,13,14,15,16,17,18,19,20,21,22,23,24,25,26,27,28,29,30,31,32,33,34,35,36,37,38,39,40,41,42,43,44,45,46,47,48,49,50,51,52,53,54,55,56,57,58,59,60,61,62,63,64,65,66,67,68,69,70,71,72,73,74,75,76,77,78,79,80,81,82,83,84,85,86,87,88,89,90,91,92,93,94,95,96,97,98,99,100
58	0.11057338268646341	98,99,40,55,35,2,96,12,3
59	0.10403333723823935	3,26
6	0.05168722119655083	74,71,40,56,98,79,22,48,78
60	0.0252996816270706	77,15,96,61,59,25,4,35
61	0.05676038880774483	1,2,3,4,5,6,7,8,9,10,11,12,13,14,15,16,17,18,19,20,21,22,23,24,25,26,27,28,29,30,31,32,33,34,35,36,37,38,39,40,41,42,43,44,45,46,47,48,49,50,51,52,53,54,55,56,57,58,59,60,61,62,63,64,65,66,67,68,69,70,71,72,73,74,75,76,77,78,79,80,81,82,83,84,85,86,87,88,89,90,91,92,93,94,95,96,97,98,99,100
62	0.03333789170277964	73,31,37,62,61,24
63	0.02866221672618239	68
64	0.08348105516393879	39,79,28,31,99,98,93,55
65	0.06575766602223394	1,2,3,4,5,6,7,8,9,10,11,12,13,14,15,16,17,18,19,20,21,22,23,24,25,26,27,28,29,30,31,32,33,34,35,36,37,38,39,40,41,42,43,44,45,46,47,48,49,50,51,52,53,54,55,56,57,58,59,60,61,62,63,64,65,66,67,68,69,70,71,72,73,74,75,76,77,78,79,80,81,82,83,84,85,86,87,88,89,90,91,92,93,94,95,96,97,98,99,100
66	0.044193663582241825	1,2,3,4,5,6,7,8,9,10,11,12,13,14,15,16,17,18,19,20,21,22,23,24,25,26,27,28,29,30,31,32,33,34,35,36,37,38,39,40,41,42,43,44,45,46,47,48,49,50,51,52,53,54,55,56,57,58,59,60,61,62,63,64,65,66,67,68,69,70,71,72,73,74,75,76,77,78,79,80,81,82,83,84,85,86,87,88,89,90,91,92,93,94,95,96,97,98,99,100
67	0.024608236970279498	75,60,99,28,54,26
68	0.049277406743549315	34,31,69,1,80,29,43,60
69	0.03785791430318026	58
7	0.043916477652161064	8,92,97
70	0.034550838865828104	94
71	0.03973916631164799	64,18,43,80
72	0.07154729719542302	81,13,58
73	0.03835135487693489	91,64
74	0.042030845358512606	89
75	0.09429618581043628	45,44,28,41,70,24,83,78,84
76	0.10144814009588174	1,2,3,4,5,6,7,8,9,10,11,12,13,14,15,16,17,18,19,20,21,22,23,24,25,26,27,28,29,30,31,32,33,34,35,36,37,38,39,40,41,42,43,44,45,46,47,48,49,50,51,52,53,54,55,56,57,58,59,60,61,62,63,64,65,66,67,68,69,70,71,72,73,74,75,76,77,78,79,80,81,82,83,84,85,86,87,88,89,90,91,92,93,94,95,96,97,98,99,100
77	0.09226904886075091	87,11,54,77,69,63,58
78	0.03424571185390487	50,93,58,87,57,42,11
79	0.03863426826239792	38,51,58,30,96,69,11,82
8	0.15337015257326053	25,51,9,32,72
80	0.10443972084270159	44,76,92,45,46,59,97,96,94
81	0.05976594097342102	32,46,93,23,5
82	0.08120162270646063	46,6,89
83	0.037552307721394784	10
84	0.08574349426504944	1,2,3,4,5,6,7,8,9,10,11,12,13,14,15,16,17,18,19,20,21,22,23,24,25,26,27,28,29,30,31,32,33,34,35,36,37,38,39,40,41,42,43,44,45,46,47,48,49,50,51,52,53,54,55,56,57,58,59,60,61,62,63,64,65,66,67,68,69,70,71,72,73,74,75,76,77,78,79,80,81,82,83,84,85,86,87,88,89,90,91,92,93,94,95,96,97,98,99,100
85	0.037098784389524006	86,22
86	0.0672369919149531	21,65,24,58,68,83,7
87	0.09507239712752329	44,9,19,26,4,65,12
88	0.11335899696177905	1,2,3,4,5,6,7,8,9,10,11,12,13,14,15,16,17,18,19,20,21,22,23,24,25,26,27,28,29,30,31,32,33,34,35,36,37,38,39,40,41,42,43,44,45,46,47,48,49,50,51,52,53,54,55,56,57,58,59,60,61,62,63,64,65,66,67,68,69,70,71,72,73,74,75,76,77,78,79,80,81,82,83,84,85,86,87,88,89,90,91,92,93,94,95,96,97,98,99,100
89	0.13378369170032214	10,77,18,55
9	0.07490324389864958	13,34,87,86,97,6
90	0.036692440666093756	11,82,14
91	0.08281142652852244	39,29,5
92	0.04574623789197792	9,28,94,34,37,54,48,25,73
93	0.06035972756598371	34
94	0.09840513142287717	49
95	0.05236478322664243	72,98,22,87,85,8
96	0.04252036875426428	99,97,23,1,80,81,32
97	0.07479857819678219	62,38,33,59,14,95,7,16,25
98	0.07324490828016349	22,16,97,64,74,87,94
99	0.05695358218194754	47,84,7,54,33,87,27
