1	0.03213031263881046	98,86
10	0.10012899985808084	53,27,77,97,40
100	0.020391649424554202	69,55,31,17,6,66,15,87
11	0.08825622539862932	8,4
12	0.10737580505307556	18,33
13	0.06784463331811766	77,44,82,23,28
14	0.04213277864701705	47,29,35,34,8,22
15	0.07860302907073934	76
16	0.08250148399453895	79,24,88,3,76,59
17	0.03396900946245223	33,38,21,54,12,58,8
18	0.12700604967175286	19,53,84,26,70,8,90,59,75
19	0.047582255810733776	1,2,3,4,5,6,7,8,9,10,11,12,13,14,15,16,17,18,19,20,21,22,23,24,25,26,27,28,29,30,31,32,33,34,35,36,37,38,39,40,41,42,43,44,45,46,47,48,49,50,51,52,53,54,55,56,57,58,59,60,61,62,63,64,65,66,67,68,69,70,71,72,73,74,75,76,77,78,79,80,81,82,83,84,85,86,87,88,89,90,91,92,93,94,95,96,97,98,99,100
2	0.06104484113241787	54,4,57,34,36
20	0.07416771301977641	2,51,72,36,44
21	0.038461077790977904	78,47,11,83,80,25
22	0.08792528262982865	64,88,12
23	0.0666283316514064	92,8,54,4,89,66
24	0.06676296819006543	7,31,32,42,16,89,35
25	0.11408022520518799	8,75,39
26	0.12592265227659072	36,5
27	0.0747985876314522	74,5,32,41
28	0.06342529034464621	99,52,43
29	0.08139952601853528	91,18,8,34,37,38,80
3	0.10749013083861383	54,39,75,16,11,73,65
30	0.03166325719748361	1,2,3,4,5,6,7,8,9,10,11,12,13,14,15,16,17,18,19,20,21,22,23,24,25,26,27,28,29,30,31,32,33,34,35,36,37,38,39,40,41,42,43,44,45,46,47,48,49,50,51,52,53,54,55,56,57,58,59,60,61,62,63,64,65,66,67,68,69,70,71,72,73,74,75,76,77,78,79,80,81,82,83,84,85,86,87,88,89,90,91,92,93,94,95,96,97,98,99,100
31	0.06499955200921922	88,40,53,13,57,9,41,93
32	0.23016335389826675	71,8,95,48,55,94,81,34
33	0.08849442793030722	93,44,42,43,31,17
34	0.1651805921639013	54,88,59,91,12
35	0.04958542633158699	21,65,25,54,56,11,73,4
36	0.10363666346730172	1,2,3,4,5,6,7,8,9,10,11,12,13,14,15,16,17,18,19,20,21,22,23,24,25,26,27,28,29,30,31,32,33,34,35,36,37,38,39,40,41,42,43,44,45,46,47,48,49,50,51,52,53,54,55,56,57,58,59,60,61,62,63,64,65,66,67,68,69,70,71,72,73,74,75,76,77,78,79,80,81,82,83,84,85,86,87,88,89,90,91,92,93,94,95,96,97,98,99,100
37	0.04005165015572966	27,26,54,32,36,8
38	0.04946740027530602	55,72,86,39,75
39	0.12054843626560807	50
4	0.11082147075266142	32
40	0.080709556288745	75,84
41	0.15893160944241988	15,89,61
42	0.04488628546316553	4,93,76,86
43	0.06962009982631939	80,82
44	0.09726283619686858	64,98,50,16
45	0.0448253862812454	1,2,3,4,5,6,7,8,9,10,11,12,13,14,15,16,17,18,19,20,21,22,23,24,25,26,27,28,29,30,31,32,33,34,35,36,37,38,39,40,41,42,43,44,45,46,47,48,49,50,51,52,53,54,55,56,57,58,59,60,61,62,63,64,65,66,67,68,69,70,71,72,73,74,75,76,77,78,79,80,81,82,83,84,85,86,87,88,89,90,91,92,93,94,95,96,97,98,99,100
46	0.07716974158415293	30,20,25,59,91,11,62,67,26
47	0.06576730183572943	88
48	0.09758785931189785	41
49	0.18674690133469923	58,89,59,94,41,51,87,85,29
5	0.13694903393280775	27,20,87,49,25
50	0.15275446163220865	80,49,48,47,32
51	0.09128761508603156	54,84,82
52	0.038216489920084994	15,72,24,76
53	0.05554120620558075	8,23,9
54	0.15599568993788904	2,22,59,40,90,95,55,48,77
55	0.134733305246633	80,91,20,65,66
56	0.030645920278882226	43,66,76,77,38,39,40,67,59
57	0.04134188388497086	1,2,3,4,5,6,7,8,9,10,11,12,13,14,15,16,17,18,19,20,21,22,23,24,25,26,27,28,29,30,31,32,33,34,35,36,37,38,39,40,41,42,43,44,45,46,47,48,49,50,51,52,53,54,55,56,57,58,59,60,61,62,63,64,65,66,67,68,69,70,71,72,73,74,75,76,77,78,79,80,81,82,83,84,85,86,87,88,89,90,91,92,93,94,95,96,97,98,99,100
58	0.14546029634272606	98,99,40,55,35,2,96,12,3
59	0.14052751527459556	3,26
6	0.06638549329862604	74,71,40,56,98,79,22,48,78
60	0.029549331652211974	77,15,96,61,59,25,4,35
61	0.07468587852701315	1,2,3,4,5,6,7,8,9,10,11,12,13,14,15,16,17,18,19,20,21,22,23,24,25,26,27,28,29,30,31,32,33,34,35,36,37,38,39,40,41,42,43,44,45,46,47,48,49,50,51,52,53,54,55,56,57,58,59,60,61,62,63,64,65,66,67,68,69,70,71,72,73,74,75,76,77,78,79,80,81,82,83,84,85,86,87,88,89,90,91,92,93,94,95,96,97,98,99,100
62	0.04131796116046052	73,31,37,62,61,24
63	0.03516928007685861	68
64	0.10939624641550452	39,79,28,31,99,98,93,55
65	0.08722572566410242	1,2,3,4,5,6,7,8,9,10,11,12,13,14,15,16,17,18,19,20,21,22,23,24,25,26,27,28,29,30,31,32,33,34,35,36,37,38,39,40,41,42,43,44,45,46,47,48,49,50,51,52,53,54,55,56,57,58,59,60,61,62,63,64,65,66,67,68,69,70,71,72,73,74,75,76,77,78,79,80,81,82,83,84,85,86,87,88,89,90,91,92,93,94,95,96,97,98,99,100
66	0.05645061553033061	1,2,3,4,5,6,7,8,9,10,11,12,13,14,15,16,17,18,19,20,21,22,23,24,25,26,27,28,29,30,31,32,33,34,35,36,37,38,39,40,41,42,43,44,45,46,47,48,49,50,51,52,53,54,55,56,57,58,59,60,61,62,63,64,65,66,67,68,69,70,71,72,73,74,75,76,77,78,79,80,81,82,83,84,85,86,87,88,89,90,91,92,93,94,95,96,97,98,99,100
67	0.029233224265232952	75,60,99,28,54,26
68	0.060451429021977435	34,31,69,1,80,29,43,60
69	0.04730575029953968	58
7	0.05555278945241971	8,92,97
70	0.043692951234222996	94
71	0.05092207666201129	64,18,43,80
72	0.09412694492840754	81,13,58
73	0.04828477898903977	91,64
74	0.05324353667670144	89
75	0.12554860720413777	45,44,28,41,70,24,83,78,84
76	0.13363432101383027	1,2,3,4,5,6,7,8,9,10,11,12,13,14,15,16,17,18,19,20,21,22,23,24,25,26,27,28,29,30,31,32,33,34,35,36,37,38,39,40,41,42,43,44,45,46,47,48,49,50,51,52,53,54,55,56,57,58,59,60,61,62,63,64,65,66,67,68,69,70,71,72,73,74,75,76,77,78,79,80,81,82,83,84,85,86,87,88,89,90,91,92,93,94,95,96,97,98,99,100
77	0.12324401353831911	87,11,54,77,69,63,58
78	0.04255670437625513	50,93,58,87,57,42,11
79	0.04890432565292587	38,51,58,30,96,69,11,82
8	0.20549608644979955	25,51,9,32,72
80	0.1386092596464613	44,76,92,45,46,59,97,96,94
81	0.07849515105384781	32,46,93,23,5
82	0.10613237842716841	46,6,89
83	0.046815068350289986	10
84	0.1142480698859309	1,2,3,4,5,6,7,8,9,10,11,12,13,14,15,16,17,18,19,20,21,22,23,24,25,26,27,28,29,30,31,32,33,34,35,36,37,38,39,40,41,42,43,44,45,46,47,48,49,50,51,52,53,54,55,56,57,58,59,60,61,62,63,64,65,66,67,68,69,70,71,72,73,74,75,76,77,78,79,80,81,82,83,84,85,86,87,88,89,90,91,92,93,94,95,96,97,98,99,100
85	0.04744175984423843	86,22
86	0.08533143856032853	21,65,24,58,68,83,7
87	0.12792137937951786	44,9,19,26,4,65,12
88	0.1503001335903997	1,2,3,4,5,6,7,8,9,10,11,12,13,14,15,16,17,18,19,20,21,22,23,24,25,26,27,28,29,30,31,32,33,34,35,36,37,38,39,40,41,42,43,44,45,46,47,48,49,50,51,52,53,54,55,56,57,58,59,60,61,62,63,64,65,66,67,68,69,70,71,72,73,74,75,76,77,78,79,80,81,82,83,84,85,86,87,88,89,90,91,92,93,94,95,96,97,98,99,100
89	0.17937538212019136	10,77,18,55
9	0.09917743465682813	13,34,87,86,97,6
90	0.04672405195181088	11,82,14
91	0.10973884485031324	39,29,5
92	0.05792765958329155	9,28,94,34,37,54,48,25,73
93	0.07807521033242586	34
94	0.13093282187110822	49
95	0.06885179415136161	72,98,22,87,85,8
96	0.05409034640649644	99,97,23,1,80,81,32
97	0.09797581691185829	62,38,33,59,14,95,7,16,25
98	0.09545331534774762	22,16,97,64,74,87,94
99	0.07324050430872761	47,84,7,54,33,87,27
