1	0.026147840836941685	98,86
10	0.07361567729725543	53,27,77,97,40
100	0.017964393019817417	69,55,31,17,6,66,15,87
11	0.06423401177668106	8,4
12	0.07647088327692181	18,33
13	0.049902570752063044	77,44,82,23,28
14	0.03280506028898647	47,29,35,34,8,22
15	0.056986161270695924	76
16	0.059310677328431774	79,24,88,3,76,59
17	0.0271434436214075	33,38,21,54,12,58,8
18	0.08936497401581828	19,53,84,26,70,8,90,59,75
19	0.03550193307753573	1,2,3,4,5,6,7,8,9,10,11,12,13,14,15,16,17,18,19,20,21,22,23,24,25,26,27,28,29,30,31,32,33,34,35,36,37,38,39,40,41,42,43,44,45,46,47,48,49,50,51,52,53,54,55,56,57,58,59,60,61,62,63,64,65,66,67,68,69,70,71,72,73,74,75,76,77,78,79,80,81,82,83,84,85,86,87,88,89,90,91,92,93,94,95,96,97,98,99,100
2	0.04479235601860439	54,4,57,34,36
20	0.05306245914007596	2,51,72,36,44
21	0.03060397510296898	78,47,11,83,80,25
22	0.06402335725510705	64,88,12
23	0.04967357815031482	92,8,54,4,89,66
24	0.049891804131896825	7,31,32,42,16,89,35
25	0.08096243360315447	8,75,39
26	0.08788646817511202	36,5
27	0.05463086401457943	74,5,32,41
28	0.047108437048618446	99,52,43
29	0.05889822356726644	91,18,8,34,37,38,80
3	0.07540633894141115	54,39,75,16,11,73,65
30	0.025416261857330154	1,2,3,4,5,6,7,8,9,10,11,12,13,14,15,16,17,18,19,20,21,22,23,24,25,26,27,28,29,30,31,32,33,34,35,36,37,38,39,40,41,42,43,44,45,46,47,48,49,50,51,52,53,54,55,56,57,58,59,60,61,62,63,64,65,66,67,68,69,70,71,72,73,74,75,76,77,78,79,80,81,82,83,84,85,86,87,88,89,90,91,92,93,94,95,96,97,98,99,100
31	0.04880849686578009	88,40,53,13,57,9,41,93
32	0.16051728468610854	71,8,95,48,55,94,81,34
33	0.06392490405795369	93,44,42,43,31,17
34	0.11745255715841549	54,88,59,91,12
35	0.03805510995324729	21,65,25,54,56,11,73,4
36	0.07325813707825689	1,2,3,4,5,6,7,8,9,10,11,12,13,14,15,16,17,18,19,20,21,22,23,24,25,26,27,28,29,30,31,32,33,34,35,36,37,38,39,40,41,42,43,44,45,46,47,48,49,50,51,52,53,54,55,56,57,58,59,60,61,62,63,64,65,66,67,68,69,70,71,72,73,74,75,76,77,78,79,80,81,82,83,84,85,86,87,88,89,90,91,92,93,94,95,96,97,98,99,100
37	0.031281522801119975	27,26,54,32,36,8
38	0.037710413924541136	55,72,86,39,75
39	0.08526531791302201	50
4	0.08019636600006698	32
40	0.05880624635578021	75,84
41	0.11003047320501959	15,89,61
42	0.03456983742539228	4,93,76,86
43	0.05213004302590127	80,82
44	0.0689862141447139	64,98,50,16
45	0.033923819140963575	1,2,3,4,5,6,7,8,9,10,11,12,13,14,15,16,17,18,19,20,21,22,23,24,25,26,27,28,29,30,31,32,33,34,35,36,37,38,39,40,41,42,43,44,45,46,47,48,49,50,51,52,53,54,55,56,57,58,59,60,61,62,63,64,65,66,67,68,69,70,71,72,73,74,75,76,77,78,79,80,81,82,83,84,85,86,87,88,89,90,91,92,93,94,95,96,97,98,99,100
46	0.05626152259370834	30,20,25,59,91,11,62,67,26
47	0.04853074001313911	88
48	0.06865510567455188	41
49	0.12890274800501136	58,89,59,94,41,51,87,85,29
5	0.09563102663494222	27,20,87,49,25
50	0.10659077302534704	80,49,48,47,32
51	0.06456200469466636	54,84,82
52	0.030350269854214948	15,72,24,76
53	0.04160503875067376	8,23,9
54	0.11022894461446825	2,22,59,40,90,95,55,48,77
55	0.09427716579658238	80,91,20,65,66
56	0.024873469747693347	43,66,76,77,38,39,40,67,59
57	0.032256116552591696	1,2,3,4,5,6,7,8,9,10,11,12,13,14,15,16,17,18,19,20,21,22,23,24,25,26,27,28,29,30,31,32,33,34,35,36,37,38,39,40,41,42,43,44,45,46,47,48,49,50,51,52,53,54,55,56,57,58,59,60,61,62,63,64,65,66,67,68,69,70,71,72,73,74,75,76,77,78,79,80,81,82,83,84,85,86,87,88,89,90,91,92,93,94,95,96,97,98,99,100
58	0.10478933442227487	98,99,40,55,35,2,96,12,3
59	0.09798281005930874	3,26
6	0.04925033289200708	74,71,40,56,98,79,22,48,78
60	0.024595114468629047	77,15,96,61,59,25,4,35
61	0.05378844488678239	1,2,3,4,5,6,7,8,9,10,11,12,13,14,15,16,17,18,19,20,21,22,23,24,25,26,27,28,29,30,31,32,33,34,35,36,37,38,39,40,41,42,43,44,45,46,47,48,49,50,51,52,53,54,55,56,57,58,59,60,61,62,63,64,65,66,67,68,69,70,71,72,73,74,75,76,77,78,79,80,81,82,83,84,85,86,87,88,89,90,91,92,93,94,95,96,97,98,99,100
62	0.03201484234404392	73,31,37,62,61,24
63	0.027583383859910084	68
64	0.07918446832849611	39,79,28,31,99,98,93,55
65	0.06219838042611364	1,2,3,4,5,6,7,8,9,10,11,12,13,14,15,16,17,18,19,20,21,22,23,24,25,26,27,28,29,30,31,32,33,34,35,36,37,38,39,40,41,42,43,44,45,46,47,48,49,50,51,52,53,54,55,56,57,58,59,60,61,62,63,64,65,66,67,68,69,70,71,72,73,74,75,76,77,78,79,80,81,82,83,84,85,86,87,88,89,90,91,92,93,94,95,96,97,98,99,100
66	0.04216153331703987	1,2,3,4,5,6,7,8,9,10,11,12,13,14,15,16,17,18,19,20,21,22,23,24,25,26,27,28,29,30,31,32,33,34,35,36,37,38,39,40,41,42,43,44,45,46,47,48,49,50,51,52,53,54,55,56,57,58,59,60,61,62,63,64,65,66,67,68,69,70,71,72,73,74,75,76,77,78,79,80,81,82,83,84,85,86,87,88,89,90,91,92,93,94,95,96,97,98,99,100
67	0.023841441527478358	75,60,99,28,54,26
68	0.047424815653391794	34,31,69,1,80,29,43,60
69	0.03629151883665316	58
7	0.0419872417229064	8,92,97
70	0.03303513082015633	94
71	0.037885108935373196	64,18,43,80
72	0.06780371506709518	81,13,58
73	0.0367044479136337	91,64
74	0.04017184195865668	89
75	0.08911470954972987	45,44,28,41,70,24,83,78,84
76	0.09611186576572309	1,2,3,4,5,6,7,8,9,10,11,12,13,14,15,16,17,18,19,20,21,22,23,24,25,26,27,28,29,30,31,32,33,34,35,36,37,38,39,40,41,42,43,44,45,46,47,48,49,50,51,52,53,54,55,56,57,58,59,60,61,62,63,64,65,66,67,68,69,70,71,72,73,74,75,76,77,78,79,80,81,82,83,84,85,86,87,88,89,90,91,92,93,94,95,96,97,98,99,100
77	0.08713357701930788	87,11,54,77,69,63,58
78	0.03286779883267506	50,93,58,87,57,42,11
79	0.03693155258588506	38,51,58,30,96,69,11,82
8	0.14472798204700124	25,51,9,32,72
80	0.09877460329284546	44,76,92,45,46,59,97,96,94
81	0.05666075483608338	32,46,93,23,5
82	0.07706825101696424	46,6,89
83	0.03601659587376375	10
84	0.0810176015108862	1,2,3,4,5,6,7,8,9,10,11,12,13,14,15,16,17,18,19,20,21,22,23,24,25,26,27,28,29,30,31,32,33,34,35,36,37,38,39,40,41,42,43,44,45,46,47,48,49,50,51,52,53,54,55,56,57,58,59,60,61,62,63,64,65,66,67,68,69,70,71,72,73,74,75,76,77,78,79,80,81,82,83,84,85,86,87,88,89,90,91,92,93,94,95,96,97,98,99,100
85	0.035383977036093826	86,22
86	0.06423704255864995	21,65,24,58,68,83,7
87	0.08962622946680612	44,9,19,26,4,65,12
88	0.10723437141938791	1,2,3,4,5,6,7,8,9,10,11,12,13,14,15,16,17,18,19,20,21,22,23,24,25,26,27,28,29,30,31,32,33,34,35,36,37,38,39,40,41,42,43,44,45,46,47,48,49,50,51,52,53,54,55,56,57,58,59,60,61,62,63,64,65,66,67,68,69,70,71,72,73,74,75,76,77,78,79,80,81,82,83,84,85,86,87,88,89,90,91,92,93,94,95,96,97,98,99,100
89	0.1262248576484226	10,77,18,55
9	0.07087871716647938	13,34,87,86,97,6
90	0.035029257748810425	11,82,14
91	0.0783470131532403	39,29,5
92	0.04372663462795533	9,28,94,34,37,54,48,25,73
93	0.057422598711531124	34
94	0.0930122310239673	49
95	0.04963133625188905	72,98,22,87,85,8
96	0.04060213483299133	99,97,23,1,80,81,32
97	0.07095593361330077	62,38,33,59,14,95,7,16,25
98	0.06956288272540193	22,16,97,64,74,87,94
99	0.05425330544602203	47,84,7,54,33,87,27
