1	0.02659187752981985	98,86
10	0.0755835763535558	53,27,77,97,40
100	0.01814455119516267	69,55,31,17,6,66,15,87
11	0.06601701166120891	8,4
12	0.0787647404295544	18,33
13	0.05123428056660986	77,44,82,23,28
14	0.03349739155170312	47,29,35,34,8,22
15	0.058590629927780045	76
16	0.06103196791183678	79,24,88,3,76,59
17	0.027650058098140168	33,38,21,54,12,58,8
18	0.09215880480051133	19,53,84,26,70,8,90,59,75
19	0.03639857077460841	1,2,3,4,5,6,7,8,9,10,11,12,13,14,15,16,17,18,19,20,21,22,23,24,25,26,27,28,29,30,31,32,33,34,35,36,37,38,39,40,41,42,43,44,45,46,47,48,49,50,51,52,53,54,55,56,57,58,59,60,61,62,63,64,65,66,67,68,69,70,71,72,73,74,75,76,77,78,79,80,81,82,83,84,85,86,87,88,89,90,91,92,93,94,95,96,97,98,99,100
2	0.04599866402289141	54,4,57,34,36
20	0.05462895178704374	2,51,72,36,44
21	0.03118715293403778	78,47,11,83,80,25
22	0.06579742779437565	64,88,12
23	0.050932013373013375	92,8,54,4,89,66
24	0.05114403137736791	7,31,32,42,16,89,35
25	0.08342053404230773	8,75,39
26	0.09070962322420688	36,5
27	0.05612776917135567	74,5,32,41
28	0.04831952278003132	99,52,43
29	0.0605683354357637	91,18,8,34,37,38,80
3	0.07778768946675485	54,39,75,16,11,73,65
30	0.025879931928434293	1,2,3,4,5,6,7,8,9,10,11,12,13,14,15,16,17,18,19,20,21,22,23,24,25,26,27,28,29,30,31,32,33,34,35,36,37,38,39,40,41,42,43,44,45,46,47,48,49,50,51,52,53,54,55,56,57,58,59,60,61,62,63,64,65,66,67,68,69,70,71,72,73,74,75,76,77,78,79,80,81,82,83,84,85,86,87,88,89,90,91,92,93,94,95,96,97,98,99,100
31	0.050010245228728704	88,40,53,13,57,9,41,93
32	0.1656866318272495	71,8,95,48,55,94,81,34
33	0.06574852323492844	93,44,42,43,31,17
34	0.12099506514527941	54,88,59,91,12
35	0.03891092399661622	21,65,25,54,56,11,73,4
36	0.07551292377423208	1,2,3,4,5,6,7,8,9,10,11,12,13,14,15,16,17,18,19,20,21,22,23,24,25,26,27,28,29,30,31,32,33,34,35,36,37,38,39,40,41,42,43,44,45,46,47,48,49,50,51,52,53,54,55,56,57,58,59,60,61,62,63,64,65,66,67,68,69,70,71,72,73,74,75,76,77,78,79,80,81,82,83,84,85,86,87,88,89,90,91,92,93,94,95,96,97,98,99,100
37	0.031932467996616844	27,26,54,32,36,8
38	0.038583052610946286	55,72,86,39,75
39	0.08788413492937378	50
4	0.08246944970997548	32
40	0.06043197312562866	75,84
41	0.11366006159063552	15,89,61
42	0.03533555579889558	4,93,76,86
43	0.05342820774872439	80,82
44	0.07108499006820722	64,98,50,16
45	0.034732964163762876	1,2,3,4,5,6,7,8,9,10,11,12,13,14,15,16,17,18,19,20,21,22,23,24,25,26,27,28,29,30,31,32,33,34,35,36,37,38,39,40,41,42,43,44,45,46,47,48,49,50,51,52,53,54,55,56,57,58,59,60,61,62,63,64,65,66,67,68,69,70,71,72,73,74,75,76,77,78,79,80,81,82,83,84,85,86,87,88,89,90,91,92,93,94,95,96,97,98,99,100
46	0.057813393603318	30,20,25,59,91,11,62,67,26
47	0.04981009017879663	88
48	0.07080258004859086	41
49	0.13319611338928558	58,89,59,94,41,51,87,85,29
5	0.09869777568374148	27,20,87,49,25
50	0.1100171762601648	80,49,48,47,32
51	0.06654566060242063	54,84,82
52	0.03093412327339265	15,72,24,76
53	0.04263942092542493	8,23,9
54	0.11362588788933851	2,22,59,40,90,95,55,48,77
55	0.09727993854467523	80,91,20,65,66
56	0.025301918229819132	43,66,76,77,38,39,40,67,59
57	0.032930488936366825	1,2,3,4,5,6,7,8,9,10,11,12,13,14,15,16,17,18,19,20,21,22,23,24,25,26,27,28,29,30,31,32,33,34,35,36,37,38,39,40,41,42,43,44,45,46,47,48,49,50,51,52,53,54,55,56,57,58,59,60,61,62,63,64,65,66,67,68,69,70,71,72,73,74,75,76,77,78,79,80,81,82,83,84,85,86,87,88,89,90,91,92,93,94,95,96,97,98,99,100
58	0.10780805284353695	98,99,40,55,35,2,96,12,3
59	0.10114060491549876	3,26
6	0.05052215485429093	74,71,40,56,98,79,22,48,78
60	0.024962830947159526	77,15,96,61,59,25,4,35
61	0.05533951456150201	1,2,3,4,5,6,7,8,9,10,11,12,13,14,15,16,17,18,19,20,21,22,23,24,25,26,27,28,29,30,31,32,33,34,35,36,37,38,39,40,41,42,43,44,45,46,47,48,49,50,51,52,53,54,55,56,57,58,59,60,61,62,63,64,65,66,67,68,69,70,71,72,73,74,75,76,77,78,79,80,81,82,83,84,85,86,87,88,89,90,91,92,93,94,95,96,97,98,99,100
62	0.03270534721003833	73,31,37,62,61,24
63	0.0281464311404737	68
64	0.08142687455204009	39,79,28,31,99,98,93,55
65	0.06405598612126848	1,2,3,4,5,6,7,8,9,10,11,12,13,14,15,16,17,18,19,20,21,22,23,24,25,26,27,28,29,30,31,32,33,34,35,36,37,38,39,40,41,42,43,44,45,46,47,48,49,50,51,52,53,54,55,56,57,58,59,60,61,62,63,64,65,66,67,68,69,70,71,72,73,74,75,76,77,78,79,80,81,82,83,84,85,86,87,88,89,90,91,92,93,94,95,96,97,98,99,100
66	0.043222110404642584	1,2,3,4,5,6,7,8,9,10,11,12,13,14,15,16,17,18,19,20,21,22,23,24,25,26,27,28,29,30,31,32,33,34,35,36,37,38,39,40,41,42,43,44,45,46,47,48,49,50,51,52,53,54,55,56,57,58,59,60,61,62,63,64,65,66,67,68,69,70,71,72,73,74,75,76,77,78,79,80,81,82,83,84,85,86,87,88,89,90,91,92,93,94,95,96,97,98,99,100
67	0.02424163520191628	75,60,99,28,54,26
68	0.04839169051289678	34,31,69,1,80,29,43,60
69	0.037109027030153875	58
7	0.04299411783690052	8,92,97
70	0.033826185041728365	94
71	0.038852749054783565	64,18,43,80
72	0.06975750587571991	81,13,58
73	0.03756397538693956	91,64
74	0.04114206342887221	89
75	0.09181894318094677	45,44,28,41,70,24,83,78,84
76	0.09889688914110753	1,2,3,4,5,6,7,8,9,10,11,12,13,14,15,16,17,18,19,20,21,22,23,24,25,26,27,28,29,30,31,32,33,34,35,36,37,38,39,40,41,42,43,44,45,46,47,48,49,50,51,52,53,54,55,56,57,58,59,60,61,62,63,64,65,66,67,68,69,70,71,72,73,74,75,76,77,78,79,80,81,82,83,84,85,86,87,88,89,90,91,92,93,94,95,96,97,98,99,100
77	0.08981380075573958	87,11,54,77,69,63,58
78	0.033586937268047755	50,93,58,87,57,42,11
79	0.03782020685443075	38,51,58,30,96,69,11,82
8	0.14923836615331884	25,51,9,32,72
80	0.10173125128848215	44,76,92,45,46,59,97,96,94
81	0.05828136416714968	32,46,93,23,5
82	0.07922547458938903	46,6,89
83	0.03681809016139648	10
84	0.08348406424771145	1,2,3,4,5,6,7,8,9,10,11,12,13,14,15,16,17,18,19,20,21,22,23,24,25,26,27,28,29,30,31,32,33,34,35,36,37,38,39,40,41,42,43,44,45,46,47,48,49,50,51,52,53,54,55,56,57,58,59,60,61,62,63,64,65,66,67,68,69,70,71,72,73,74,75,76,77,78,79,80,81,82,83,84,85,86,87,88,89,90,91,92,93,94,95,96,97,98,99,100
85	0.03627894200031083	86,22
86	0.06580272838412968	21,65,24,58,68,83,7
87	0.0924686066198246	44,9,19,26,4,65,12
88	0.1104308385134269	1,2,3,4,5,6,7,8,9,10,11,12,13,14,15,16,17,18,19,20,21,22,23,24,25,26,27,28,29,30,31,32,33,34,35,36,37,38,39,40,41,42,43,44,45,46,47,48,49,50,51,52,53,54,55,56,57,58,59,60,61,62,63,64,65,66,67,68,69,70,71,72,73,74,75,76,77,78,79,80,81,82,83,84,85,86,87,88,89,90,91,92,93,94,95,96,97,98,99,100
89	0.13016984402199655	10,77,18,55
9	0.07297913411167191	13,34,87,86,97,6
90	0.035897279708555274	11,82,14
91	0.08067700873415047	39,29,5
92	0.0447806738224449	9,28,94,34,37,54,48,25,73
93	0.058955498261402214	34
94	0.09582680777617433	49
95	0.05105793339571947	72,98,22,87,85,8
96	0.04160326895361056	99,97,23,1,80,81,32
97	0.07296142552059985	62,38,33,59,14,95,7,16,25
98	0.07148454690592798	22,16,97,64,74,87,94
99	0.05566259090687346	47,84,7,54,33,87,27
