1	0.026344761116233576	98,86
10	0.07448839623696102	53,27,77,97,40
100	0.018044289115736984	69,55,31,17,6,66,15,87
11	0.06502473209523676	8,4
12	0.07748815729597425	18,33
13	0.05049315408180293	77,44,82,23,28
14	0.033112093621608565	47,29,35,34,8,22
15	0.057697707008107085	76
16	0.060074030960840186	79,24,88,3,76,59
17	0.027368115739401497	33,38,21,54,12,58,8
18	0.09060397508768026	19,53,84,26,70,8,90,59,75
19	0.03589957171543988	1,2,3,4,5,6,7,8,9,10,11,12,13,14,15,16,17,18,19,20,21,22,23,24,25,26,27,28,29,30,31,32,33,34,35,36,37,38,39,40,41,42,43,44,45,46,47,48,49,50,51,52,53,54,55,56,57,58,59,60,61,62,63,64,65,66,67,68,69,70,71,72,73,74,75,76,77,78,79,80,81,82,83,84,85,86,87,88,89,90,91,92,93,94,95,96,97,98,99,100
2	0.04532732646796511	54,4,57,34,36
20	0.053757163371711714	2,51,72,36,44
21	0.03086260134538494	78,47,11,83,80,25
22	0.06481011761000899	64,88,12
23	0.0502316658478326	92,8,54,4,89,66
24	0.05044713873120779	7,31,32,42,16,89,35
25	0.08205254582310229	8,75,39
26	0.08913847389820771	36,5
27	0.055294707760523816	74,5,32,41
28	0.047645526312433864	99,52,43
29	0.05963888059148686	91,18,8,34,37,38,80
3	0.07646241430197726	54,39,75,16,11,73,65
30	0.025621889097972427	1,2,3,4,5,6,7,8,9,10,11,12,13,14,15,16,17,18,19,20,21,22,23,24,25,26,27,28,29,30,31,32,33,34,35,36,37,38,39,40,41,42,43,44,45,46,47,48,49,50,51,52,53,54,55,56,57,58,59,60,61,62,63,64,65,66,67,68,69,70,71,72,73,74,75,76,77,78,79,80,81,82,83,84,85,86,87,88,89,90,91,92,93,94,95,96,97,98,99,100
31	0.04934144521683079	88,40,53,13,57,9,41,93
32	0.16280977379604367	71,8,95,48,55,94,81,34
33	0.06473363811845788	93,44,42,43,31,17
34	0.11902357971878882	54,88,59,91,12
35	0.03843464421954951	21,65,25,54,56,11,73,4
36	0.07425808422914022	1,2,3,4,5,6,7,8,9,10,11,12,13,14,15,16,17,18,19,20,21,22,23,24,25,26,27,28,29,30,31,32,33,34,35,36,37,38,39,40,41,42,43,44,45,46,47,48,49,50,51,52,53,54,55,56,57,58,59,60,61,62,63,64,65,66,67,68,69,70,71,72,73,74,75,76,77,78,79,80,81,82,83,84,85,86,87,88,89,90,91,92,93,94,95,96,97,98,99,100
37	0.03157020234441173	27,26,54,32,36,8
38	0.03809740954136252	55,72,86,39,75
39	0.08642670431768491	50
4	0.08120442746477713	32
40	0.05952721958773116	75,84
41	0.11164011396239092	15,89,61
42	0.034909416289916534	4,93,76,86
43	0.05270574986249851	80,82
44	0.06991697402935712	64,98,50,16
45	0.034282656747023986	1,2,3,4,5,6,7,8,9,10,11,12,13,14,15,16,17,18,19,20,21,22,23,24,25,26,27,28,29,30,31,32,33,34,35,36,37,38,39,40,41,42,43,44,45,46,47,48,49,50,51,52,53,54,55,56,57,58,59,60,61,62,63,64,65,66,67,68,69,70,71,72,73,74,75,76,77,78,79,80,81,82,83,84,85,86,87,88,89,90,91,92,93,94,95,96,97,98,99,100
46	0.0569497424583021	30,20,25,59,91,11,62,67,26
47	0.04909810301709841	88
48	0.06960746222592097	41
49	0.13080675892154722	58,89,59,94,41,51,87,85,29
5	0.09699106081436647	27,20,87,49,25
50	0.10811030574142291	80,49,48,47,32
51	0.06544171144334893	54,84,82
52	0.03060919570473908	15,72,24,76
53	0.04206376396417763	8,23,9
54	0.11173541250138949	2,22,59,40,90,95,55,48,77
55	0.095608827926526	80,91,20,65,66
56	0.025063477006366304	43,66,76,77,38,39,40,67,59
57	0.03255518552659755	1,2,3,4,5,6,7,8,9,10,11,12,13,14,15,16,17,18,19,20,21,22,23,24,25,26,27,28,29,30,31,32,33,34,35,36,37,38,39,40,41,42,43,44,45,46,47,48,49,50,51,52,53,54,55,56,57,58,59,60,61,62,63,64,65,66,67,68,69,70,71,72,73,74,75,76,77,78,79,80,81,82,83,84,85,86,87,88,89,90,91,92,93,94,95,96,97,98,99,100
58	0.10612806809937594	98,99,40,55,35,2,96,12,3
59	0.0993832210051122	3,26
6	0.049814357307196536	74,71,40,56,98,79,22,48,78
60	0.02475818845060728	77,15,96,61,59,25,4,35
61	0.05447630937736863	1,2,3,4,5,6,7,8,9,10,11,12,13,14,15,16,17,18,19,20,21,22,23,24,25,26,27,28,29,30,31,32,33,34,35,36,37,38,39,40,41,42,43,44,45,46,47,48,49,50,51,52,53,54,55,56,57,58,59,60,61,62,63,64,65,66,67,68,69,70,71,72,73,74,75,76,77,78,79,80,81,82,83,84,85,86,87,88,89,90,91,92,93,94,95,96,97,98,99,100
62	0.03232106571082227	73,31,37,62,61,24
63	0.027833082656249925	68
64	0.08017892501846874	39,79,28,31,99,98,93,55
65	0.06302218674253676	1,2,3,4,5,6,7,8,9,10,11,12,13,14,15,16,17,18,19,20,21,22,23,24,25,26,27,28,29,30,31,32,33,34,35,36,37,38,39,40,41,42,43,44,45,46,47,48,49,50,51,52,53,54,55,56,57,58,59,60,61,62,63,64,65,66,67,68,69,70,71,72,73,74,75,76,77,78,79,80,81,82,83,84,85,86,87,88,89,90,91,92,93,94,95,96,97,98,99,100
66	0.042631875384820654	1,2,3,4,5,6,7,8,9,10,11,12,13,14,15,16,17,18,19,20,21,22,23,24,25,26,27,28,29,30,31,32,33,34,35,36,37,38,39,40,41,42,43,44,45,46,47,48,49,50,51,52,53,54,55,56,57,58,59,60,61,62,63,64,65,66,67,68,69,70,71,72,73,74,75,76,77,78,79,80,81,82,83,84,85,86,87,88,89,90,91,92,93,94,95,96,97,98,99,100
67	0.024018918414871842	75,60,99,28,54,26
68	0.04785360289200423	34,31,69,1,80,29,43,60
69	0.03665406532068842	58
7	0.04243376861756927	8,92,97
70	0.0333859455630481	94
71	0.038314235549499615	64,18,43,80
72	0.0686701773164984	81,13,58
73	0.03708562900254848	91,64
74	0.040602113343798714	89
75	0.09031397630061945	45,44,28,41,70,24,83,78,84
76	0.09734696094977982	1,2,3,4,5,6,7,8,9,10,11,12,13,14,15,16,17,18,19,20,21,22,23,24,25,26,27,28,29,30,31,32,33,34,35,36,37,38,39,40,41,42,43,44,45,46,47,48,49,50,51,52,53,54,55,56,57,58,59,60,61,62,63,64,65,66,67,68,69,70,71,72,73,74,75,76,77,78,79,80,81,82,83,84,85,86,87,88,89,90,91,92,93,94,95,96,97,98,99,100
77	0.08832219592225185	87,11,54,77,69,63,58
78	0.03318672054300597	50,93,58,87,57,42,11
79	0.03732565075291846	38,51,58,30,96,69,11,82
8	0.1467282358822603	25,51,9,32,72
80	0.10008581013322504	44,76,92,45,46,59,97,96,94
81	0.05737945859909046	32,46,93,23,5
82	0.07802493111838736	46,6,89
83	0.0363720405509815	10
84	0.0821114222216325	1,2,3,4,5,6,7,8,9,10,11,12,13,14,15,16,17,18,19,20,21,22,23,24,25,26,27,28,29,30,31,32,33,34,35,36,37,38,39,40,41,42,43,44,45,46,47,48,49,50,51,52,53,54,55,56,57,58,59,60,61,62,63,64,65,66,67,68,69,70,71,72,73,74,75,76,77,78,79,80,81,82,83,84,85,86,87,88,89,90,91,92,93,94,95,96,97,98,99,100
85	0.035780873854625694	86,22
86	0.06493138898311528	21,65,24,58,68,83,7
87	0.0908867597603592	44,9,19,26,4,65,12
88	0.10865193263225949	1,2,3,4,5,6,7,8,9,10,11,12,13,14,15,16,17,18,19,20,21,22,23,24,25,26,27,28,29,30,31,32,33,34,35,36,37,38,39,40,41,42,43,44,45,46,47,48,49,50,51,52,53,54,55,56,57,58,59,60,61,62,63,64,65,66,67,68,69,70,71,72,73,74,75,76,77,78,79,80,81,82,83,84,85,86,87,88,89,90,91,92,93,94,95,96,97,98,99,100
89	0.1279743703146906	10,77,18,55
9	0.07181020480731476	13,34,87,86,97,6
90	0.035414205951261366	11,82,14
91	0.07938031375184218	39,29,5
92	0.044194077287279025	9,28,94,34,37,54,48,25,73
93	0.05810240516072915	34
94	0.09426043246548392	49
95	0.050263999976537695	72,98,22,87,85,8
96	0.04104611528281293	99,97,23,1,80,81,32
97	0.07184532413626761	62,38,33,59,14,95,7,16,25
98	0.07041509753829289	22,16,97,64,74,87,94
99	0.05487829182891581	47,84,7,54,33,87,27
