1	0.029270641770799476	98,86
10	0.0874554260178869	53,27,77,97,40
100	0.01923140115083645	69,55,31,17,6,66,15,87
11	0.07677341127007872	8,4
12	0.09260301471529778	18,33
13	0.059268159774857714	77,44,82,23,28
14	0.03767405530486179	47,29,35,34,8,22
15	0.06826999539978477	76
16	0.07141609073968866	79,24,88,3,76,59
17	0.030706338103306793	33,38,21,54,12,58,8
18	0.10901329813700422	19,53,84,26,70,8,90,59,75
19	0.04180776503612304	1,2,3,4,5,6,7,8,9,10,11,12,13,14,15,16,17,18,19,20,21,22,23,24,25,26,27,28,29,30,31,32,33,34,35,36,37,38,39,40,41,42,43,44,45,46,47,48,49,50,51,52,53,54,55,56,57,58,59,60,61,62,63,64,65,66,67,68,69,70,71,72,73,74,75,76,77,78,79,80,81,82,83,84,85,86,87,88,89,90,91,92,93,94,95,96,97,98,99,100
2	0.05327602299066251	54,4,57,34,36
20	0.06407921726518273	2,51,72,36,44
21	0.034705321171128484	78,47,11,83,80,25
22	0.0764999587208134	64,88,12
23	0.05852384176123381	92,8,54,4,89,66
24	0.058698409804067764	7,31,32,42,16,89,35
25	0.09824964890416127	8,75,39
26	0.10774102391308119	36,5
27	0.06515823067654816	74,5,32,41
28	0.05562570410962302	99,52,43
29	0.07064371046068446	91,18,8,34,37,38,80
3	0.09215379211298076	54,39,75,16,11,73,65
30	0.028677139617692523	1,2,3,4,5,6,7,8,9,10,11,12,13,14,15,16,17,18,19,20,21,22,23,24,25,26,27,28,29,30,31,32,33,34,35,36,37,38,39,40,41,42,43,44,45,46,47,48,49,50,51,52,53,54,55,56,57,58,59,60,61,62,63,64,65,66,67,68,69,70,71,72,73,74,75,76,77,78,79,80,81,82,83,84,85,86,87,88,89,90,91,92,93,94,95,96,97,98,99,100
31	0.05726009703701373	88,40,53,13,57,9,41,93
32	0.19687202921002003	71,8,95,48,55,94,81,34
33	0.07674997049246407	93,44,42,43,31,17
34	0.14236614771443645	54,88,59,91,12
35	0.04407383960732181	21,65,25,54,56,11,73,4
36	0.08911549607961432	1,2,3,4,5,6,7,8,9,10,11,12,13,14,15,16,17,18,19,20,21,22,23,24,25,26,27,28,29,30,31,32,33,34,35,36,37,38,39,40,41,42,43,44,45,46,47,48,49,50,51,52,53,54,55,56,57,58,59,60,61,62,63,64,65,66,67,68,69,70,71,72,73,74,75,76,77,78,79,80,81,82,83,84,85,86,87,88,89,90,91,92,93,94,95,96,97,98,99,100
37	0.03585945966557708	27,26,54,32,36,8
38	0.04384746664099723	55,72,86,39,75
39	0.10368281443255456	50
4	0.09618240470104	32
40	0.07023958296638531	75,84
41	0.1355564737587842	15,89,61
42	0.03995494592470357	4,93,76,86
43	0.061259715841341544	80,82
44	0.08374638729562005	64,98,50,16
45	0.03961433716917185	1,2,3,4,5,6,7,8,9,10,11,12,13,14,15,16,17,18,19,20,21,22,23,24,25,26,27,28,29,30,31,32,33,34,35,36,37,38,39,40,41,42,43,44,45,46,47,48,49,50,51,52,53,54,55,56,57,58,59,60,61,62,63,64,65,66,67,68,69,70,71,72,73,74,75,76,77,78,79,80,81,82,83,84,85,86,87,88,89,90,91,92,93,94,95,96,97,98,99,100
46	0.06717544873469	30,20,25,59,91,11,62,67,26
47	0.05752809537532363	88
48	0.08375776559589931	41
49	0.15909692997187638	58,89,59,94,41,51,87,85,29
5	0.11719871649228557	27,20,87,49,25
50	0.13068782365494572	80,49,48,47,32
51	0.07851256792297259	54,84,82
52	0.034456367875717916	15,72,24,76
53	0.04887959441792678	8,23,9
54	0.1341188106689068	2,22,59,40,90,95,55,48,77
55	0.11539492729753116	80,91,20,65,66
56	0.027886642474049653	43,66,76,77,38,39,40,67,59
57	0.03699881178687154	1,2,3,4,5,6,7,8,9,10,11,12,13,14,15,16,17,18,19,20,21,22,23,24,25,26,27,28,29,30,31,32,33,34,35,36,37,38,39,40,41,42,43,44,45,46,47,48,49,50,51,52,53,54,55,56,57,58,59,60,61,62,63,64,65,66,67,68,69,70,71,72,73,74,75,76,77,78,79,80,81,82,83,84,85,86,87,88,89,90,91,92,93,94,95,96,97,98,99,100
58	0.12601923841643664	98,99,40,55,35,2,96,12,3
59	0.12019080326224929	3,26
6	0.058194744148921854	74,71,40,56,98,79,22,48,78
60	0.027181174022363686	77,15,96,61,59,25,4,35
61	0.06469673736817001	1,2,3,4,5,6,7,8,9,10,11,12,13,14,15,16,17,18,19,20,21,22,23,24,25,26,27,28,29,30,31,32,33,34,35,36,37,38,39,40,41,42,43,44,45,46,47,48,49,50,51,52,53,54,55,56,57,58,59,60,61,62,63,64,65,66,67,68,69,70,71,72,73,74,75,76,77,78,79,80,81,82,83,84,85,86,87,88,89,90,91,92,93,94,95,96,97,98,99,100
62	0.03687099305219895	73,31,37,62,61,24
63	0.031543156986675674	68
64	0.09495476025049715	39,79,28,31,99,98,93,55
65	0.07526246331105006	1,2,3,4,5,6,7,8,9,10,11,12,13,14,15,16,17,18,19,20,21,22,23,24,25,26,27,28,29,30,31,32,33,34,35,36,37,38,39,40,41,42,43,44,45,46,47,48,49,50,51,52,53,54,55,56,57,58,59,60,61,62,63,64,65,66,67,68,69,70,71,72,73,74,75,76,77,78,79,80,81,82,83,84,85,86,87,88,89,90,91,92,93,94,95,96,97,98,99,100
66	0.04962031141694988	1,2,3,4,5,6,7,8,9,10,11,12,13,14,15,16,17,18,19,20,21,22,23,24,25,26,27,28,29,30,31,32,33,34,35,36,37,38,39,40,41,42,43,44,45,46,47,48,49,50,51,52,53,54,55,56,57,58,59,60,61,62,63,64,65,66,67,68,69,70,71,72,73,74,75,76,77,78,79,80,81,82,83,84,85,86,87,88,89,90,91,92,93,94,95,96,97,98,99,100
67	0.026655905376823948	75,60,99,28,54,26
68	0.054224607595668134	34,31,69,1,80,29,43,60
69	0.04204085309250641	58
7	0.04906835316288252	8,92,97
70	0.03859842059118486	94
71	0.04469028470090332	64,18,43,80
72	0.08154424387830542	81,13,58
73	0.04274929266526275	91,64
74	0.04699517025049738	89
75	0.10813291898951323	45,44,28,41,70,24,83,78,84
76	0.1156982484911681	1,2,3,4,5,6,7,8,9,10,11,12,13,14,15,16,17,18,19,20,21,22,23,24,25,26,27,28,29,30,31,32,33,34,35,36,37,38,39,40,41,42,43,44,45,46,47,48,49,50,51,52,53,54,55,56,57,58,59,60,61,62,63,64,65,66,67,68,69,70,71,72,73,74,75,76,77,78,79,80,81,82,83,84,85,86,87,88,89,90,91,92,93,94,95,96,97,98,99,100
77	0.10598292964727977	87,11,54,77,69,63,58
78	0.037925322625681775	50,93,58,87,57,42,11
79	0.043181239242027304	38,51,58,30,96,69,11,82
8	0.1764484049599662	25,51,9,32,72
80	0.11956798119461351	44,76,92,45,46,59,97,96,94
81	0.06805810336232017	32,46,93,23,5
82	0.09223947396700427	46,6,89
83	0.04165330788135619	10
84	0.09836362718408588	1,2,3,4,5,6,7,8,9,10,11,12,13,14,15,16,17,18,19,20,21,22,23,24,25,26,27,28,29,30,31,32,33,34,35,36,37,38,39,40,41,42,43,44,45,46,47,48,49,50,51,52,53,54,55,56,57,58,59,60,61,62,63,64,65,66,67,68,69,70,71,72,73,74,75,76,77,78,79,80,81,82,83,84,85,86,87,88,89,90,91,92,93,94,95,96,97,98,99,100
85	0.04167804537537759	86,22
86	0.07524812657122605	21,65,24,58,68,83,7
87	0.10961596970052165	44,9,19,26,4,65,12
88	0.12971433679476696	1,2,3,4,5,6,7,8,9,10,11,12,13,14,15,16,17,18,19,20,21,22,23,24,25,26,27,28,29,30,31,32,33,34,35,36,37,38,39,40,41,42,43,44,45,46,47,48,49,50,51,52,53,54,55,56,57,58,59,60,61,62,63,64,65,66,67,68,69,70,71,72,73,74,75,76,77,78,79,80,81,82,83,84,85,86,87,88,89,90,91,92,93,94,95,96,97,98,99,100
89	0.1539689790315917	10,77,18,55
9	0.08565043130553733	13,34,87,86,97,6
90	0.04113384263482858	11,82,14
91	0.0947332979712171	39,29,5
92	0.05113943387984594	9,28,94,34,37,54,48,25,73
93	0.06820310308045548	34
94	0.11280645730016646	49
95	0.059664243598146406	72,98,22,87,85,8
96	0.04764286473017686	99,97,23,1,80,81,32
97	0.08506006595152106	62,38,33,59,14,95,7,16,25
98	0.08307747411908215	22,16,97,64,74,87,94
99	0.06416446356695478	47,84,7,54,33,87,27
