1	0.026164876692659426	98,86
10	0.0736911774640864	53,27,77,97,40
100	0.017971304945635265	69,55,31,17,6,66,15,87
11	0.06430241812522185	8,4
12	0.07655888911093883	18,33
13	0.049953662962732966	77,44,82,23,28
14	0.032831622182834516	47,29,35,34,8,22
15	0.05704771811269662	76
16	0.05937671614571395	79,24,88,3,76,59
17	0.02716288032848358	33,38,21,54,12,58,8
18	0.08947216177509958	19,53,84,26,70,8,90,59,75
19	0.03553633336625909	1,2,3,4,5,6,7,8,9,10,11,12,13,14,15,16,17,18,19,20,21,22,23,24,25,26,27,28,29,30,31,32,33,34,35,36,37,38,39,40,41,42,43,44,45,46,47,48,49,50,51,52,53,54,55,56,57,58,59,60,61,62,63,64,65,66,67,68,69,70,71,72,73,74,75,76,77,78,79,80,81,82,83,84,85,86,87,88,89,90,91,92,93,94,95,96,97,98,99,100
2	0.0448386370792515	54,4,57,34,36
20	0.05312255899926369	2,51,72,36,44
21	0.030626349230034287	78,47,11,83,80,25
22	0.06409142102151412	64,88,12
23	0.049721859117246824	92,8,54,4,89,66
24	0.04993984692435545	7,31,32,42,16,89,35
25	0.08105674077437083	8,75,39
26	0.08799478098541849	36,5
27	0.05468829408890039	74,5,32,41
28	0.047154901410942085	99,52,43
29	0.05896229886843054	91,18,8,34,37,38,80
3	0.07549770153511842	54,39,75,16,11,73,65
30	0.025434050964758884	1,2,3,4,5,6,7,8,9,10,11,12,13,14,15,16,17,18,19,20,21,22,23,24,25,26,27,28,29,30,31,32,33,34,35,36,37,38,39,40,41,42,43,44,45,46,47,48,49,50,51,52,53,54,55,56,57,58,59,60,61,62,63,64,65,66,67,68,69,70,71,72,73,74,75,76,77,78,79,80,81,82,83,84,85,86,87,88,89,90,91,92,93,94,95,96,97,98,99,100
31	0.04885460299180299	88,40,53,13,57,9,41,93
32	0.16071561120611813	71,8,95,48,55,94,81,34
33	0.06399486880113969	93,44,42,43,31,17
34	0.11758846857274052	54,88,59,91,12
35	0.03808794400682425	21,65,25,54,56,11,73,4
36	0.07334464394006432	1,2,3,4,5,6,7,8,9,10,11,12,13,14,15,16,17,18,19,20,21,22,23,24,25,26,27,28,29,30,31,32,33,34,35,36,37,38,39,40,41,42,43,44,45,46,47,48,49,50,51,52,53,54,55,56,57,58,59,60,61,62,63,64,65,66,67,68,69,70,71,72,73,74,75,76,77,78,79,80,81,82,83,84,85,86,87,88,89,90,91,92,93,94,95,96,97,98,99,100
37	0.03130649688233628	27,26,54,32,36,8
38	0.03774389347025001	55,72,86,39,75
39	0.08536579111615533	50
4	0.08028357484279847	32
40	0.05886861878385128	75,84
41	0.11016972553493978	15,89,61
42	0.03459921487987093	4,93,76,86
43	0.05217984824981854	80,82
44	0.06906673551691402	64,98,50,16
45	0.033954862696786894	1,2,3,4,5,6,7,8,9,10,11,12,13,14,15,16,17,18,19,20,21,22,23,24,25,26,27,28,29,30,31,32,33,34,35,36,37,38,39,40,41,42,43,44,45,46,47,48,49,50,51,52,53,54,55,56,57,58,59,60,61,62,63,64,65,66,67,68,69,70,71,72,73,74,75,76,77,78,79,80,81,82,83,84,85,86,87,88,89,90,91,92,93,94,95,96,97,98,99,100
46	0.0563210614810055	30,20,25,59,91,11,62,67,26
47	0.04857982340013094	88
48	0.06873749540535715	41
49	0.12906746671948666	58,89,59,94,41,51,87,85,29
5	0.09574868514190321	27,20,87,49,25
50	0.10672222997941246	80,49,48,47,32
51	0.06463810938687146	54,84,82
52	0.030372669900807343	15,72,24,76
53	0.041644723726641915	8,23,9
54	0.11035927131143039	2,22,59,40,90,95,55,48,77
55	0.0943923697968613	80,91,20,65,66
56	0.024889907548085018	43,66,76,77,38,39,40,67,59
57	0.032281989438356105	1,2,3,4,5,6,7,8,9,10,11,12,13,14,15,16,17,18,19,20,21,22,23,24,25,26,27,28,29,30,31,32,33,34,35,36,37,38,39,40,41,42,43,44,45,46,47,48,49,50,51,52,53,54,55,56,57,58,59,60,61,62,63,64,65,66,67,68,69,70,71,72,73,74,75,76,77,78,79,80,81,82,83,84,85,86,87,88,89,90,91,92,93,94,95,96,97,98,99,100
58	0.10490515019223803	98,99,40,55,35,2,96,12,3
59	0.09810396161822389	3,26
6	0.0492991274528974	74,71,40,56,98,79,22,48,78
60	0.024609222232635314	77,15,96,61,59,25,4,35
61	0.05384795303016469	1,2,3,4,5,6,7,8,9,10,11,12,13,14,15,16,17,18,19,20,21,22,23,24,25,26,27,28,29,30,31,32,33,34,35,36,37,38,39,40,41,42,43,44,45,46,47,48,49,50,51,52,53,54,55,56,57,58,59,60,61,62,63,64,65,66,67,68,69,70,71,72,73,74,75,76,77,78,79,80,81,82,83,84,85,86,87,88,89,90,91,92,93,94,95,96,97,98,99,100
62	0.032041334166585465	73,31,37,62,61,24
63	0.027604985660814672	68
64	0.07927050020265776	39,79,28,31,99,98,93,55
65	0.06226964909177059	1,2,3,4,5,6,7,8,9,10,11,12,13,14,15,16,17,18,19,20,21,22,23,24,25,26,27,28,29,30,31,32,33,34,35,36,37,38,39,40,41,42,43,44,45,46,47,48,49,50,51,52,53,54,55,56,57,58,59,60,61,62,63,64,65,66,67,68,69,70,71,72,73,74,75,76,77,78,79,80,81,82,83,84,85,86,87,88,89,90,91,92,93,94,95,96,97,98,99,100
66	0.04220222328372848	1,2,3,4,5,6,7,8,9,10,11,12,13,14,15,16,17,18,19,20,21,22,23,24,25,26,27,28,29,30,31,32,33,34,35,36,37,38,39,40,41,42,43,44,45,46,47,48,49,50,51,52,53,54,55,56,57,58,59,60,61,62,63,64,65,66,67,68,69,70,71,72,73,74,75,76,77,78,79,80,81,82,83,84,85,86,87,88,89,90,91,92,93,94,95,96,97,98,99,100
67	0.023856795307483858	75,60,99,28,54,26
68	0.04746191065222516	34,31,69,1,80,29,43,60
69	0.03632288325282812	58
7	0.04202587140482088	8,92,97
70	0.03306548030658326	94
71	0.03792223329406896	64,18,43,80
72	0.06787867395867686	81,13,58
73	0.03673742443619614	91,64
74	0.04020906535313437	89
75	0.08921845983593037	45,44,28,41,70,24,83,78,84
76	0.09621871562104979	1,2,3,4,5,6,7,8,9,10,11,12,13,14,15,16,17,18,19,20,21,22,23,24,25,26,27,28,29,30,31,32,33,34,35,36,37,38,39,40,41,42,43,44,45,46,47,48,49,50,51,52,53,54,55,56,57,58,59,60,61,62,63,64,65,66,67,68,69,70,71,72,73,74,75,76,77,78,79,80,81,82,83,84,85,86,87,88,89,90,91,92,93,94,95,96,97,98,99,100
77	0.08723640614491504	87,11,54,77,69,63,58
78	0.03289538920712499	50,93,58,87,57,42,11
79	0.03696564658339684	38,51,58,30,96,69,11,82
8	0.1449010268743743	25,51,9,32,72
80	0.09888803767669418	44,76,92,45,46,59,97,96,94
81	0.05672293092914205	32,46,93,23,5
82	0.07715101478428402	46,6,89
83	0.03604734590244789	10
84	0.08111222950895905	1,2,3,4,5,6,7,8,9,10,11,12,13,14,15,16,17,18,19,20,21,22,23,24,25,26,27,28,29,30,31,32,33,34,35,36,37,38,39,40,41,42,43,44,45,46,47,48,49,50,51,52,53,54,55,56,57,58,59,60,61,62,63,64,65,66,67,68,69,70,71,72,73,74,75,76,77,78,79,80,81,82,83,84,85,86,87,88,89,90,91,92,93,94,95,96,97,98,99,100
85	0.035418313148959615	86,22
86	0.06429711146342632	21,65,24,58,68,83,7
87	0.08973527974992589	44,9,19,26,4,65,12
88	0.10735700667249817	1,2,3,4,5,6,7,8,9,10,11,12,13,14,15,16,17,18,19,20,21,22,23,24,25,26,27,28,29,30,31,32,33,34,35,36,37,38,39,40,41,42,43,44,45,46,47,48,49,50,51,52,53,54,55,56,57,58,59,60,61,62,63,64,65,66,67,68,69,70,71,72,73,74,75,76,77,78,79,80,81,82,83,84,85,86,87,88,89,90,91,92,93,94,95,96,97,98,99,100
89	0.12637621049773845	10,77,18,55
9	0.07095930149791119	13,34,87,86,97,6
90	0.035062560169766444	11,82,14
91	0.07843640546963408	39,29,5
92	0.04376707376266099	9,28,94,34,37,54,48,25,73
93	0.057481409742198716	34
94	0.0931202147204195	49
95	0.04968606889785988	72,98,22,87,85,8
96	0.04064054421831138	99,97,23,1,80,81,32
97	0.07103287606270453	62,38,33,59,14,95,7,16,25
98	0.06963660905082217	22,16,97,64,74,87,94
99	0.0543073739141494	47,84,7,54,33,87,27
