1	0.02616009878027454	98,86
10	0.07367000252646426	53,27,77,97,40
100	0.017969366412196403	69,55,31,17,6,66,15,87
11	0.06428323273498884	8,4
12	0.07653420680725775	18,33
13	0.04993933353249031	77,44,82,23,28
14	0.03282417257750295	47,29,35,34,8,22
15	0.05703045374965888	76
16	0.05935819475834113	79,24,88,3,76,59
17	0.02715742906821237	33,38,21,54,12,58,8
18	0.08944209966779695	19,53,84,26,70,8,90,59,75
19	0.035526685388003215	1,2,3,4,5,6,7,8,9,10,11,12,13,14,15,16,17,18,19,20,21,22,23,24,25,26,27,28,29,30,31,32,33,34,35,36,37,38,39,40,41,42,43,44,45,46,47,48,49,50,51,52,53,54,55,56,57,58,59,60,61,62,63,64,65,66,67,68,69,70,71,72,73,74,75,76,77,78,79,80,81,82,83,84,85,86,87,88,89,90,91,92,93,94,95,96,97,98,99,100
2	0.04482565699439311	54,4,57,34,36
20	0.05310570326472937	2,51,72,36,44
21	0.030620074134695523	78,47,11,83,80,25
22	0.0640723317125961	64,88,12
23	0.049708318134411504	92,8,54,4,89,66
24	0.0499263727404403	7,31,32,42,16,89,35
25	0.08103029118423549	8,75,39
26	0.08796440334390873	36,5
27	0.05467218712791706	74,5,32,41
28	0.04714186991690501	99,52,43
29	0.058944328172970926	91,18,8,34,37,38,80
3	0.07547207778746393	54,39,75,16,11,73,65
30	0.025429061793794526	1,2,3,4,5,6,7,8,9,10,11,12,13,14,15,16,17,18,19,20,21,22,23,24,25,26,27,28,29,30,31,32,33,34,35,36,37,38,39,40,41,42,43,44,45,46,47,48,49,50,51,52,53,54,55,56,57,58,59,60,61,62,63,64,65,66,67,68,69,70,71,72,73,74,75,76,77,78,79,80,81,82,83,84,85,86,87,88,89,90,91,92,93,94,95,96,97,98,99,100
31	0.04884167196948196	88,40,53,13,57,9,41,93
32	0.16065998812783516	71,8,95,48,55,94,81,34
33	0.06397524634022476	93,44,42,43,31,17
34	0.11755035056795637	54,88,59,91,12
35	0.03807873529821396	21,65,25,54,56,11,73,4
36	0.07332038204132231	1,2,3,4,5,6,7,8,9,10,11,12,13,14,15,16,17,18,19,20,21,22,23,24,25,26,27,28,29,30,31,32,33,34,35,36,37,38,39,40,41,42,43,44,45,46,47,48,49,50,51,52,53,54,55,56,57,58,59,60,61,62,63,64,65,66,67,68,69,70,71,72,73,74,75,76,77,78,79,80,81,82,83,84,85,86,87,88,89,90,91,92,93,94,95,96,97,98,99,100
37	0.03129949259831782	27,26,54,32,36,8
38	0.037734503725541366	55,72,86,39,75
39	0.08533761218757352	50
4	0.08025911606499109	32
40	0.05885112567980683	75,84
41	0.11013067052985086	15,89,61
42	0.034590975616407116	4,93,76,86
43	0.05216587977062212	80,82
44	0.06904415232133772	64,98,50,16
45	0.03394615615499077	1,2,3,4,5,6,7,8,9,10,11,12,13,14,15,16,17,18,19,20,21,22,23,24,25,26,27,28,29,30,31,32,33,34,35,36,37,38,39,40,41,42,43,44,45,46,47,48,49,50,51,52,53,54,55,56,57,58,59,60,61,62,63,64,65,66,67,68,69,70,71,72,73,74,75,76,77,78,79,80,81,82,83,84,85,86,87,88,89,90,91,92,93,94,95,96,97,98,99,100
46	0.05630436307784261	30,20,25,59,91,11,62,67,26
47	0.048566057368856316	88
48	0.06871438820594641	41
49	0.12902126935793617	58,89,59,94,41,51,87,85,29
5	0.09571568638640124	27,20,87,49,25
50	0.10668536128204173	80,49,48,47,32
51	0.06461676490277513	54,84,82
52	0.03036638753602279	15,72,24,76
53	0.04163359359374376	8,23,9
54	0.11032271960837457	2,22,59,40,90,95,55,48,77
55	0.09436005943753206	80,91,20,65,66
56	0.02488529736757087	43,66,76,77,38,39,40,67,59
57	0.03227473307369942	1,2,3,4,5,6,7,8,9,10,11,12,13,14,15,16,17,18,19,20,21,22,23,24,25,26,27,28,29,30,31,32,33,34,35,36,37,38,39,40,41,42,43,44,45,46,47,48,49,50,51,52,53,54,55,56,57,58,59,60,61,62,63,64,65,66,67,68,69,70,71,72,73,74,75,76,77,78,79,80,81,82,83,84,85,86,87,88,89,90,91,92,93,94,95,96,97,98,99,100
58	0.10487266825467995	98,99,40,55,35,2,96,12,3
59	0.09806998319392987	3,26
6	0.049285442426406464	74,71,40,56,98,79,22,48,78
60	0.024605265539089337	77,15,96,61,59,25,4,35
61	0.053831263249505656	1,2,3,4,5,6,7,8,9,10,11,12,13,14,15,16,17,18,19,20,21,22,23,24,25,26,27,28,29,30,31,32,33,34,35,36,37,38,39,40,41,42,43,44,45,46,47,48,49,50,51,52,53,54,55,56,57,58,59,60,61,62,63,64,65,66,67,68,69,70,71,72,73,74,75,76,77,78,79,80,81,82,83,84,85,86,87,88,89,90,91,92,93,94,95,96,97,98,99,100
62	0.032033904213601784	73,31,37,62,61,24
63	0.027598927173716162	68
64	0.07924637151996271	39,79,28,31,99,98,93,55
65	0.062249660929981784	1,2,3,4,5,6,7,8,9,10,11,12,13,14,15,16,17,18,19,20,21,22,23,24,25,26,27,28,29,30,31,32,33,34,35,36,37,38,39,40,41,42,43,44,45,46,47,48,49,50,51,52,53,54,55,56,57,58,59,60,61,62,63,64,65,66,67,68,69,70,71,72,73,74,75,76,77,78,79,80,81,82,83,84,85,86,87,88,89,90,91,92,93,94,95,96,97,98,99,100
66	0.04219081128899199	1,2,3,4,5,6,7,8,9,10,11,12,13,14,15,16,17,18,19,20,21,22,23,24,25,26,27,28,29,30,31,32,33,34,35,36,37,38,39,40,41,42,43,44,45,46,47,48,49,50,51,52,53,54,55,56,57,58,59,60,61,62,63,64,65,66,67,68,69,70,71,72,73,74,75,76,77,78,79,80,81,82,83,84,85,86,87,88,89,90,91,92,93,94,95,96,97,98,99,100
67	0.023852489153636428	75,60,99,28,54,26
68	0.04745150690983148	34,31,69,1,80,29,43,60
69	0.03631408672185427	58
7	0.042015037241941035	8,92,97
70	0.03305696842496857	94
71	0.03791182131734572	64,18,43,80
72	0.06785765082826418	81,13,58
73	0.0367281757704307	91,64
74	0.04019862560062476	89
75	0.08918936180965059	45,44,28,41,70,24,83,78,84
76	0.09618874828301008	1,2,3,4,5,6,7,8,9,10,11,12,13,14,15,16,17,18,19,20,21,22,23,24,25,26,27,28,29,30,31,32,33,34,35,36,37,38,39,40,41,42,43,44,45,46,47,48,49,50,51,52,53,54,55,56,57,58,59,60,61,62,63,64,65,66,67,68,69,70,71,72,73,74,75,76,77,78,79,80,81,82,83,84,85,86,87,88,89,90,91,92,93,94,95,96,97,98,99,100
77	0.08720756646929757	87,11,54,77,69,63,58
78	0.032887651151932915	50,93,58,87,57,42,11
79	0.03695608450822663	38,51,58,30,96,69,11,82
8	0.14485249435346392	25,51,9,32,72
80	0.09885622362775867	44,76,92,45,46,59,97,96,94
81	0.05670549288963344	32,46,93,23,5
82	0.07712780268179564	46,6,89
83	0.036038721683898496	10
84	0.08108568993904014	1,2,3,4,5,6,7,8,9,10,11,12,13,14,15,16,17,18,19,20,21,22,23,24,25,26,27,28,29,30,31,32,33,34,35,36,37,38,39,40,41,42,43,44,45,46,47,48,49,50,51,52,53,54,55,56,57,58,59,60,61,62,63,64,65,66,67,68,69,70,71,72,73,74,75,76,77,78,79,80,81,82,83,84,85,86,87,88,89,90,91,92,93,94,95,96,97,98,99,100
85	0.03540868316960146	86,22
86	0.06428026441043215	21,65,24,58,68,83,7
87	0.08970469527521995	44,9,19,26,4,65,12
88	0.10732261212816957	1,2,3,4,5,6,7,8,9,10,11,12,13,14,15,16,17,18,19,20,21,22,23,24,25,26,27,28,29,30,31,32,33,34,35,36,37,38,39,40,41,42,43,44,45,46,47,48,49,50,51,52,53,54,55,56,57,58,59,60,61,62,63,64,65,66,67,68,69,70,71,72,73,74,75,76,77,78,79,80,81,82,83,84,85,86,87,88,89,90,91,92,93,94,95,96,97,98,99,100
89	0.12633376175520294	10,77,18,55
9	0.07093670064465465	13,34,87,86,97,6
90	0.0350532201018433	11,82,14
91	0.07841133431015208	39,29,5
92	0.04375573211679677	9,28,94,34,37,54,48,25,73
93	0.057464915475256645	34
94	0.09308992938288241	49
95	0.049670718463377776	72,98,22,87,85,8
96	0.040629771840283685	99,97,23,1,80,81,32
97	0.07101129661943964	62,38,33,59,14,95,7,16,25
98	0.06961593160854078	22,16,97,64,74,87,94
99	0.05429220975640012	47,84,7,54,33,87,27
