1	0.026870994694688143	98,86
10	0.07682057864324367	53,27,77,97,40
100	0.01825779687945394	69,55,31,17,6,66,15,87
11	0.06713778812150392	8,4
12	0.08020663682197794	18,33
13	0.05207138045849877	77,44,82,23,28
14	0.03393258427882898	47,29,35,34,8,22
15	0.05959918338740408	76
16	0.0621139545030215	79,24,88,3,76,59
17	0.027968511052157304	33,38,21,54,12,58,8
18	0.09391497977529417	19,53,84,26,70,8,90,59,75
19	0.03696218854774275	1,2,3,4,5,6,7,8,9,10,11,12,13,14,15,16,17,18,19,20,21,22,23,24,25,26,27,28,29,30,31,32,33,34,35,36,37,38,39,40,41,42,43,44,45,46,47,48,49,50,51,52,53,54,55,56,57,58,59,60,61,62,63,64,65,66,67,68,69,70,71,72,73,74,75,76,77,78,79,80,81,82,83,84,85,86,87,88,89,90,91,92,93,94,95,96,97,98,99,100
2	0.04675693755223479	54,4,57,34,36
20	0.05561363389369385	2,51,72,36,44
21	0.03155373287104413	78,47,11,83,80,25
22	0.06691259135442795	64,88,12
23	0.05172305356778474	92,8,54,4,89,66
24	0.051931169296856705	7,31,32,42,16,89,35
25	0.0849656721731036	8,75,39
26	0.09248423114680927	36,5
27	0.057068709255404804	74,5,32,41
28	0.04908079954253712	99,52,43
29	0.061618151582196586	91,18,8,34,37,38,80
3	0.07928458334416132	54,39,75,16,11,73,65
30	0.026171390444678845	1,2,3,4,5,6,7,8,9,10,11,12,13,14,15,16,17,18,19,20,21,22,23,24,25,26,27,28,29,30,31,32,33,34,35,36,37,38,39,40,41,42,43,44,45,46,47,48,49,50,51,52,53,54,55,56,57,58,59,60,61,62,63,64,65,66,67,68,69,70,71,72,73,74,75,76,77,78,79,80,81,82,83,84,85,86,87,88,89,90,91,92,93,94,95,96,97,98,99,100
31	0.05076565261163484	88,40,53,13,57,9,41,93
32	0.1689360333804492	71,8,95,48,55,94,81,34
33	0.06689483258832016	93,44,42,43,31,17
34	0.12322185135699906	54,88,59,91,12
35	0.03944888041612748	21,65,25,54,56,11,73,4
36	0.07693026085597174	1,2,3,4,5,6,7,8,9,10,11,12,13,14,15,16,17,18,19,20,21,22,23,24,25,26,27,28,29,30,31,32,33,34,35,36,37,38,39,40,41,42,43,44,45,46,47,48,49,50,51,52,53,54,55,56,57,58,59,60,61,62,63,64,65,66,67,68,69,70,71,72,73,74,75,76,77,78,79,80,81,82,83,84,85,86,87,88,89,90,91,92,93,94,95,96,97,98,99,100
37	0.032341645842587245	27,26,54,32,36,8
38	0.039131584838296256	55,72,86,39,75
39	0.08953029794453032	50
4	0.08389828811619922	32
40	0.06145388922860942	75,84
41	0.11594158569970545	15,89,61
42	0.035816878953184215	4,93,76,86
43	0.05424422152162402	80,82
44	0.07240426028903812	64,98,50,16
45	0.035241584888758226	1,2,3,4,5,6,7,8,9,10,11,12,13,14,15,16,17,18,19,20,21,22,23,24,25,26,27,28,29,30,31,32,33,34,35,36,37,38,39,40,41,42,43,44,45,46,47,48,49,50,51,52,53,54,55,56,57,58,59,60,61,62,63,64,65,66,67,68,69,70,71,72,73,74,75,76,77,78,79,80,81,82,83,84,85,86,87,88,89,90,91,92,93,94,95,96,97,98,99,100
46	0.05878888469135451	30,20,25,59,91,11,62,67,26
47	0.05061427730357711	88
48	0.0721524616432565	41
49	0.1358948812907064	58,89,59,94,41,51,87,85,29
5	0.10062550443761259	27,20,87,49,25
50	0.11217098014988784	80,49,48,47,32
51	0.0677925674962391	54,84,82
52	0.03130112787819769	15,72,24,76
53	0.04328962354278042	8,23,9
54	0.11576117353481272	2,22,59,40,90,95,55,48,77
55	0.09916745241429387	80,91,20,65,66
56	0.025571236796506507	43,66,76,77,38,39,40,67,59
57	0.033354392885849675	1,2,3,4,5,6,7,8,9,10,11,12,13,14,15,16,17,18,19,20,21,22,23,24,25,26,27,28,29,30,31,32,33,34,35,36,37,38,39,40,41,42,43,44,45,46,47,48,49,50,51,52,53,54,55,56,57,58,59,60,61,62,63,64,65,66,67,68,69,70,71,72,73,74,75,76,77,78,79,80,81,82,83,84,85,86,87,88,89,90,91,92,93,94,95,96,97,98,99,100
58	0.10970559000895044	98,99,40,55,35,2,96,12,3
59	0.10312556418165922	3,26
6	0.05132160982278688	74,71,40,56,98,79,22,48,78
60	0.0251939739643647	77,15,96,61,59,25,4,35
61	0.0563145019378001	1,2,3,4,5,6,7,8,9,10,11,12,13,14,15,16,17,18,19,20,21,22,23,24,25,26,27,28,29,30,31,32,33,34,35,36,37,38,39,40,41,42,43,44,45,46,47,48,49,50,51,52,53,54,55,56,57,58,59,60,61,62,63,64,65,66,67,68,69,70,71,72,73,74,75,76,77,78,79,80,81,82,83,84,85,86,87,88,89,90,91,92,93,94,95,96,97,98,99,100
62	0.03313939188176989	73,31,37,62,61,24
63	0.028500357208149515	68
64	0.082836429387489	39,79,28,31,99,98,93,55
65	0.06522365907199643	1,2,3,4,5,6,7,8,9,10,11,12,13,14,15,16,17,18,19,20,21,22,23,24,25,26,27,28,29,30,31,32,33,34,35,36,37,38,39,40,41,42,43,44,45,46,47,48,49,50,51,52,53,54,55,56,57,58,59,60,61,62,63,64,65,66,67,68,69,70,71,72,73,74,75,76,77,78,79,80,81,82,83,84,85,86,87,88,89,90,91,92,93,94,95,96,97,98,99,100
66	0.043888778890512764	1,2,3,4,5,6,7,8,9,10,11,12,13,14,15,16,17,18,19,20,21,22,23,24,25,26,27,28,29,30,31,32,33,34,35,36,37,38,39,40,41,42,43,44,45,46,47,48,49,50,51,52,53,54,55,56,57,58,59,60,61,62,63,64,65,66,67,68,69,70,71,72,73,74,75,76,77,78,79,80,81,82,83,84,85,86,87,88,89,90,91,92,93,94,95,96,97,98,99,100
67	0.024493193069970998	75,60,99,28,54,26
68	0.04899945868638185	34,31,69,1,80,29,43,60
69	0.03762290476326361	58
7	0.043627030411496355	8,92,97
70	0.034323434064354535	94
71	0.039460998262445895	64,18,43,80
72	0.07098563985755223	81,13,58
73	0.03810426603303443	91,64
74	0.04175193524955871	89
75	0.09351879825346758	45,44,28,41,70,24,83,78,84
76	0.10064752786342585	1,2,3,4,5,6,7,8,9,10,11,12,13,14,15,16,17,18,19,20,21,22,23,24,25,26,27,28,29,30,31,32,33,34,35,36,37,38,39,40,41,42,43,44,45,46,47,48,49,50,51,52,53,54,55,56,57,58,59,60,61,62,63,64,65,66,67,68,69,70,71,72,73,74,75,76,77,78,79,80,81,82,83,84,85,86,87,88,89,90,91,92,93,94,95,96,97,98,99,100
77	0.09149856344062483	87,11,54,77,69,63,58
78	0.03403898072395663	50,93,58,87,57,42,11
79	0.03837880632169746	38,51,58,30,96,69,11,82
8	0.15207354992149147	25,51,9,32,72
80	0.10358977158576532	44,76,92,45,46,59,97,96,94
81	0.05930006349719105	32,46,93,23,5
82	0.08058148443551678	46,6,89
83	0.03732190170855843	10
84	0.08503445883778908	1,2,3,4,5,6,7,8,9,10,11,12,13,14,15,16,17,18,19,20,21,22,23,24,25,26,27,28,29,30,31,32,33,34,35,36,37,38,39,40,41,42,43,44,45,46,47,48,49,50,51,52,53,54,55,56,57,58,59,60,61,62,63,64,65,66,67,68,69,70,71,72,73,74,75,76,77,78,79,80,81,82,83,84,85,86,87,88,89,90,91,92,93,94,95,96,97,98,99,100
85	0.036841508309907414	86,22
86	0.06678690333080622	21,65,24,58,68,83,7
87	0.09425529737099043	44,9,19,26,4,65,12
88	0.1124401067729609	1,2,3,4,5,6,7,8,9,10,11,12,13,14,15,16,17,18,19,20,21,22,23,24,25,26,27,28,29,30,31,32,33,34,35,36,37,38,39,40,41,42,43,44,45,46,47,48,49,50,51,52,53,54,55,56,57,58,59,60,61,62,63,64,65,66,67,68,69,70,71,72,73,74,75,76,77,78,79,80,81,82,83,84,85,86,87,88,89,90,91,92,93,94,95,96,97,98,99,100
89	0.1326496242505315	10,77,18,55
9	0.07429943586292592	13,34,87,86,97,6
90	0.03644290990614829	11,82,14
91	0.08214162139197342	39,29,5
92	0.04544323265183102	9,28,94,34,37,54,48,25,73
93	0.05991906407382013	34
94	0.09759602346531887	49
95	0.05195467854429477	72,98,22,87,85,8
96	0.04223257216629777	99,97,23,1,80,81,32
97	0.07422205831089551	62,38,33,59,14,95,7,16,25
98	0.07269248639964124	22,16,97,64,74,87,94
99	0.05654845409940465	47,84,7,54,33,87,27
