1	0.026148745658504297	98,86
10	0.07361968732058864	53,27,77,97,40
100	0.017964760131374522	69,55,31,17,6,66,15,87
11	0.0642376450276433	8,4
12	0.07647555751093585	18,33
13	0.04990528440112545	77,44,82,23,28
14	0.03280647106486387	47,29,35,34,8,22
15	0.0569894307253621	76
16	0.05931418483324022	79,24,88,3,76,59
17	0.02714447595884684	33,38,21,54,12,58,8
18	0.08937066705510277	19,53,84,26,70,8,90,59,75
19	0.03550376017231234	1,2,3,4,5,6,7,8,9,10,11,12,13,14,15,16,17,18,19,20,21,22,23,24,25,26,27,28,29,30,31,32,33,34,35,36,37,38,39,40,41,42,43,44,45,46,47,48,49,50,51,52,53,54,55,56,57,58,59,60,61,62,63,64,65,66,67,68,69,70,71,72,73,74,75,76,77,78,79,80,81,82,83,84,85,86,87,88,89,90,91,92,93,94,95,96,97,98,99,100
2	0.044794814134140694	54,4,57,34,36
20	0.053065651210342554	2,51,72,36,44
21	0.030605163454933727	78,47,11,83,80,25
22	0.06402697231058169	64,88,12
23	0.04967614248642258	92,8,54,4,89,66
24	0.0498943558178975	7,31,32,42,16,89,35
25	0.08096744251867	8,75,39
26	0.08789222096897784	36,5
27	0.054633914285164537	74,5,32,41
28	0.047110904899815356	99,52,43
29	0.058901626784286155	91,18,8,34,37,38,80
3	0.07541119146224556	54,39,75,16,11,73,65
30	0.025417206686181006	1,2,3,4,5,6,7,8,9,10,11,12,13,14,15,16,17,18,19,20,21,22,23,24,25,26,27,28,29,30,31,32,33,34,35,36,37,38,39,40,41,42,43,44,45,46,47,48,49,50,51,52,53,54,55,56,57,58,59,60,61,62,63,64,65,66,67,68,69,70,71,72,73,74,75,76,77,78,79,80,81,82,83,84,85,86,87,88,89,90,91,92,93,94,95,96,97,98,99,100
31	0.048810945690053155	88,40,53,13,57,9,41,93
32	0.16052781835783686	71,8,95,48,55,94,81,34
33	0.06392862007957927	93,44,42,43,31,17
34	0.11745977579071218	54,88,59,91,12
35	0.03805685386092981	21,65,25,54,56,11,73,4
36	0.07326273169769802	1,2,3,4,5,6,7,8,9,10,11,12,13,14,15,16,17,18,19,20,21,22,23,24,25,26,27,28,29,30,31,32,33,34,35,36,37,38,39,40,41,42,43,44,45,46,47,48,49,50,51,52,53,54,55,56,57,58,59,60,61,62,63,64,65,66,67,68,69,70,71,72,73,74,75,76,77,78,79,80,81,82,83,84,85,86,87,88,89,90,91,92,93,94,95,96,97,98,99,100
37	0.031282849243863174	27,26,54,32,36,8
38	0.037712192116101675	55,72,86,39,75
39	0.08527065432360013	50
4	0.0802009979036626	32
40	0.0588095591284854	75,84
41	0.11003786928261282	15,89,61
42	0.03457139774350646	4,93,76,86
43	0.05213268831952654	80,82
44	0.06899049085819545	64,98,50,16
45	0.03392546795034271	1,2,3,4,5,6,7,8,9,10,11,12,13,14,15,16,17,18,19,20,21,22,23,24,25,26,27,28,29,30,31,32,33,34,35,36,37,38,39,40,41,42,43,44,45,46,47,48,49,50,51,52,53,54,55,56,57,58,59,60,61,62,63,64,65,66,67,68,69,70,71,72,73,74,75,76,77,78,79,80,81,82,83,84,85,86,87,88,89,90,91,92,93,94,95,96,97,98,99,100
46	0.05626468486920145	30,20,25,59,91,11,62,67,26
47	0.048533346968002544	88
48	0.06865948162174264	41
49	0.12891149667294396	58,89,59,94,41,51,87,85,29
5	0.0956372758046867	27,20,87,49,25
50	0.10659775506890057	80,49,48,47,32
51	0.06456604682601942	54,84,82
52	0.030351459582837692	15,72,24,76
53	0.04160714652985214	8,23,9
54	0.11023586662693119	2,22,59,40,90,95,55,48,77
55	0.09428328460066705	80,91,20,65,66
56	0.024874342804878304	43,66,76,77,38,39,40,67,59
57	0.03225749073333815	1,2,3,4,5,6,7,8,9,10,11,12,13,14,15,16,17,18,19,20,21,22,23,24,25,26,27,28,29,30,31,32,33,34,35,36,37,38,39,40,41,42,43,44,45,46,47,48,49,50,51,52,53,54,55,56,57,58,59,60,61,62,63,64,65,66,67,68,69,70,71,72,73,74,75,76,77,78,79,80,81,82,83,84,85,86,87,88,89,90,91,92,93,94,95,96,97,98,99,100
58	0.10479548571914477	98,99,40,55,35,2,96,12,3
59	0.09798924475473389	3,26
6	0.049252924506514924	74,71,40,56,98,79,22,48,78
60	0.024595863771116964	77,15,96,61,59,25,4,35
61	0.05379160552938089	1,2,3,4,5,6,7,8,9,10,11,12,13,14,15,16,17,18,19,20,21,22,23,24,25,26,27,28,29,30,31,32,33,34,35,36,37,38,39,40,41,42,43,44,45,46,47,48,49,50,51,52,53,54,55,56,57,58,59,60,61,62,63,64,65,66,67,68,69,70,71,72,73,74,75,76,77,78,79,80,81,82,83,84,85,86,87,88,89,90,91,92,93,94,95,96,97,98,99,100
62	0.03201624939823983	73,31,37,62,61,24
63	0.02758453119148964	68
64	0.07918903772002558	39,79,28,31,99,98,93,55
65	0.062202165702679335	1,2,3,4,5,6,7,8,9,10,11,12,13,14,15,16,17,18,19,20,21,22,23,24,25,26,27,28,29,30,31,32,33,34,35,36,37,38,39,40,41,42,43,44,45,46,47,48,49,50,51,52,53,54,55,56,57,58,59,60,61,62,63,64,65,66,67,68,69,70,71,72,73,74,75,76,77,78,79,80,81,82,83,84,85,86,87,88,89,90,91,92,93,94,95,96,97,98,99,100
66	0.04216369447406372	1,2,3,4,5,6,7,8,9,10,11,12,13,14,15,16,17,18,19,20,21,22,23,24,25,26,27,28,29,30,31,32,33,34,35,36,37,38,39,40,41,42,43,44,45,46,47,48,49,50,51,52,53,54,55,56,57,58,59,60,61,62,63,64,65,66,67,68,69,70,71,72,73,74,75,76,77,78,79,80,81,82,83,84,85,86,87,88,89,90,91,92,93,94,95,96,97,98,99,100
67	0.023842257009333026	75,60,99,28,54,26
68	0.047426785871698754	34,31,69,1,80,29,43,60
69	0.03629318468781579	58
7	0.0419892934524897	8,92,97
70	0.033036742765584146	94
71	0.03788708071306389	64,18,43,80
72	0.06780769634179816	81,13,58
73	0.036706199388239304	91,64
74	0.04017381899641252	89
75	0.08912022001528186	45,44,28,41,70,24,83,78,84
76	0.09611754085799103	1,2,3,4,5,6,7,8,9,10,11,12,13,14,15,16,17,18,19,20,21,22,23,24,25,26,27,28,29,30,31,32,33,34,35,36,37,38,39,40,41,42,43,44,45,46,47,48,49,50,51,52,53,54,55,56,57,58,59,60,61,62,63,64,65,66,67,68,69,70,71,72,73,74,75,76,77,78,79,80,81,82,83,84,85,86,87,88,89,90,91,92,93,94,95,96,97,98,99,100
77	0.08713903855946505	87,11,54,77,69,63,58
78	0.03286926423401071	50,93,58,87,57,42,11
79	0.03693336341268563	38,51,58,30,96,69,11,82
8	0.14473717293789043	25,51,9,32,72
80	0.09878062810769175	44,76,92,45,46,59,97,96,94
81	0.056664057180891333	32,46,93,23,5
82	0.07707264683027203	46,6,89
83	0.036018229093102136	10
84	0.08102262746640625	1,2,3,4,5,6,7,8,9,10,11,12,13,14,15,16,17,18,19,20,21,22,23,24,25,26,27,28,29,30,31,32,33,34,35,36,37,38,39,40,41,42,43,44,45,46,47,48,49,50,51,52,53,54,55,56,57,58,59,60,61,62,63,64,65,66,67,68,69,70,71,72,73,74,75,76,77,78,79,80,81,82,83,84,85,86,87,88,89,90,91,92,93,94,95,96,97,98,99,100
85	0.03538580072231258	86,22
86	0.0642402329848419	21,65,24,58,68,83,7
87	0.08963202142989915	44,9,19,26,4,65,12
88	0.10724088491792819	1,2,3,4,5,6,7,8,9,10,11,12,13,14,15,16,17,18,19,20,21,22,23,24,25,26,27,28,29,30,31,32,33,34,35,36,37,38,39,40,41,42,43,44,45,46,47,48,49,50,51,52,53,54,55,56,57,58,59,60,61,62,63,64,65,66,67,68,69,70,71,72,73,74,75,76,77,78,79,80,81,82,83,84,85,86,87,88,89,90,91,92,93,94,95,96,97,98,99,100
89	0.12623289641817342	10,77,18,55
9	0.0708829972239004	13,34,87,86,97,6
90	0.03503102653278391	11,82,14
91	0.07835176102718011	39,29,5
92	0.04372878246259665	9,28,94,34,37,54,48,25,73
93	0.05742572232853923	34
94	0.09301796633768322	49
95	0.04963424325457054	72,98,22,87,85,8
96	0.04060417486201131	99,97,23,1,80,81,32
97	0.070960020240263	62,38,33,59,14,95,7,16,25
98	0.06956679853509636	22,16,97,64,74,87,94
99	0.05425617717237552	47,84,7,54,33,87,27
