1	0.026167915110710226	98,86
10	0.07370464324317838	53,27,77,97,40
100	0.017972537717297503	69,55,31,17,6,66,15,87
11	0.06431461869134777	8,4
12	0.07657458532949596	18,33
13	0.0499627754779906	77,44,82,23,28
14	0.03283635961070833	47,29,35,34,8,22
15	0.057058697039906646	76
16	0.05938849445246934	79,24,88,3,76,59
17	0.027166346948687848	33,38,21,54,12,58,8
18	0.08949127917243035	19,53,84,26,70,8,90,59,75
19	0.03554246880553151	1,2,3,4,5,6,7,8,9,10,11,12,13,14,15,16,17,18,19,20,21,22,23,24,25,26,27,28,29,30,31,32,33,34,35,36,37,38,39,40,41,42,43,44,45,46,47,48,49,50,51,52,53,54,55,56,57,58,59,60,61,62,63,64,65,66,67,68,69,70,71,72,73,74,75,76,77,78,79,80,81,82,83,84,85,86,87,88,89,90,91,92,93,94,95,96,97,98,99,100
2	0.04484689150523458	54,4,57,34,36
20	0.05313327806733003	2,51,72,36,44
21	0.030630339751712372	78,47,11,83,80,25
22	0.0641035604866448	64,88,12
23	0.04973047023510712	92,8,54,4,89,66
24	0.04994841556277527	7,31,32,42,16,89,35
25	0.0810735608634871	8,75,39
26	0.08801409904043263	36,5
27	0.054698536989366726	74,5,32,41
28	0.04716318852956661	99,52,43
29	0.05897372697365128	91,18,8,34,37,38,80
3	0.07551399644618642	54,39,75,16,11,73,65
30	0.025437223728488195	1,2,3,4,5,6,7,8,9,10,11,12,13,14,15,16,17,18,19,20,21,22,23,24,25,26,27,28,29,30,31,32,33,34,35,36,37,38,39,40,41,42,43,44,45,46,47,48,49,50,51,52,53,54,55,56,57,58,59,60,61,62,63,64,65,66,67,68,69,70,71,72,73,74,75,76,77,78,79,80,81,82,83,84,85,86,87,88,89,90,91,92,93,94,95,96,97,98,99,100
31	0.04886282621744435	88,40,53,13,57,9,41,93
32	0.1607509835929436	71,8,95,48,55,94,81,34
33	0.06400734731364524	93,44,42,43,31,17
34	0.11761270895734097	54,88,59,91,12
35	0.03809380010133	21,65,25,54,56,11,73,4
36	0.07336007281048851	1,2,3,4,5,6,7,8,9,10,11,12,13,14,15,16,17,18,19,20,21,22,23,24,25,26,27,28,29,30,31,32,33,34,35,36,37,38,39,40,41,42,43,44,45,46,47,48,49,50,51,52,53,54,55,56,57,58,59,60,61,62,63,64,65,66,67,68,69,70,71,72,73,74,75,76,77,78,79,80,81,82,83,84,85,86,87,88,89,90,91,92,93,94,95,96,97,98,99,100
37	0.03131095111700621	27,26,54,32,36,8
38	0.03774986469105043	55,72,86,39,75
39	0.08538371094355235	50
4	0.08029912891453604	32
40	0.058879743174340575	75,84
41	0.1101945617861887	15,89,61
42	0.03460445447507845	4,93,76,86
43	0.052188731225460125	80,82
44	0.06908109684955394	64,98,50,16
45	0.03396039944832656	1,2,3,4,5,6,7,8,9,10,11,12,13,14,15,16,17,18,19,20,21,22,23,24,25,26,27,28,29,30,31,32,33,34,35,36,37,38,39,40,41,42,43,44,45,46,47,48,49,50,51,52,53,54,55,56,57,58,59,60,61,62,63,64,65,66,67,68,69,70,71,72,73,74,75,76,77,78,79,80,81,82,83,84,85,86,87,88,89,90,91,92,93,94,95,96,97,98,99,100
46	0.0563316804973253	30,20,25,59,91,11,62,67,26
47	0.048588577633056	88
48	0.06875218996778051	41
49	0.12909684500982083	58,89,59,94,41,51,87,85,29
5	0.09576967004206345	27,20,87,49,25
50	0.1067456758918899	80,49,48,47,32
51	0.06465168298566089	54,84,82
52	0.03037666504534442	15,72,24,76
53	0.04165180171258669	8,23,9
54	0.11038251563769802	2,22,59,40,90,95,55,48,77
55	0.0944129169252106	80,91,20,65,66
56	0.024892839300399257	43,66,76,77,38,39,40,67,59
57	0.03228660397867832	1,2,3,4,5,6,7,8,9,10,11,12,13,14,15,16,17,18,19,20,21,22,23,24,25,26,27,28,29,30,31,32,33,34,35,36,37,38,39,40,41,42,43,44,45,46,47,48,49,50,51,52,53,54,55,56,57,58,59,60,61,62,63,64,65,66,67,68,69,70,71,72,73,74,75,76,77,78,79,80,81,82,83,84,85,86,87,88,89,90,91,92,93,94,95,96,97,98,99,100
58	0.10492580643233859	98,99,40,55,35,2,96,12,3
59	0.0981255695192058	3,26
6	0.04930783017244649	74,71,40,56,98,79,22,48,78
60	0.024611738412950723	77,15,96,61,59,25,4,35
61	0.0538585665631752	1,2,3,4,5,6,7,8,9,10,11,12,13,14,15,16,17,18,19,20,21,22,23,24,25,26,27,28,29,30,31,32,33,34,35,36,37,38,39,40,41,42,43,44,45,46,47,48,49,50,51,52,53,54,55,56,57,58,59,60,61,62,63,64,65,66,67,68,69,70,71,72,73,74,75,76,77,78,79,80,81,82,83,84,85,86,87,88,89,90,91,92,93,94,95,96,97,98,99,100
62	0.03204605909694074	73,31,37,62,61,24
63	0.027608838434804182	68
64	0.07928584435699482	39,79,28,31,99,98,93,55
65	0.06228236016445028	1,2,3,4,5,6,7,8,9,10,11,12,13,14,15,16,17,18,19,20,21,22,23,24,25,26,27,28,29,30,31,32,33,34,35,36,37,38,39,40,41,42,43,44,45,46,47,48,49,50,51,52,53,54,55,56,57,58,59,60,61,62,63,64,65,66,67,68,69,70,71,72,73,74,75,76,77,78,79,80,81,82,83,84,85,86,87,88,89,90,91,92,93,94,95,96,97,98,99,100
66	0.04220948051408554	1,2,3,4,5,6,7,8,9,10,11,12,13,14,15,16,17,18,19,20,21,22,23,24,25,26,27,28,29,30,31,32,33,34,35,36,37,38,39,40,41,42,43,44,45,46,47,48,49,50,51,52,53,54,55,56,57,58,59,60,61,62,63,64,65,66,67,68,69,70,71,72,73,74,75,76,77,78,79,80,81,82,83,84,85,86,87,88,89,90,91,92,93,94,95,96,97,98,99,100
67	0.02385953372010543	75,60,99,28,54,26
68	0.047468526704621775	34,31,69,1,80,29,43,60
69	0.03632847723118987	58
7	0.04203276117453778	8,92,97
70	0.03307089326786446	94
71	0.037928854582923166	64,18,43,80
72	0.0678920431990029	81,13,58
73	0.03674330594065747	91,64
74	0.04021570430544572	89
75	0.08923696414517028	45,44,28,41,70,24,83,78,84
76	0.09623777275175865	1,2,3,4,5,6,7,8,9,10,11,12,13,14,15,16,17,18,19,20,21,22,23,24,25,26,27,28,29,30,31,32,33,34,35,36,37,38,39,40,41,42,43,44,45,46,47,48,49,50,51,52,53,54,55,56,57,58,59,60,61,62,63,64,65,66,67,68,69,70,71,72,73,74,75,76,77,78,79,80,81,82,83,84,85,86,87,88,89,90,91,92,93,94,95,96,97,98,99,100
77	0.08725474616120597	87,11,54,77,69,63,58
78	0.032900310068932355	50,93,58,87,57,42,11
79	0.0369717273943159	38,51,58,30,96,69,11,82
8	0.14493189016271152	25,51,9,32,72
80	0.09890826918635115	44,76,92,45,46,59,97,96,94
81	0.05673402030243848	32,46,93,23,5
82	0.07716577605772655	46,6,89
83	0.03605283030216133	10
84	0.08112910681892338	1,2,3,4,5,6,7,8,9,10,11,12,13,14,15,16,17,18,19,20,21,22,23,24,25,26,27,28,29,30,31,32,33,34,35,36,37,38,39,40,41,42,43,44,45,46,47,48,49,50,51,52,53,54,55,56,57,58,59,60,61,62,63,64,65,66,67,68,69,70,71,72,73,74,75,76,77,78,79,80,81,82,83,84,85,86,87,88,89,90,91,92,93,94,95,96,97,98,99,100
85	0.035424437142192164	86,22
86	0.06430782501064039	21,65,24,58,68,83,7
87	0.08975472933638437	44,9,19,26,4,65,12
88	0.10737887919671348	1,2,3,4,5,6,7,8,9,10,11,12,13,14,15,16,17,18,19,20,21,22,23,24,25,26,27,28,29,30,31,32,33,34,35,36,37,38,39,40,41,42,43,44,45,46,47,48,49,50,51,52,53,54,55,56,57,58,59,60,61,62,63,64,65,66,67,68,69,70,71,72,73,74,75,76,77,78,79,80,81,82,83,84,85,86,87,88,89,90,91,92,93,94,95,96,97,98,99,100
89	0.12640320492860369	10,77,18,55
9	0.07097367405960056	13,34,87,86,97,6
90	0.03506849979960627	11,82,14
91	0.07845234897327923	39,29,5
92	0.04377428625605633	9,28,94,34,37,54,48,25,73
93	0.05749189894216186	34
94	0.09313947407656392	49
95	0.04969583070039221	72,98,22,87,85,8
96	0.040647394697184314	99,97,23,1,80,81,32
97	0.0710465990790892	62,38,33,59,14,95,7,16,25
98	0.0696497584576784	22,16,97,64,74,87,94
99	0.05431701725771014	47,84,7,54,33,87,27
