1	0.026379543844327315	98,86
10	0.0746425476818517	53,27,77,97,40
100	0.018058401446829013	69,55,31,17,6,66,15,87
11	0.06516439983254195	8,4
12	0.07766784201776938	18,33
13	0.05059747091219384	77,44,82,23,28
14	0.033166326009265286	47,29,35,34,8,22
15	0.05782338985803777	76
16	0.06020886482320657	79,24,88,3,76,59
17	0.027407800373296178	33,38,21,54,12,58,8
18	0.09082282424605406	19,53,84,26,70,8,90,59,75
19	0.03596980803986126	1,2,3,4,5,6,7,8,9,10,11,12,13,14,15,16,17,18,19,20,21,22,23,24,25,26,27,28,29,30,31,32,33,34,35,36,37,38,39,40,41,42,43,44,45,46,47,48,49,50,51,52,53,54,55,56,57,58,59,60,61,62,63,64,65,66,67,68,69,70,71,72,73,74,75,76,77,78,79,80,81,82,83,84,85,86,87,88,89,90,91,92,93,94,95,96,97,98,99,100
2	0.045421820197837984	54,4,57,34,36
20	0.05387987144668318	2,51,72,36,44
21	0.030908283416830502	78,47,11,83,80,25
22	0.06494908588487418	64,88,12
23	0.050330242859322034	92,8,54,4,89,66
24	0.0505452294531889	7,31,32,42,16,89,35
25	0.08224509621493561	8,75,39
26	0.08935962011430507	36,5
27	0.0554119648383384	74,5,32,41
28	0.047740394296025515	99,52,43
29	0.05976970547136637	91,18,8,34,37,38,80
3	0.07664895264249368	54,39,75,16,11,73,65
30	0.02565820976756354	1,2,3,4,5,6,7,8,9,10,11,12,13,14,15,16,17,18,19,20,21,22,23,24,25,26,27,28,29,30,31,32,33,34,35,36,37,38,39,40,41,42,43,44,45,46,47,48,49,50,51,52,53,54,55,56,57,58,59,60,61,62,63,64,65,66,67,68,69,70,71,72,73,74,75,76,77,78,79,80,81,82,83,84,85,86,87,88,89,90,91,92,93,94,95,96,97,98,99,100
31	0.049435581776299836	88,40,53,13,57,9,41,93
32	0.16321470428696774	71,8,95,48,55,94,81,34
33	0.06487648768696387	93,44,42,43,31,17
34	0.11930107501152293	54,88,59,91,12
35	0.03850168270453656	21,65,25,54,56,11,73,4
36	0.0744347084446925	1,2,3,4,5,6,7,8,9,10,11,12,13,14,15,16,17,18,19,20,21,22,23,24,25,26,27,28,29,30,31,32,33,34,35,36,37,38,39,40,41,42,43,44,45,46,47,48,49,50,51,52,53,54,55,56,57,58,59,60,61,62,63,64,65,66,67,68,69,70,71,72,73,74,75,76,77,78,79,80,81,82,83,84,85,86,87,88,89,90,91,92,93,94,95,96,97,98,99,100
37	0.03162119283709406	27,26,54,32,36,8
38	0.03816576595118211	55,72,86,39,75
39	0.0866318441218229	50
4	0.08138248494039424	32
40	0.05965456764949457	75,84
41	0.11192443052436367	15,89,61
42	0.03496939731042535	4,93,76,86
43	0.05280743900508357	80,82
44	0.07008137745242464	64,98,50,16
45	0.03434603950742955	1,2,3,4,5,6,7,8,9,10,11,12,13,14,15,16,17,18,19,20,21,22,23,24,25,26,27,28,29,30,31,32,33,34,35,36,37,38,39,40,41,42,43,44,45,46,47,48,49,50,51,52,53,54,55,56,57,58,59,60,61,62,63,64,65,66,67,68,69,70,71,72,73,74,75,76,77,78,79,80,81,82,83,84,85,86,87,88,89,90,91,92,93,94,95,96,97,98,99,100
46	0.05707130517649619	30,20,25,59,91,11,62,67,26
47	0.04919831835890014	88
48	0.06977568034491541	41
49	0.1311430711298925	58,89,59,94,41,51,87,85,29
5	0.097231288480251	27,20,87,49,25
50	0.10837870620013812	80,49,48,47,32
51	0.06559709716975005	54,84,82
52	0.0306549306970302	15,72,24,76
53	0.04214479022733594	8,23,9
54	0.11200150527294356	2,22,59,40,90,95,55,48,77
55	0.09584404413657953	80,91,20,65,66
56	0.025097038663082966	43,66,76,77,38,39,40,67,59
57	0.032608011141315785	1,2,3,4,5,6,7,8,9,10,11,12,13,14,15,16,17,18,19,20,21,22,23,24,25,26,27,28,29,30,31,32,33,34,35,36,37,38,39,40,41,42,43,44,45,46,47,48,49,50,51,52,53,54,55,56,57,58,59,60,61,62,63,64,65,66,67,68,69,70,71,72,73,74,75,76,77,78,79,80,81,82,83,84,85,86,87,88,89,90,91,92,93,94,95,96,97,98,99,100
58	0.10636453338191271	98,99,40,55,35,2,96,12,3
59	0.09963058056260085	3,26
6	0.04991398294221097	74,71,40,56,98,79,22,48,78
60	0.02478699278703573	77,15,96,61,59,25,4,35
61	0.054597809324593495	1,2,3,4,5,6,7,8,9,10,11,12,13,14,15,16,17,18,19,20,21,22,23,24,25,26,27,28,29,30,31,32,33,34,35,36,37,38,39,40,41,42,43,44,45,46,47,48,49,50,51,52,53,54,55,56,57,58,59,60,61,62,63,64,65,66,67,68,69,70,71,72,73,74,75,76,77,78,79,80,81,82,83,84,85,86,87,88,89,90,91,92,93,94,95,96,97,98,99,100
62	0.03237515503133683	73,31,37,62,61,24
63	0.027877187841199295	68
64	0.08035457943442147	39,79,28,31,99,98,93,55
65	0.06316769857711464	1,2,3,4,5,6,7,8,9,10,11,12,13,14,15,16,17,18,19,20,21,22,23,24,25,26,27,28,29,30,31,32,33,34,35,36,37,38,39,40,41,42,43,44,45,46,47,48,49,50,51,52,53,54,55,56,57,58,59,60,61,62,63,64,65,66,67,68,69,70,71,72,73,74,75,76,77,78,79,80,81,82,83,84,85,86,87,88,89,90,91,92,93,94,95,96,97,98,99,100
66	0.04271495357419563	1,2,3,4,5,6,7,8,9,10,11,12,13,14,15,16,17,18,19,20,21,22,23,24,25,26,27,28,29,30,31,32,33,34,35,36,37,38,39,40,41,42,43,44,45,46,47,48,49,50,51,52,53,54,55,56,57,58,59,60,61,62,63,64,65,66,67,68,69,70,71,72,73,74,75,76,77,78,79,80,81,82,83,84,85,86,87,88,89,90,91,92,93,94,95,96,97,98,99,100
67	0.02405026678762119	75,60,99,28,54,26
68	0.04792934110435999	34,31,69,1,80,29,43,60
69	0.036718103193379675	58
7	0.04251264024835835	8,92,97
70	0.0334479112166471	94
71	0.03839003370696081	64,18,43,80
72	0.06882322361996651	81,13,58
73	0.03715295837165899	91,64
74	0.04067811370622572	89
75	0.0905258070448031	45,44,28,41,70,24,83,78,84
76	0.09756512019732122	1,2,3,4,5,6,7,8,9,10,11,12,13,14,15,16,17,18,19,20,21,22,23,24,25,26,27,28,29,30,31,32,33,34,35,36,37,38,39,40,41,42,43,44,45,46,47,48,49,50,51,52,53,54,55,56,57,58,59,60,61,62,63,64,65,66,67,68,69,70,71,72,73,74,75,76,77,78,79,80,81,82,83,84,85,86,87,88,89,90,91,92,93,94,95,96,97,98,99,100
77	0.08853214589924684	87,11,54,77,69,63,58
78	0.03324305281702796	50,93,58,87,57,42,11
79	0.03739526171139952	38,51,58,30,96,69,11,82
8	0.14708154781905083	25,51,9,32,72
80	0.10031741325285759	44,76,92,45,46,59,97,96,94
81	0.05750640579649905	32,46,93,23,5
82	0.07819391292137785	46,6,89
83	0.03643482400631846	10
84	0.08230462765736324	1,2,3,4,5,6,7,8,9,10,11,12,13,14,15,16,17,18,19,20,21,22,23,24,25,26,27,28,29,30,31,32,33,34,35,36,37,38,39,40,41,42,43,44,45,46,47,48,49,50,51,52,53,54,55,56,57,58,59,60,61,62,63,64,65,66,67,68,69,70,71,72,73,74,75,76,77,78,79,80,81,82,83,84,85,86,87,88,89,90,91,92,93,94,95,96,97,98,99,100
85	0.03585097914885778	86,22
86	0.0650540338573351	21,65,24,58,68,83,7
87	0.09110941170160271	44,9,19,26,4,65,12
88	0.10890232150231227	1,2,3,4,5,6,7,8,9,10,11,12,13,14,15,16,17,18,19,20,21,22,23,24,25,26,27,28,29,30,31,32,33,34,35,36,37,38,39,40,41,42,43,44,45,46,47,48,49,50,51,52,53,54,55,56,57,58,59,60,61,62,63,64,65,66,67,68,69,70,71,72,73,74,75,76,77,78,79,80,81,82,83,84,85,86,87,88,89,90,91,92,93,94,95,96,97,98,99,100
89	0.1282833929485535	10,77,18,55
9	0.07197473677654284	13,34,87,86,97,6
90	0.03548220071901234	11,82,14
91	0.07956282930528735	39,29,5
92	0.04427664334384445	9,28,94,34,37,54,48,25,73
93	0.05822248178748943	34
94	0.09448090671781659	49
95	0.05037574961648495	72,98,22,87,85,8
96	0.04112453712600986	99,97,23,1,80,81,32
97	0.07200242034210749	62,38,33,59,14,95,7,16,25
98	0.07056562726646774	22,16,97,64,74,87,94
99	0.05498868539273011	47,84,7,54,33,87,27
