1	0.026150540256521276	98,86
10	0.07362764068976019	53,27,77,97,40
100	0.017965488250265157	69,55,31,17,6,66,15,87
11	0.06424485111693368	8,4
12	0.07648482825716815	18,33
13	0.0499106665774875	77,44,82,23,28
14	0.0328092691586501	47,29,35,34,8,22
15	0.056995915271158694	76
16	0.05932114152109329	79,24,88,3,76,59
17	0.027146523468320576	33,38,21,54,12,58,8
18	0.08938195847147994	19,53,84,26,70,8,90,59,75
19	0.03550738398146812	1,2,3,4,5,6,7,8,9,10,11,12,13,14,15,16,17,18,19,20,21,22,23,24,25,26,27,28,29,30,31,32,33,34,35,36,37,38,39,40,41,42,43,44,45,46,47,48,49,50,51,52,53,54,55,56,57,58,59,60,61,62,63,64,65,66,67,68,69,70,71,72,73,74,75,76,77,78,79,80,81,82,83,84,85,86,87,88,89,90,91,92,93,94,95,96,97,98,99,100
2	0.044799689492387273	54,4,57,34,36
20	0.05307198227406521	2,51,72,36,44
21	0.03060752039929439	78,47,11,83,80,25
22	0.0640341423114461	64,88,12
23	0.04968122851960751	92,8,54,4,89,66
24	0.04989941676121053	7,31,32,42,16,89,35
25	0.08097737706291924	8,75,39
26	0.08790363090093606	36,5
27	0.05463996410732779	74,5,32,41
28	0.047115799567501435	99,52,43
29	0.058908376630628576	91,18,8,34,37,38,80
3	0.07542081581761752	54,39,75,16,11,73,65
30	0.025419080633544984	1,2,3,4,5,6,7,8,9,10,11,12,13,14,15,16,17,18,19,20,21,22,23,24,25,26,27,28,29,30,31,32,33,34,35,36,37,38,39,40,41,42,43,44,45,46,47,48,49,50,51,52,53,54,55,56,57,58,59,60,61,62,63,64,65,66,67,68,69,70,71,72,73,74,75,76,77,78,79,80,81,82,83,84,85,86,87,88,89,90,91,92,93,94,95,96,97,98,99,100
31	0.04881580262026566	88,40,53,13,57,9,41,93
32	0.16054871055048164	71,8,95,48,55,94,81,34
33	0.06393599033390991	93,44,42,43,31,17
34	0.11747409302599954	54,88,59,91,12
35	0.03806031267910805	21,65,25,54,56,11,73,4
36	0.07327184453859237	1,2,3,4,5,6,7,8,9,10,11,12,13,14,15,16,17,18,19,20,21,22,23,24,25,26,27,28,29,30,31,32,33,34,35,36,37,38,39,40,41,42,43,44,45,46,47,48,49,50,51,52,53,54,55,56,57,58,59,60,61,62,63,64,65,66,67,68,69,70,71,72,73,74,75,76,77,78,79,80,81,82,83,84,85,86,87,88,89,90,91,92,93,94,95,96,97,98,99,100
37	0.03128548007364767	27,26,54,32,36,8
38	0.037715718931973674	55,72,86,39,75
39	0.08528123841248243	50
4	0.08021018469291594	32
40	0.05881612959008035	75,84
41	0.11005253845798474	15,89,61
42	0.034574492435221676	4,93,76,86
43	0.05213793492160852	80,82
44	0.06899897317321788	64,98,50,16
45	0.03392873815318098	1,2,3,4,5,6,7,8,9,10,11,12,13,14,15,16,17,18,19,20,21,22,23,24,25,26,27,28,29,30,31,32,33,34,35,36,37,38,39,40,41,42,43,44,45,46,47,48,49,50,51,52,53,54,55,56,57,58,59,60,61,62,63,64,65,66,67,68,69,70,71,72,73,74,75,76,77,78,79,80,81,82,83,84,85,86,87,88,89,90,91,92,93,94,95,96,97,98,99,100
46	0.05627095683879586	30,20,25,59,91,11,62,67,26
47	0.0485385175300466	88
48	0.06866816075415445	41
49	0.12892884853851824	58,89,59,94,41,51,87,85,29
5	0.09564967023480937	27,20,87,49,25
50	0.10661160306063007	80,49,48,47,32
51	0.06457406387734792	54,84,82
52	0.030353819257623683	15,72,24,76
53	0.041611327040673336	8,23,9
54	0.11024959555465884	2,22,59,40,90,95,55,48,77
55	0.09429542046715207	80,91,20,65,66
56	0.024876074402308754	43,66,76,77,38,39,40,67,59
57	0.032260216245355605	1,2,3,4,5,6,7,8,9,10,11,12,13,14,15,16,17,18,19,20,21,22,23,24,25,26,27,28,29,30,31,32,33,34,35,36,37,38,39,40,41,42,43,44,45,46,47,48,49,50,51,52,53,54,55,56,57,58,59,60,61,62,63,64,65,66,67,68,69,70,71,72,73,74,75,76,77,78,79,80,81,82,83,84,85,86,87,88,89,90,91,92,93,94,95,96,97,98,99,100
58	0.1048076860309198	98,99,40,55,35,2,96,12,3
59	0.09800200715135109	3,26
6	0.04925806464292274	74,71,40,56,98,79,22,48,78
60	0.024597349916910233	77,15,96,61,59,25,4,35
61	0.053797874260337365	1,2,3,4,5,6,7,8,9,10,11,12,13,14,15,16,17,18,19,20,21,22,23,24,25,26,27,28,29,30,31,32,33,34,35,36,37,38,39,40,41,42,43,44,45,46,47,48,49,50,51,52,53,54,55,56,57,58,59,60,61,62,63,64,65,66,67,68,69,70,71,72,73,74,75,76,77,78,79,80,81,82,83,84,85,86,87,88,89,90,91,92,93,94,95,96,97,98,99,100
62	0.032019040110546085	73,31,37,62,61,24
63	0.027586806777154887	68
64	0.07919810052457882	39,79,28,31,99,98,93,55
65	0.06220967331533933	1,2,3,4,5,6,7,8,9,10,11,12,13,14,15,16,17,18,19,20,21,22,23,24,25,26,27,28,29,30,31,32,33,34,35,36,37,38,39,40,41,42,43,44,45,46,47,48,49,50,51,52,53,54,55,56,57,58,59,60,61,62,63,64,65,66,67,68,69,70,71,72,73,74,75,76,77,78,79,80,81,82,83,84,85,86,87,88,89,90,91,92,93,94,95,96,97,98,99,100
66	0.04216798085302467	1,2,3,4,5,6,7,8,9,10,11,12,13,14,15,16,17,18,19,20,21,22,23,24,25,26,27,28,29,30,31,32,33,34,35,36,37,38,39,40,41,42,43,44,45,46,47,48,49,50,51,52,53,54,55,56,57,58,59,60,61,62,63,64,65,66,67,68,69,70,71,72,73,74,75,76,77,78,79,80,81,82,83,84,85,86,87,88,89,90,91,92,93,94,95,96,97,98,99,100
67	0.02384387441344865	75,60,99,28,54,26
68	0.04743069354809898	34,31,69,1,80,29,43,60
69	0.03629648869085526	58
7	0.04199336279609702	8,92,97
70	0.03303993985348278	94
71	0.03789099148230266	64,18,43,80
72	0.06781559269173303	81,13,58
73	0.036709673214443156	91,64
74	0.04017774019831877	89
75	0.08913114931997669	45,44,28,41,70,24,83,78,84
76	0.09612879667875288	1,2,3,4,5,6,7,8,9,10,11,12,13,14,15,16,17,18,19,20,21,22,23,24,25,26,27,28,29,30,31,32,33,34,35,36,37,38,39,40,41,42,43,44,45,46,47,48,49,50,51,52,53,54,55,56,57,58,59,60,61,62,63,64,65,66,67,68,69,70,71,72,73,74,75,76,77,78,79,80,81,82,83,84,85,86,87,88,89,90,91,92,93,94,95,96,97,98,99,100
77	0.08714987082688734	87,11,54,77,69,63,58
78	0.032872170670417304	50,93,58,87,57,42,11
79	0.03693695495638847	38,51,58,30,96,69,11,82
8	0.1447554018962238	25,51,9,32,72
80	0.09879257755852563	44,76,92,45,46,59,97,96,94
81	0.056670606960083844	32,46,93,23,5
82	0.07708136536458993	46,6,89
83	0.03602146837508556	10
84	0.08103259580732822	1,2,3,4,5,6,7,8,9,10,11,12,13,14,15,16,17,18,19,20,21,22,23,24,25,26,27,28,29,30,31,32,33,34,35,36,37,38,39,40,41,42,43,44,45,46,47,48,49,50,51,52,53,54,55,56,57,58,59,60,61,62,63,64,65,66,67,68,69,70,71,72,73,74,75,76,77,78,79,80,81,82,83,84,85,86,87,88,89,90,91,92,93,94,95,96,97,98,99,100
85	0.035389417771029164	86,22
86	0.0642465607877524	21,65,24,58,68,83,7
87	0.08964350904901733	44,9,19,26,4,65,12
88	0.10725380361046058	1,2,3,4,5,6,7,8,9,10,11,12,13,14,15,16,17,18,19,20,21,22,23,24,25,26,27,28,29,30,31,32,33,34,35,36,37,38,39,40,41,42,43,44,45,46,47,48,49,50,51,52,53,54,55,56,57,58,59,60,61,62,63,64,65,66,67,68,69,70,71,72,73,74,75,76,77,78,79,80,81,82,83,84,85,86,87,88,89,90,91,92,93,94,95,96,97,98,99,100
89	0.1262488402913634	10,77,18,55
9	0.07089148617119974	13,34,87,86,97,6
90	0.03503453468990843	11,82,14
91	0.07836117782880084	39,29,5
92	0.04373304241831319	9,28,94,34,37,54,48,25,73
93	0.057431917623965587	34
94	0.09302934159999643	49
95	0.049640008923143394	72,98,22,87,85,8
96	0.04060822099904549	99,97,23,1,80,81,32
97	0.07096812554294982	62,38,33,59,14,95,7,16,25
98	0.06957456504354713	22,16,97,64,74,87,94
99	0.054261872874856815	47,84,7,54,33,87,27
